93.62600 42.81000 3.45169 4.24644 0.00000 0.21615 0.70050 1000.00000 0.00733 0.00000 0.00000 jb43
84.33400 43.65200 2.29843 6.50642 0.00000 0.18108 0.47759 1000.00000 0.01300 0.00000 0.00000 i045
89.33900 38.11000 6.12040 10.17860 0.00000 0.33067 0.54049 1000.00000 0.02800 0.00000 0.00000 g333
83.15905 38.25744 -2.11135 12.69615 0.00000 0.31362 0.71996 1000.00000 0.00520 0.00000 0.00000 i065
75.76800 37.84000 -2.19236 20.90686 0.00000 0.24067 0.42761 1000.00000 0.00900 0.00000 0.00000 i407
88.74800 44.20400 1.67545 6.40118 0.00000 0.29471 0.26658 1000.00000 0.00200 0.00000 0.00000 i342
87.88700 47.40900 0.49281 4.14416 0.00000 0.21625 0.34906 1000.00000 0.01000 0.00000 0.00000 i311
81.34500 41.60100 2.51019 7.82119 0.00000 0.73765 0.52584 1000.00000 0.02000 0.00000 0.00000 i059
80.23900 41.14300 1.67525 14.98243 0.00000 0.34422 0.30885 1000.00000 0.00900 0.00000 0.00000 i061
86.14800 44.96600 2.50503 3.71816 0.00000 0.25082 0.26774 1000.00000 0.03400 0.00000 0.00000 i333
82.51200 43.78825 1.32272 6.25365 0.00000 0.33362 0.78032 1000.00000 0.01533 0.00000 0.00000 i046
89.12500 41.64400 2.74042 6.71879 0.00000 0.62741 0.40863 1000.00000 0.02700 0.00000 0.00000 i386
86.32100 37.22250 6.70745 14.05492 0.00000 0.81406 0.61062 1000.00000 0.00867 0.00000 0.00000 at3x
73.45965 38.95657 -6.36136 19.91800 0.00000 0.57359 2.08803 1000.00000 0.01150 0.00000 0.00000 krka
70.33977 38.75521 -18.52390 7.45295 0.00000 0.59274 0.57631 1000.00000 -0.05950 0.00000 0.00000 gf05
73.61774 38.56029 -7.16997 20.14906 0.00000 1.01894 0.58279 1000.00000 0.00550 0.00000 0.00000 akba
74.70500 42.78500 -1.36875 2.02225 0.00000 1.59622 1.03625 1000.00000 -0.04000 0.00000 0.00000 alat
71.38148 38.19034 -17.39609 12.19206 0.00000 3.50865 0.61843 1000.00000 -0.02550 0.00000 0.00000 yzgu
71.32441 39.24285 -4.21416 6.39771 0.00000 0.87477 0.98795 1000.00000 -0.07333 0.00000 0.00000 jir0
71.77781 37.29699 -9.19153 17.42827 0.00000 0.18345 0.16239 1000.00000 0.17900 0.00000 0.00000 brao
86.86700 44.18300 2.77414 8.99647 0.00000 0.46098 0.53852 1000.00000 0.00800 0.00000 0.00000 i022
95.37700 37.83400 8.30631 6.09664 0.00000 0.47118 0.48419 1000.00000 0.00667 0.00000 0.00000 y345
89.05600 38.96800 -0.38421 8.88676 0.00000 0.58310 0.61033 1000.00000 0.02100 0.00000 0.00000 sfee
85.42750 37.58200 -1.83418 12.10498 0.00000 0.93005 0.92195 1000.00000 0.03250 0.00000 0.00000 quis
76.97792 40.84425 -0.10883 11.65693 0.00000 0.27568 0.86938 1000.00000 0.02150 0.00000 0.00000 qiqi
88.84900 39.02700 0.41702 9.33516 0.00000 0.54083 0.54083 1000.00000 0.01650 0.00000 0.00000 powr
88.26500 39.44600 0.01969 8.24929 0.00000 1.35463 0.76322 1000.00000 -0.02150 0.00000 0.00000 lobu
95.31800 39.33300 4.93601 3.83291 0.00000 0.71414 0.64031 1000.00000 0.01267 0.00000 0.00000 ga12
78.96607 39.87701 0.14791 16.26097 0.00000 0.21779 0.71372 1000.00000 0.01750 0.00000 0.00000 akta
77.32266 40.31656 1.80614 12.37860 0.00000 0.40157 1.06225 1000.00000 0.00400 0.00000 0.00000 aj02
68.60963 38.74163 0.05687 1.87437 0.00000 1.00687 0.86869 1000.00000 0.05800 0.00000 0.00000 tdpa
68.37073 39.08443 -0.81902 2.45390 0.00000 0.48251 0.52930 1000.00000 -0.02750 0.00000 0.00000 srya
71.67505 38.51807 -12.96870 13.55633 0.00000 2.39870 1.55367 1000.00000 -0.26900 0.00000 0.00000 seda
69.27726 38.85301 -2.24358 4.43915 0.00000 0.73056 1.25084 1000.00000 -0.32600 0.00000 0.00000 obga
70.20123 39.12043 -1.36471 3.81569 0.00000 0.61881 0.50431 1000.00000 -0.10700 0.00000 0.00000 kmra
69.57617 37.98390 -5.07364 5.48544 0.00000 0.56620 0.37680 1000.00000 -0.08700 0.00000 0.00000 gf19
70.58847 37.09773 -10.87618 15.55043 0.00000 1.27872 0.73741 1000.00000 -0.09900 0.00000 0.00000 fyz2
71.66297 38.00319 -12.10564 13.67483 0.00000 1.10806 0.69681 1000.00000 -0.21950 0.00000 0.00000 emta
69.42127 38.58522 -1.08106 2.29462 0.00000 0.79920 0.26315 1000.00000 -0.23800 0.00000 0.00000 duba
73.41514 37.79332 -4.97000 19.51000 0.00000 0.59000 0.82000 1000.00000 0.00000 0.00000 0.00000 bzra
73.10580 38.55378 -6.84502 18.08425 0.00000 0.91502 0.80056 1000.00000 0.00900 0.00000 0.00000 atsa
73.27965 38.90243 -7.50317 14.95911 0.00000 1.60316 0.87093 1000.00000 0.01200 0.00000 0.00000 ajla
73.12010 37.46110 -5.31000 18.85000 0.00000 0.57000 0.63000 1000.00000 0.00000 0.00000 0.00000 abla
71.23276 38.40411 -10.48403 13.07302 0.00000 0.36090 0.56147 1000.00000 -0.30200 0.00000 0.00000 pish
72.36575 37.37560 -6.82902 17.32535 0.00000 0.44902 0.49536 1000.00000 0.05100 0.00000 0.00000 javs
73.78485 37.67811 -6.00749 20.30436 0.00000 0.34224 0.23431 1000.00000 0.03300 0.00000 0.00000 guru
70.29236 40.19404 -1.18269 4.03869 0.00000 0.37577 1.38131 1000.00000 0.01900 0.00000 0.00000 cap1
78.99000 37.11000 -1.79343 17.98920 0.00000 1.47669 0.57293 1000.00000 0.00000 0.00000 0.00000 i417
90.44200 37.27400 6.60202 12.99919 0.00000 0.89022 0.86023 1000.00000 -0.00550 0.00000 0.00000 y196
79.77400 37.13500 -3.12117 17.45659 0.00000 0.63640 0.63640 1000.00000 0.04550 0.00000 0.00000 y035
75.12400 39.69700 -1.14992 14.56847 0.00000 0.88630 0.66002 1000.00000 0.00650 0.00000 0.00000 wuqo
75.51000 39.31100 1.25585 19.76158 0.00000 0.39051 1.25298 1000.00000 -0.01750 0.00000 0.00000 wupa
77.24800 38.41200 -2.59423 20.60796 0.00000 0.63640 0.57009 1000.00000 0.00150 0.00000 0.00000 shac
78.43619 39.95010 -0.86492 17.44380 0.00000 0.76199 0.55172 1000.00000 -0.01200 0.00000 0.00000 sanc
75.40400 40.09400 0.43162 11.44658 0.00000 0.32016 0.33890 1000.00000 0.02500 0.00000 0.00000 qiak
89.63000 38.46900 2.51127 8.94201 0.00000 0.95941 2.60725 1000.00000 -0.04500 0.00000 0.00000 nice
76.69000 37.86200 -3.41372 20.71880 0.00000 1.00000 1.00000 1000.00000 0.03300 0.00000 0.00000 kosr
80.88500 44.12000 -0.26509 4.38586 0.00000 1.26595 0.63514 1000.00000 0.03150 0.00000 0.00000 korg
76.46300 38.65600 -1.47680 20.44653 0.00000 0.39051 0.39051 1000.00000 0.00200 0.00000 0.00000 kizi
77.90600 37.25800 -3.52824 19.35171 0.00000 0.70711 0.72232 1000.00000 0.02750 0.00000 0.00000 keli
90.90700 38.28500 5.76939 6.64648 0.00000 1.30000 1.00000 1000.00000 -0.06200 0.00000 0.00000 hatu
75.47900 38.85300 0.04322 21.90729 0.00000 0.35355 0.35355 1000.00000 0.00400 0.00000 0.00000 gaze
85.14400 37.05700 0.17147 15.09388 0.00000 1.30000 1.10000 1000.00000 0.02100 0.00000 0.00000 atub
85.64600 37.87100 -1.01998 12.59585 0.00000 0.79000 0.81000 1000.00000 0.00500 0.00000 0.00000 at12
86.11900 36.02600 5.53932 14.98034 0.00000 0.80376 0.80872 1000.00000 0.00950 0.00000 0.00000 at08
86.05600 36.25300 2.48072 17.97121 0.00000 0.80376 0.80872 1000.00000 0.02450 0.00000 0.00000 at07
86.25000 36.42800 4.14962 17.01438 0.00000 0.80000 0.82000 1000.00000 0.01300 0.00000 0.00000 at06
86.26400 36.99400 4.90271 14.31954 0.00000 0.81000 0.83000 1000.00000 0.01300 0.00000 0.00000 at04
86.32700 37.33600 5.04449 13.48722 0.00000 0.82000 0.84000 1000.00000 0.01700 0.00000 0.00000 at02
86.38000 37.41300 3.20816 13.29079 0.00000 0.84000 0.87000 1000.00000 0.02100 0.00000 0.00000 at01
71.49677 37.56157 -11.86890 11.96700 0.00000 1.19070 0.90550 1000.00000 0.00000 0.00000 0.00000 shug
70.73578 36.93562 -8.39315 15.81532 0.00000 1.21205 0.54442 1000.00000 -0.10900 0.00000 0.00000 kash
68.66728 37.37260 -8.25072 0.18330 0.00000 1.20958 0.42257 1000.00000 -0.15800 0.00000 0.00000 dusa
70.89490 36.99090 -7.90667 18.34761 0.00000 0.71488 0.68556 1000.00000 0.00400 0.00000 0.00000 bah1
70.19908 37.15119 -7.75443 11.38958 0.00000 0.55604 0.61717 1000.00000 -0.06300 0.00000 0.00000 arg2
70.43921 37.05828 -9.64518 13.10309 0.00000 2.13418 0.45907 1000.00000 -0.00700 0.00000 0.00000 arg1
77.23787 43.30099 -1.17141 2.92424 0.00000 0.60500 1.03200 1000.00000 0.00000 0.00000 0.00000 tal2
70.94610 38.89595 -12.05822 10.84516 0.00000 0.71486 0.82462 1000.00000 0.00000 0.00000 0.00000 shkc
70.21360 38.81640 -16.19000 3.71500 0.00000 0.79839 2.33796 1000.00000 0.00000 0.00000 0.00000 gf01
70.17210 37.94960 -14.91195 8.21085 0.00000 1.46805 0.66085 1000.00000 0.00000 0.00000 0.00000 gf17
76.29818 40.81641 0.02684 11.67741 0.00000 0.25402 0.23431 1000.00000 0.01000 0.00000 0.00000 kul4
75.96714 40.71713 -0.37148 11.50936 0.00000 0.35341 0.53085 1000.00000 0.00800 0.00000 0.00000 aks4
68.61630 37.93440 -7.17766 2.20649 0.00000 0.82956 0.78068 1000.00000 0.01200 0.00000 0.00000 gana
76.74300 42.05500 0.41487 8.15359 0.00000 0.25000 0.25000 1000.00000 0.00700 0.00000 0.00000 vtg4
72.49800 41.98000 -0.78447 2.74749 0.00000 0.39446 0.45600 1000.00000 0.00600 0.00000 0.00000 uzu4
75.08600 43.37900 -1.21967 2.29728 0.00000 0.38079 1.40000 1000.00000 0.00250 0.00000 0.00000 urd1
73.82400 42.32000 -0.57106 1.69863 0.00000 0.45541 0.56527 1000.00000 0.00650 0.00000 0.00000 tus4
77.64100 43.31250 -0.72622 3.22780 0.00000 1.67132 0.48415 1000.00000 0.00350 0.00000 0.00000 tur4
73.16000 41.89500 -0.92418 2.76803 0.00000 0.39446 0.49600 1000.00000 0.01550 0.00000 0.00000 tor4
73.55500 42.20600 -0.03048 3.45845 0.00000 0.38161 0.40746 1000.00000 0.00950 0.00000 0.00000 suu4
72.92000 42.41000 -1.77403 1.80115 0.00000 0.60100 0.49336 1000.00000 0.01350 0.00000 0.00000 ska4
80.12350 42.48150 1.72244 9.08600 0.00000 0.70000 0.70000 1000.00000 0.00400 0.00000 0.00000 sba4
72.25300 39.43000 -6.10748 13.72558 0.00000 1.25000 2.20089 1000.00000 0.02700 0.00000 0.00000 sauk
78.94900 42.73600 0.46429 7.06282 0.00000 0.30006 1.20043 1000.00000 0.00600 0.00000 0.00000 sas4
79.07900 42.14350 1.01389 9.69867 0.00000 0.50061 0.29986 1000.00000 0.00250 0.00000 0.00000 rkt4
73.20100 42.23500 -0.92529 1.41893 0.00000 0.39925 0.67683 1000.00000 0.01050 0.00000 0.00000 otm4
78.34350 43.52550 0.89690 3.19505 0.00000 0.49497 0.49497 1000.00000 0.00950 0.00000 0.00000 kzz4
76.33900 43.89400 -1.01437 0.59197 0.00000 0.45000 0.44721 1000.00000 0.00350 0.00000 0.00000 kut4
70.60100 41.66900 -1.65364 1.04998 0.00000 0.45541 0.56527 1000.00000 0.00950 0.00000 0.00000 kum4
70.94000 42.78300 -1.75221 0.12026 0.00000 0.46098 0.42426 1000.00000 0.04350 0.00000 0.00000 ktau
78.65700 43.44200 0.58159 3.58179 0.00000 0.28284 0.28284 1000.00000 0.00350 0.00000 0.00000 kok4
72.36700 42.59300 -1.59828 0.41120 0.00000 0.48384 0.64500 1000.00000 0.00900 0.00000 0.00000 ken4
71.57900 42.20200 -1.54444 1.36248 0.00000 0.39925 0.50160 1000.00000 0.00700 0.00000 0.00000 kbu4
75.04050 42.61700 -1.01405 3.20182 0.00000 0.37920 0.32016 1000.00000 -0.05650 0.00000 0.00000 els4
74.23750 42.63900 -1.56689 2.42876 0.00000 0.46201 0.24602 1000.00000 -0.01650 0.00000 0.00000 elg4
79.86400 43.40350 1.25323 5.51535 0.00000 0.39051 0.43012 1000.00000 0.01500 0.00000 0.00000 dor4
72.87500 41.96600 -1.14979 2.09321 0.00000 0.41620 0.66575 1000.00000 0.00600 0.00000 0.00000 chy4
71.72100 42.01500 -1.35972 1.60186 0.00000 0.43419 0.58149 1000.00000 0.01250 0.00000 0.00000 cha4
71.79200 41.49500 -1.80229 2.50606 0.00000 0.39650 0.55563 1000.00000 0.00900 0.00000 0.00000 boz4
71.46000 41.36200 -1.49440 2.31132 0.00000 0.30000 0.30000 1000.00000 0.00700 0.00000 0.00000 ala4
72.14500 41.55700 -2.44314 3.02952 0.00000 0.38539 0.40853 1000.00000 0.01050 0.00000 0.00000 akj4
74.89000 42.69000 -1.61865 2.45030 0.00000 0.25110 0.34379 1000.00000 0.04000 0.00000 0.00000 iv16
74.81500 42.74500 -2.12407 3.73280 0.00000 0.34000 0.38000 1000.00000 -0.07000 0.00000 0.00000 iv8a
74.63000 42.77000 -1.81633 2.61159 0.00000 0.30000 0.33000 1000.00000 -0.04000 0.00000 0.00000 iv06
71.80000 40.11000 -2.98466 5.98764 0.00000 0.50000 0.46000 1000.00000 0.08000 0.00000 0.00000 djd5
90.41800 38.37600 6.63015 9.75993 0.00000 1.40000 1.40000 1000.00000 -0.01000 0.00000 0.00000 muli
88.89950 39.24050 -0.39283 8.19125 0.00000 0.91924 1.65086 1000.00000 0.00050 0.00000 0.00000 hotl
71.60800 36.00100 -4.13105 19.03276 0.00000 0.57400 0.49925 1000.00000 -0.02800 0.00000 0.00000 uchu
73.19227 37.67443 -6.43156 18.17817 0.00000 0.71000 0.74000 1000.00000 0.04300 0.00000 0.00000 sasi
74.42732 38.06191 -4.73853 20.09386 0.00000 1.05000 1.13000 1000.00000 0.03000 0.00000 0.00000 kash
79.92600 36.74300 -4.62216 15.74716 0.00000 1.20000 1.10000 1000.00000 0.05800 0.00000 0.00000 p008
76.00000 39.48000 0.49244 16.81282 0.00000 1.30000 1.20000 1000.00000 0.01900 0.00000 0.00000 p007
84.29400 43.26800 2.59193 7.28620 0.00000 1.10000 0.80000 1000.00000 -0.00900 0.00000 0.00000 nana
84.94600 44.38500 3.69582 7.19209 0.00000 1.10000 0.80000 1000.00000 0.02800 0.00000 0.00000 kuyt
77.17500 37.39600 -3.11586 18.52301 0.00000 1.00000 1.00000 1000.00000 0.03100 0.00000 0.00000 koky
86.16900 41.70800 2.78363 9.00317 0.00000 1.00000 0.90000 1000.00000 -0.03900 0.00000 0.00000 kl19
80.78100 41.38000 1.48997 14.75474 0.00000 1.00000 0.80000 1000.00000 -0.01300 0.00000 0.00000 kara
85.15600 36.98600 0.77131 15.49399 0.00000 1.50000 1.40000 1000.00000 0.02000 0.00000 0.00000 grub
82.07800 44.76900 1.50178 4.86629 0.00000 1.20000 1.10000 1000.00000 0.01300 0.00000 0.00000 blzh
76.85600 38.44900 -2.01241 19.12024 0.00000 1.00000 0.80000 1000.00000 -0.23000 0.00000 0.00000 as25
85.45600 37.38700 -0.52815 11.89670 0.00000 1.20000 1.10000 1000.00000 0.02900 0.00000 0.00000 aqin
70.76688 38.57607 -16.52793 9.24284 0.00000 0.57000 0.62000 1000.00000 -0.01500 0.00000 0.00000 hrba
71.26913 38.31464 -14.60200 15.47644 0.00000 0.94000 1.01000 1000.00000 0.00200 0.00000 0.00000 gf14
71.02796 38.46641 -15.19977 10.54746 0.00000 0.66000 0.73000 1000.00000 0.02400 0.00000 0.00000 gf13
70.81086 38.44668 -15.32366 10.60541 0.00000 0.55000 0.60000 1000.00000 -0.07300 0.00000 0.00000 gf12
74.06120 37.52290 -5.48000 19.99000 0.00000 1.72000 1.00000 1000.00000 0.00000 0.00000 0.00000 ynga
70.71050 38.68840 -17.57000 11.04000 0.00000 1.68000 0.92000 1000.00000 0.00000 0.00000 0.00000 gf02
69.93550 38.90640 -3.53000 1.62000 0.00000 0.89000 1.01000 1000.00000 0.00000 0.00000 0.00000 gf07
69.86040 38.00610 -15.22000 6.00000 0.00000 0.86000 0.75000 1000.00000 0.00000 0.00000 0.00000 gf18
68.85870 39.11230 1.57000 6.15000 0.00000 0.61000 1.13000 1000.00000 0.00000 0.00000 0.00000 ygna
75.67163 39.98507 1.68696 14.37310 0.00000 0.42000 0.46000 1000.00000 0.00000 0.00000 0.00000 tl02
78.15874 40.86606 1.50628 16.03312 0.00000 0.16000 0.16000 1000.00000 0.00000 0.00000 0.00000 nj35
77.65893 39.84470 0.94367 16.10826 0.00000 0.28000 0.27000 1000.00000 0.00000 0.00000 0.00000 nj33
77.97955 39.93970 0.57451 17.11118 0.00000 0.24000 0.19000 1000.00000 0.00000 0.00000 0.00000 nj32
77.37491 39.82183 3.06582 14.87598 0.00000 0.20000 0.20000 1000.00000 0.00000 0.00000 0.00000 nj31
77.78555 40.65515 0.51933 15.84495 0.00000 0.32000 0.29000 1000.00000 0.00000 0.00000 0.00000 nj28
77.32059 40.47353 2.24565 13.16024 0.00000 0.18000 0.20000 1000.00000 0.00000 0.00000 0.00000 nj26
77.62087 40.60436 1.58857 14.67723 0.00000 0.15000 0.15000 1000.00000 0.00000 0.00000 0.00000 nj25
77.59527 40.81826 -0.05052 14.66982 0.00000 0.22000 0.24000 1000.00000 0.00000 0.00000 0.00000 nj24
76.94008 39.87462 0.41331 15.95005 0.00000 0.21000 0.19000 1000.00000 0.00000 0.00000 0.00000 nj21
75.79772 40.06746 2.29849 13.31955 0.00000 0.22000 0.20000 1000.00000 0.00000 0.00000 0.00000 nj20
76.16264 40.01209 2.28021 14.47507 0.00000 0.14000 0.16000 1000.00000 0.00000 0.00000 0.00000 nj19
76.28474 40.14320 2.04419 14.85039 0.00000 0.15000 0.17000 1000.00000 0.00000 0.00000 0.00000 nj18
76.01982 40.10546 1.71658 14.43376 0.00000 0.14000 0.15000 1000.00000 0.00000 0.00000 0.00000 nj17
75.97510 39.80999 2.37444 15.06083 0.00000 0.15000 0.15000 1000.00000 0.00000 0.00000 0.00000 nj14
75.93803 39.89645 2.47871 13.84011 0.00000 0.15000 0.15000 1000.00000 0.00000 0.00000 0.00000 nj13
76.08007 40.36318 0.68747 13.66119 0.00000 0.27000 0.28000 1000.00000 0.00000 0.00000 0.00000 nj12
75.88312 40.27778 0.92664 12.77424 0.00000 0.19000 0.20000 1000.00000 0.00000 0.00000 0.00000 nj11
77.19436 40.04964 0.29772 13.01368 0.00000 0.36000 0.38000 1000.00000 0.00000 0.00000 0.00000 kp31
78.28669 40.60224 1.85202 15.11021 0.00000 0.55000 0.63000 1000.00000 0.00000 0.00000 0.00000 kp21
78.11136 40.52430 0.62981 16.09939 0.00000 0.55000 0.61000 1000.00000 0.00000 0.00000 0.00000 kp20
77.79106 40.40482 0.91724 16.12655 0.00000 0.37000 0.39000 1000.00000 0.00000 0.00000 0.00000 kp18
78.36287 40.48960 0.05596 15.96230 0.00000 0.54000 0.60000 1000.00000 0.00000 0.00000 0.00000 kp17
78.17896 40.42889 0.93467 16.29898 0.00000 0.56000 0.61000 1000.00000 0.00000 0.00000 0.00000 kp16
77.99147 40.45312 2.61754 16.60463 0.00000 0.42000 0.46000 1000.00000 0.00000 0.00000 0.00000 kp15
77.49297 40.34224 4.44749 14.34018 0.00000 0.43000 0.47000 1000.00000 0.00000 0.00000 0.00000 kp13
79.04838 40.30917 1.97259 15.46111 0.00000 0.40000 0.43000 1000.00000 0.00000 0.00000 0.00000 kp11
78.84569 40.36635 2.71653 14.22231 0.00000 0.38000 0.41000 1000.00000 0.00000 0.00000 0.00000 kp10
78.67889 40.28526 2.10396 14.98394 0.00000 0.39000 0.42000 1000.00000 0.00000 0.00000 0.00000 kp09
78.31170 40.19858 3.52290 16.33747 0.00000 0.37000 0.41000 1000.00000 0.00000 0.00000 0.00000 kp08
78.11134 40.15625 1.92276 15.60938 0.00000 0.36000 0.39000 1000.00000 0.00000 0.00000 0.00000 kp07
77.93379 40.15090 2.53419 14.88792 0.00000 0.45000 0.51000 1000.00000 0.00000 0.00000 0.00000 kp06
77.76699 40.11799 -0.00562 15.99958 0.00000 0.41000 0.44000 1000.00000 0.00000 0.00000 0.00000 kp05
77.59165 40.11254 2.11597 13.60877 0.00000 0.40000 0.44000 1000.00000 0.00000 0.00000 0.00000 kp04
77.43487 40.10798 3.26750 13.01335 0.00000 0.40000 0.43000 1000.00000 0.00000 0.00000 0.00000 kp03
78.83473 40.14845 0.92669 16.37914 0.00000 0.40000 0.43000 1000.00000 0.00000 0.00000 0.00000 kp02
79.28682 40.48509 1.90945 15.94028 0.00000 0.18000 0.17000 1000.00000 0.00000 0.00000 0.00000 js29
79.06555 39.71688 -2.21316 17.58609 0.00000 0.65000 0.70000 1000.00000 0.00000 0.00000 0.00000 js28
78.99082 40.03849 0.43084 17.27441 0.00000 0.33000 0.34000 1000.00000 0.00000 0.00000 0.00000 js26
78.80858 40.61722 5.80871 16.26155 0.00000 1.11000 1.18000 1000.00000 0.00000 0.00000 0.00000 js23
78.52247 40.55531 2.93781 15.13858 0.00000 0.20000 0.19000 1000.00000 0.00000 0.00000 0.00000 js21
78.20913 40.71712 0.99834 15.86773 0.00000 0.28000 0.27000 1000.00000 0.00000 0.00000 0.00000 js20
78.38822 40.28320 1.75611 15.72965 0.00000 0.18000 0.19000 1000.00000 0.00000 0.00000 0.00000 js19
77.99454 40.54203 1.73176 14.89552 0.00000 0.22000 0.22000 1000.00000 0.00000 0.00000 0.00000 js18
77.90123 40.81614 0.60619 15.61848 0.00000 0.17000 0.19000 1000.00000 0.00000 0.00000 0.00000 js16
77.13034 40.24040 1.73705 12.12514 0.00000 0.21000 0.22000 1000.00000 0.00000 0.00000 0.00000 js15
77.38228 40.79465 0.69069 13.55811 0.00000 0.17000 0.19000 1000.00000 0.00000 0.00000 0.00000 js14
76.94420 40.37995 1.17586 13.71124 0.00000 0.32000 0.30000 1000.00000 0.00000 0.00000 0.00000 js13
76.63485 39.99213 0.04244 13.70169 0.00000 0.35000 0.35000 1000.00000 0.00000 0.00000 0.00000 js11
77.30946 40.22841 0.67436 11.41702 0.00000 0.51000 0.46000 1000.00000 0.00000 0.00000 0.00000 g0bf
82.56600 47.61100 -0.78975 0.56684 0.00000 0.70000 0.70000 1000.00000 0.02800 0.00000 0.00000 ztr4
74.37900 42.30200 -0.83791 2.60417 0.00000 0.40000 0.40000 1000.00000 0.00200 0.00000 0.00000 zkk4
80.88900 49.61900 -2.29869 -0.09990 0.00000 0.70000 0.70000 1000.00000 0.02900 0.00000 0.00000 zes4
75.00900 41.09200 -1.25311 8.17750 0.00000 0.40000 0.40000 1000.00000 0.00600 0.00000 0.00000 zba4
84.85600 47.43400 -0.52523 2.90433 0.00000 0.70000 0.70000 1000.00000 0.03400 0.00000 0.00000 zas4
82.32200 49.93400 -2.47473 0.29925 0.00000 0.70000 0.70000 1000.00000 0.01600 0.00000 0.00000 zar4
73.20700 41.33500 -1.86952 5.48449 0.00000 0.70000 0.60000 1000.00000 -0.00400 0.00000 0.00000 yzg4
75.74100 41.97900 -0.70989 6.37790 0.00000 0.30000 0.30000 1000.00000 0.00700 0.00000 0.00000 yuz4
68.96700 38.85400 -2.24224 4.54031 0.00000 0.60000 0.60000 1000.00000 0.00300 0.00000 0.00000 warz
76.98100 42.02100 -0.14480 8.81853 0.00000 0.40000 0.40000 1000.00000 0.00400 0.00000 0.00000 vtu4
74.99900 42.22100 -0.46686 3.97440 0.00000 0.30000 0.30000 1000.00000 0.00700 0.00000 0.00000 vse4
76.33600 42.18500 0.88692 5.93994 0.00000 0.40000 0.40000 1000.00000 0.00500 0.00000 0.00000 vkr4
78.83300 42.89800 0.88037 5.53062 0.00000 0.50000 0.50000 1000.00000 0.00100 0.00000 0.00000 vke4
79.39200 42.54600 1.24035 8.58543 0.00000 0.40000 0.40000 1000.00000 0.00400 0.00000 0.00000 vka4
77.86300 42.03100 0.03355 9.96259 0.00000 0.40000 0.40000 1000.00000 -0.00700 0.00000 0.00000 vjk4
81.41400 50.66700 -2.65509 0.24663 0.00000 0.70000 0.70000 1000.00000 0.02900 0.00000 0.00000 vav4
79.02200 43.14400 1.09846 4.98258 0.00000 0.40000 0.50000 1000.00000 0.00600 0.00000 0.00000 uzl4
74.78000 41.06900 -1.24733 7.71520 0.00000 0.50000 0.50000 1000.00000 0.00800 0.00000 0.00000 uzg4
74.92900 41.93600 -0.68721 5.05470 0.00000 0.30000 0.30000 1000.00000 0.00400 0.00000 0.00000 uzb4
79.53200 44.47800 -1.98975 3.22389 0.00000 0.80000 0.90000 1000.00000 0.04200 0.00000 0.00000 uyg4
73.47800 41.21900 -1.98827 6.55918 0.00000 0.40000 0.40000 1000.00000 0.00100 0.00000 0.00000 uum4
77.96900 45.73900 -0.92232 2.09168 0.00000 0.60000 0.60000 1000.00000 0.01300 0.00000 0.00000 ush4
76.33800 42.11000 -0.41897 6.24096 0.00000 0.40000 0.40000 1000.00000 0.00100 0.00000 0.00000 urs4
71.95800 42.35400 -0.93651 1.44518 0.00000 0.30000 0.30000 1000.00000 0.01300 0.00000 0.00000 urm4
75.08000 42.34600 -0.45930 3.69522 0.00000 0.50000 0.50000 1000.00000 0.01600 0.00000 0.00000 ulu4
78.92600 42.85800 0.37516 6.05658 0.00000 0.40000 0.40000 1000.00000 0.00400 0.00000 0.00000 ult4
75.95900 41.93400 -0.72051 6.63811 0.00000 0.30000 0.30000 1000.00000 0.00500 0.00000 0.00000 uko4
70.25400 42.28000 -1.76306 1.28563 0.00000 0.40000 0.40000 1000.00000 0.01500 0.00000 0.00000 ugam
73.33400 40.56900 -1.52871 7.01975 0.00000 0.50000 0.50000 1000.00000 0.01700 0.00000 0.00000 tzb4
78.50900 42.63200 -0.23429 7.64026 0.00000 0.30000 0.30000 1000.00000 0.00300 0.00000 0.00000 tyup
71.20300 40.21200 -0.86472 3.84181 0.00000 0.70000 0.60000 1000.00000 0.04500 0.00000 0.00000 tut4
79.29700 43.02900 1.38186 4.75844 0.00000 0.40000 0.40000 1000.00000 0.00700 0.00000 0.00000 tum4
78.94800 42.41500 0.63780 9.66181 0.00000 0.30000 0.30000 1000.00000 0.00700 0.00000 0.00000 tua4
74.79000 42.05500 -0.57393 4.91630 0.00000 0.40000 0.40000 1000.00000 -0.00700 0.00000 0.00000 tsh5
80.12600 45.51400 -2.79554 2.18809 0.00000 0.70000 0.70000 1000.00000 0.03200 0.00000 0.00000 try4
83.63000 50.38200 -2.62217 0.76218 0.00000 0.60000 0.70000 1000.00000 0.00500 0.00000 0.00000 trm4
75.38300 40.57800 -0.30037 10.57928 0.00000 0.40000 0.40000 1000.00000 0.00600 0.00000 0.00000 trg4
77.31100 42.17600 0.05895 8.60991 0.00000 0.30000 0.30000 1000.00000 0.01100 0.00000 0.00000 tos4
77.05200 42.15700 0.46376 7.73825 0.00000 0.40000 0.40000 1000.00000 0.00400 0.00000 0.00000 ton4
75.83700 42.35500 0.21624 4.00387 0.00000 0.30000 0.30000 1000.00000 0.00800 0.00000 0.00000 tok6
75.26300 40.88900 -0.77556 9.44706 0.00000 0.40000 0.40000 1000.00000 0.00600 0.00000 0.00000 thr4
74.72200 41.51100 -1.01287 5.19762 0.00000 0.40000 0.40000 1000.00000 0.00600 0.00000 0.00000 tgu4
71.14600 41.53900 -1.86650 1.72626 0.00000 0.30000 0.30000 1000.00000 0.01100 0.00000 0.00000 ter4
80.86600 46.08100 -1.24612 2.29386 0.00000 0.60000 0.70000 1000.00000 0.03200 0.00000 0.00000 ten4
73.33300 41.78500 -1.43963 3.21874 0.00000 0.40000 0.40000 1000.00000 0.01100 0.00000 0.00000 tem4
78.84200 44.85500 -1.13716 1.83271 0.00000 0.50000 0.50000 1000.00000 0.00500 0.00000 0.00000 tek4
76.59400 42.13700 0.27620 7.21157 0.00000 0.30000 0.30000 1000.00000 0.01200 0.00000 0.00000 teg4
77.55300 42.13700 -0.15071 9.07740 0.00000 0.40000 0.40000 1000.00000 0.00500 0.00000 0.00000 tam4
73.65700 44.23800 -0.43562 1.70696 0.00000 0.70000 0.80000 1000.00000 0.00900 0.00000 0.00000 tald
67.80900 42.23300 -2.83732 0.83238 0.00000 0.70000 0.70000 1000.00000 0.00600 0.00000 0.00000 takr
73.25700 39.73200 -0.57893 8.39799 0.00000 0.60000 0.60000 1000.00000 0.02300 0.00000 0.00000 syt4
80.41200 42.90600 1.05000 6.36809 0.00000 0.40000 0.40000 1000.00000 0.00800 0.00000 0.00000 sum4
78.22600 43.43300 0.74137 2.96233 0.00000 0.60000 0.60000 1000.00000 0.02000 0.00000 0.00000 sug4
75.81400 42.12800 0.19865 4.69764 0.00000 0.80000 0.80000 1000.00000 0.01700 0.00000 0.00000 ste4
77.89000 42.34900 -0.24305 8.56886 0.00000 0.40000 0.40000 1000.00000 -0.00100 0.00000 0.00000 ssr4
78.27500 43.22700 0.52151 3.57584 0.00000 0.50000 0.50000 1000.00000 0.00400 0.00000 0.00000 srt4
73.90100 42.64400 -0.99175 1.87340 0.00000 0.50000 0.60000 1000.00000 0.01400 0.00000 0.00000 sos4
75.42300 41.91400 -1.00577 5.78968 0.00000 0.30000 0.30000 1000.00000 0.00300 0.00000 0.00000 son4
77.62700 41.91800 0.33043 9.79716 0.00000 0.40000 0.40000 1000.00000 -0.00200 0.00000 0.00000 smo4
75.77200 40.47600 0.07961 11.18521 0.00000 0.60000 0.60000 1000.00000 0.01500 0.00000 0.00000 sme4
83.49100 49.54100 -2.84179 0.42469 0.00000 0.60000 0.60000 1000.00000 0.00800 0.00000 0.00000 slp4
76.35400 42.24600 0.69077 5.64613 0.00000 0.40000 0.50000 1000.00000 0.01100 0.00000 0.00000 skt4
79.32200 42.60400 1.74545 9.16470 0.00000 0.40000 0.40000 1000.00000 0.00200 0.00000 0.00000 skr4
77.95900 42.09500 0.03516 9.98858 0.00000 0.40000 0.40000 1000.00000 -0.00200 0.00000 0.00000 sjk4
72.78900 41.30200 -2.65503 4.37136 0.00000 1.00000 1.00000 1000.00000 0.03600 0.00000 0.00000 shy5
79.30400 42.86800 1.16708 5.26051 0.00000 0.40000 0.40000 1000.00000 0.00600 0.00000 0.00000 shl4
71.53200 42.45400 -1.00906 1.43002 0.00000 0.30000 0.30000 1000.00000 0.01000 0.00000 0.00000 shi4
78.93600 43.69000 0.94795 4.15869 0.00000 0.60000 0.60000 1000.00000 0.01800 0.00000 0.00000 she4
80.48700 43.25100 1.17926 6.28888 0.00000 0.50000 0.50000 1000.00000 0.01500 0.00000 0.00000 shd4
75.39700 42.62200 0.05328 4.08342 0.00000 0.40000 0.40000 1000.00000 0.06700 0.00000 0.00000 sha5
78.81300 43.43000 0.72665 4.32441 0.00000 0.40000 0.50000 1000.00000 0.00700 0.00000 0.00000 sgd4
78.74200 43.90000 0.57224 2.90567 0.00000 0.50000 0.60000 1000.00000 0.01700 0.00000 0.00000 sex4
76.04500 42.27500 -0.09630 5.45998 0.00000 0.30000 0.30000 1000.00000 0.00800 0.00000 0.00000 sem4
74.15300 42.05200 -1.05080 3.64291 0.00000 0.30000 0.30000 1000.00000 0.00400 0.00000 0.00000 sdy4
81.18600 47.38100 -2.19992 -0.41677 0.00000 0.70000 0.70000 1000.00000 0.03600 0.00000 0.00000 sdt4
78.40800 43.05700 1.50436 4.41221 0.00000 0.70000 0.70000 1000.00000 0.00400 0.00000 0.00000 saty
71.70100 40.77400 -1.94839 4.87567 0.00000 0.40000 0.40000 1000.00000 0.00300 0.00000 0.00000 sary
85.79400 49.19300 -3.19919 1.76645 0.00000 0.70000 0.70000 1000.00000 0.01100 0.00000 0.00000 sar4
70.88100 41.69700 -1.54072 1.65469 0.00000 0.40000 0.40000 1000.00000 0.01600 0.00000 0.00000 san4
68.24600 39.69400 -1.25492 3.34849 0.00000 0.40000 0.40000 1000.00000 0.00200 0.00000 0.00000 san1
82.55000 49.47100 -2.14333 -0.83733 0.00000 0.70000 0.70000 1000.00000 0.01400 0.00000 0.00000 sal4
76.71500 42.25000 0.98165 5.54481 0.00000 0.40000 0.40000 1000.00000 0.00500 0.00000 0.00000 sak4
79.74000 42.90500 1.36182 8.48106 0.00000 0.60000 0.60000 1000.00000 0.00900 0.00000 0.00000 saaz
76.10300 42.52300 1.12215 4.57657 0.00000 0.40000 0.40000 1000.00000 0.01300 0.00000 0.00000 ryb4
78.90600 42.54800 0.15071 9.05037 0.00000 0.40000 0.40000 1000.00000 -0.00200 0.00000 0.00000 rts4
72.66700 42.70600 -1.33649 1.03715 0.00000 0.50000 0.50000 1000.00000 0.00700 0.00000 0.00000 rtr4
70.39100 39.86400 -1.05121 3.02295 0.00000 0.60000 0.60000 1000.00000 0.04200 0.00000 0.00000 rtc4
75.73200 41.69700 -0.33241 6.57481 0.00000 0.30000 0.30000 1000.00000 0.00400 0.00000 0.00000 rsr4
75.37000 41.76000 0.18464 5.37514 0.00000 0.30000 0.30000 1000.00000 0.00400 0.00000 0.00000 rso4
74.74200 41.72600 -0.79627 4.80282 0.00000 0.40000 0.40000 1000.00000 0.00100 0.00000 0.00000 rkr4
79.14200 41.96400 0.39902 11.21683 0.00000 0.80000 0.80000 1000.00000 0.00800 0.00000 0.00000 rka4
75.19500 43.17400 -1.69278 1.42738 0.00000 0.50000 0.50000 1000.00000 0.01400 0.00000 0.00000 rga4
82.30600 46.12100 0.03901 3.09508 0.00000 0.70000 0.70000 1000.00000 0.03900 0.00000 0.00000 ras4
74.25200 41.91200 -0.96493 4.26890 0.00000 0.30000 0.30000 1000.00000 0.00700 0.00000 0.00000 ral4
73.62700 41.28800 -2.68888 5.49967 0.00000 0.40000 0.40000 1000.00000 0.00000 0.00000 0.00000 pur4
75.08800 40.57800 -0.39144 9.39830 0.00000 0.40000 0.40000 1000.00000 0.00700 0.00000 0.00000 ptu4
78.86100 42.62000 0.75772 7.83691 0.00000 0.40000 0.40000 1000.00000 0.00100 0.00000 0.00000 pto4
82.59800 50.35700 -2.81645 1.07618 0.00000 0.70000 0.70000 1000.00000 0.01000 0.00000 0.00000 pse4
78.29200 42.54700 0.26347 7.78101 0.00000 0.40000 0.40000 1000.00000 0.00000 0.00000 0.00000 ppr4
78.07600 43.20800 0.72612 3.62078 0.00000 0.70000 0.70000 1000.00000 0.01700 0.00000 0.00000 pkz4
80.22800 43.75600 1.02923 5.31616 0.00000 0.40000 0.50000 1000.00000 0.00600 0.00000 0.00000 pdb4
79.06000 42.39600 0.73352 8.99297 0.00000 0.40000 0.40000 1000.00000 -0.00300 0.00000 0.00000 pch4
80.04000 43.99400 1.05342 2.36419 0.00000 0.50000 0.50000 1000.00000 0.02000 0.00000 0.00000 pan0
75.13000 40.84800 -0.97407 9.01072 0.00000 0.40000 0.40000 1000.00000 0.00400 0.00000 0.00000 pak4
74.07600 40.43600 -1.96493 10.02214 0.00000 0.40000 0.40000 1000.00000 -0.00400 0.00000 0.00000 oyt4
77.91800 42.44000 -0.53527 8.37715 0.00000 0.30000 0.30000 1000.00000 0.00300 0.00000 0.00000 orgo
75.98300 41.57700 -0.74901 7.74435 0.00000 0.80000 0.80000 1000.00000 0.03500 0.00000 0.00000 ona4
67.67000 40.29100 -1.28253 2.89508 0.00000 0.40000 0.40000 1000.00000 0.00300 0.00000 0.00000 okt1
74.54900 42.04000 -0.46511 3.75188 0.00000 0.30000 0.30000 1000.00000 0.00500 0.00000 0.00000 ogi4
75.84900 41.43300 -0.85535 10.10699 0.00000 0.70000 0.70000 1000.00000 0.02500 0.00000 0.00000 obo4
78.37400 42.68400 -0.12598 6.40386 0.00000 0.40000 0.40000 1000.00000 0.00200 0.00000 0.00000 ntp4
79.21000 43.13900 0.99394 5.33453 0.00000 0.40000 0.40000 1000.00000 0.00400 0.00000 0.00000 nte4
73.76300 40.88000 -2.92467 8.03602 0.00000 0.40000 0.40000 1000.00000 -0.00300 0.00000 0.00000 nsb4
74.69000 41.82000 -0.68825 5.18929 0.00000 0.40000 0.40000 1000.00000 -0.00100 0.00000 0.00000 nrk4
79.21000 42.66500 0.75266 9.23453 0.00000 0.40000 0.40000 1000.00000 0.00400 0.00000 0.00000 nkr4
78.23800 42.40600 -1.54615 9.66646 0.00000 0.80000 0.80000 1000.00000 0.01200 0.00000 0.00000 njt4
77.94600 42.24800 -0.45205 9.78444 0.00000 0.40000 0.40000 1000.00000 -0.00400 0.00000 0.00000 njk4
75.73000 41.87500 -1.01869 5.87479 0.00000 0.80000 0.80000 1000.00000 0.00300 0.00000 0.00000 ngs4
80.00000 42.59900 2.23260 9.25377 0.00000 0.70000 0.70000 1000.00000 0.01200 0.00000 0.00000 nba4
76.25500 41.44600 -0.36763 9.91912 0.00000 0.40000 0.40000 1000.00000 0.01600 0.00000 0.00000 nar5
73.31800 42.17500 -0.00912 2.41559 0.00000 0.40000 0.40000 1000.00000 0.00700 0.00000 0.00000 mus4
73.79600 38.13700 -6.58430 23.24435 0.00000 0.60000 0.60000 1000.00000 0.00500 0.00000 0.00000 murg
78.11200 42.43900 -0.04084 8.73115 0.00000 0.40000 0.40000 1000.00000 -0.00400 0.00000 0.00000 mun4
76.57200 41.12900 -1.29904 11.50535 0.00000 0.90000 0.90000 1000.00000 0.04700 0.00000 0.00000 mud4
75.03800 41.66900 -0.71215 5.48479 0.00000 0.30000 0.30000 1000.00000 0.00400 0.00000 0.00000 mol4
79.32300 42.75700 0.65820 8.76571 0.00000 0.50000 0.50000 1000.00000 0.00100 0.00000 0.00000 mnj4
73.04500 42.24800 -0.69126 1.74089 0.00000 0.40000 0.40000 1000.00000 0.00900 0.00000 0.00000 mkr4
73.34100 42.52400 -1.48065 1.12082 0.00000 0.50000 0.50000 1000.00000 0.01000 0.00000 0.00000 mer4
70.15700 40.03500 -0.32764 1.15969 0.00000 0.60000 0.60000 1000.00000 0.03300 0.00000 0.00000 mdg4
76.47800 43.15500 -0.93591 2.98039 0.00000 0.40000 0.40000 1000.00000 0.00700 0.00000 0.00000 may1
78.50100 44.22500 -0.99145 1.43818 0.00000 0.60000 0.60000 1000.00000 0.01500 0.00000 0.00000 mat4
73.22100 41.57200 -1.15193 4.68863 0.00000 0.40000 0.40000 1000.00000 0.01200 0.00000 0.00000 ljm4
69.93300 39.77400 -0.63339 2.89954 0.00000 0.60000 0.60000 1000.00000 0.05700 0.00000 0.00000 lam4
75.97700 40.52300 0.97789 11.24229 0.00000 0.70000 0.70000 1000.00000 0.01900 0.00000 0.00000 kzy4
73.32300 39.37900 -5.50246 15.71564 0.00000 0.70000 0.70000 1000.00000 0.01500 0.00000 0.00000 kyzy
75.13500 42.09200 -0.78211 4.61077 0.00000 0.30000 0.30000 1000.00000 0.00600 0.00000 0.00000 kyz4
68.71500 37.87400 -9.58147 7.27292 0.00000 0.80000 0.80000 1000.00000 0.01600 0.00000 0.00000 kurg
72.83200 43.25300 -1.39570 0.88278 0.00000 0.70000 0.70000 1000.00000 0.00300 0.00000 0.00000 kura
75.56900 41.35800 -0.95134 9.03016 0.00000 0.30000 0.30000 1000.00000 0.01200 0.00000 0.00000 kun4
75.76100 41.74900 0.27141 6.38310 0.00000 0.80000 0.80000 1000.00000 0.05000 0.00000 0.00000 kuk4
79.85800 43.63000 1.22442 5.71429 0.00000 0.70000 0.70000 1000.00000 0.02000 0.00000 0.00000 kud4
76.19800 42.89500 -0.84967 1.90354 0.00000 0.50000 0.50000 1000.00000 0.01100 0.00000 0.00000 kty4
73.38500 45.78500 -0.06072 3.03326 0.00000 0.60000 0.60000 1000.00000 0.00100 0.00000 0.00000 ktss
76.38700 42.61900 0.32112 3.65546 0.00000 0.40000 0.40000 1000.00000 0.02200 0.00000 0.00000 kte4
83.99800 47.67000 -1.09337 2.16512 0.00000 0.70000 0.70000 1000.00000 0.02200 0.00000 0.00000 kst4
77.74400 44.59200 -2.43757 1.32936 0.00000 0.60000 0.70000 1000.00000 0.02600 0.00000 0.00000 ksh4
73.66700 41.34400 -1.48710 5.01006 0.00000 0.50000 0.50000 1000.00000 0.00000 0.00000 0.00000 krv4
76.44300 40.73400 -0.12192 12.17003 0.00000 0.70000 0.70000 1000.00000 0.01200 0.00000 0.00000 kru4
75.04800 41.48700 -0.72589 6.08790 0.00000 0.40000 0.40000 1000.00000 0.00500 0.00000 0.00000 krt4
79.92600 43.02700 1.16912 5.83300 0.00000 0.40000 0.40000 1000.00000 0.00500 0.00000 0.00000 krs4
78.16100 43.48300 0.24849 2.64466 0.00000 0.60000 0.60000 1000.00000 0.01400 0.00000 0.00000 krm4
76.43400 41.12200 -0.69561 11.46794 0.00000 0.40000 0.40000 1000.00000 0.00800 0.00000 0.00000 krl6
71.90400 39.49400 -1.43991 5.13165 0.00000 0.60000 0.60000 1000.00000 0.04800 0.00000 0.00000 krk4
85.06600 48.79700 -2.85142 0.56259 0.00000 0.90000 0.90000 1000.00000 0.04900 0.00000 0.00000 krc4
76.07200 41.78100 -0.23662 7.76826 0.00000 0.30000 0.30000 1000.00000 0.00400 0.00000 0.00000 krb4
73.88100 41.80800 -1.06053 3.06920 0.00000 0.50000 0.50000 1000.00000 0.01500 0.00000 0.00000 kovk
76.52000 40.91800 -0.11250 12.79182 0.00000 0.70000 0.70000 1000.00000 0.01000 0.00000 0.00000 kos4
84.95900 49.41200 -2.56835 0.23344 0.00000 0.70000 0.70000 1000.00000 0.01300 0.00000 0.00000 kor4
79.88500 46.95900 -3.22696 0.22157 0.00000 0.80000 0.80000 1000.00000 0.03500 0.00000 0.00000 kol4
76.40800 41.89200 -1.33784 8.56068 0.00000 0.70000 0.70000 1000.00000 0.02400 0.00000 0.00000 kog4
78.82500 43.02400 0.99120 4.82853 0.00000 0.40000 0.40000 1000.00000 0.00100 0.00000 0.00000 kns4
71.46400 39.87500 -1.09907 5.51235 0.00000 0.60000 0.60000 1000.00000 0.03100 0.00000 0.00000 kng4
70.97500 39.74200 -0.68411 4.58060 0.00000 0.60000 0.60000 1000.00000 0.02800 0.00000 0.00000 klm4
75.55000 41.01800 -1.07469 9.52496 0.00000 0.80000 0.70000 1000.00000 0.02900 0.00000 0.00000 kky4
70.22200 43.27100 -1.07292 1.17732 0.00000 0.60000 0.60000 1000.00000 0.00900 0.00000 0.00000 kkt4
75.14600 42.25700 -0.66839 3.91488 0.00000 0.40000 0.40000 1000.00000 0.01000 0.00000 0.00000 kko4
76.20500 41.90200 -0.63123 8.10461 0.00000 0.50000 0.50000 1000.00000 0.02300 0.00000 0.00000 kkd4
74.92800 41.73700 -0.40290 4.95469 0.00000 0.40000 0.40000 1000.00000 0.00100 0.00000 0.00000 kkc4
72.73500 39.67800 -0.96309 7.25682 0.00000 0.60000 0.60000 1000.00000 0.02500 0.00000 0.00000 kkb4
72.89400 41.69500 -1.42997 3.69940 0.00000 0.40000 0.40000 1000.00000 0.01400 0.00000 0.00000 kka4
73.19000 41.00100 -2.69394 6.57933 0.00000 0.50000 0.50000 1000.00000 -0.01500 0.00000 0.00000 kja6
74.06600 42.20400 -0.83472 2.91904 0.00000 0.30000 0.30000 1000.00000 0.00200 0.00000 0.00000 kin4
72.29700 40.36200 -0.50082 4.93751 0.00000 0.60000 0.60000 1000.00000 0.03800 0.00000 0.00000 khz4
73.67200 44.38000 -0.42180 -0.18789 0.00000 0.50000 0.60000 1000.00000 0.00500 0.00000 0.00000 kha4
80.35500 43.40000 1.69439 5.45149 0.00000 0.50000 0.50000 1000.00000 0.00500 0.00000 0.00000 ket4
76.05700 42.75900 -0.15704 2.06411 0.00000 0.50000 0.50000 1000.00000 0.01400 0.00000 0.00000 kek4
69.82400 42.03600 -1.96213 1.27050 0.00000 0.40000 0.40000 1000.00000 0.01700 0.00000 0.00000 kazy
80.00800 42.74000 1.64335 8.45586 0.00000 0.70000 0.60000 1000.00000 0.01700 0.00000 0.00000 kat4
76.84000 41.13200 -0.20685 11.97909 0.00000 0.30000 0.30000 1000.00000 0.00500 0.00000 0.00000 kasu
75.96700 43.04500 -1.22914 3.14019 0.00000 0.70000 0.80000 1000.00000 0.00500 0.00000 0.00000 kast
75.44300 42.30000 -0.17542 3.69588 0.00000 0.30000 0.30000 1000.00000 0.00600 0.00000 0.00000 kas4
76.77600 41.73300 0.03929 9.76143 0.00000 0.40000 0.40000 1000.00000 0.01900 0.00000 0.00000 kar4
76.39700 42.30600 0.49455 4.65856 0.00000 0.40000 0.40000 1000.00000 0.00800 0.00000 0.00000 kal4
72.90400 42.80600 -0.93846 2.70149 0.00000 0.40000 0.40000 1000.00000 0.00800 0.00000 0.00000 kak1
76.10100 41.17300 -1.08168 11.47655 0.00000 0.50000 0.50000 1000.00000 0.02400 0.00000 0.00000 kai4
81.60900 49.52800 -1.52275 0.60069 0.00000 0.80000 0.70000 1000.00000 0.01900 0.00000 0.00000 kab4
80.04700 49.06500 0.33983 -0.23373 0.00000 0.70000 0.70000 1000.00000 0.02500 0.00000 0.00000 k241
75.84400 47.85200 -0.90630 -1.89406 0.00000 0.70000 0.70000 1000.00000 0.02000 0.00000 0.00000 k231
76.06400 49.38500 -0.80507 0.36618 0.00000 0.70000 0.70000 1000.00000 0.02800 0.00000 0.00000 k221
78.40600 49.19400 -2.10505 0.51119 0.00000 0.80000 0.80000 1000.00000 0.05800 0.00000 0.00000 k211
78.90000 50.16800 -1.37753 -0.45169 0.00000 0.70000 0.70000 1000.00000 0.04200 0.00000 0.00000 k201
75.78300 50.80800 -0.78554 -1.01068 0.00000 0.80000 0.70000 1000.00000 0.02100 0.00000 0.00000 k191
73.55300 45.75500 0.12868 -0.52007 0.00000 0.70000 0.70000 1000.00000 0.01800 0.00000 0.00000 k181
74.57100 46.90800 0.12348 -0.54290 0.00000 0.70000 0.70000 1000.00000 0.02500 0.00000 0.00000 k171
73.66000 49.40700 -0.40811 -0.89201 0.00000 0.90000 0.70000 1000.00000 0.05500 0.00000 0.00000 k161
71.84800 51.33800 -0.22859 -0.38489 0.00000 0.70000 0.70000 1000.00000 0.01800 0.00000 0.00000 k151
74.01000 51.69400 -0.27515 -0.99652 0.00000 0.90000 0.70000 1000.00000 0.02500 0.00000 0.00000 k141
69.65000 43.50400 -0.92085 0.72383 0.00000 1.00000 0.80000 1000.00000 0.04000 0.00000 0.00000 k121
69.03400 43.37600 -1.80028 0.65895 0.00000 0.90000 0.80000 1000.00000 0.02500 0.00000 0.00000 k111
67.17600 44.40100 -2.08908 0.66347 0.00000 0.80000 0.80000 1000.00000 0.02200 0.00000 0.00000 k100
66.46200 47.82800 -0.82678 -0.92315 0.00000 0.90000 0.70000 1000.00000 0.04200 0.00000 0.00000 k091
70.01900 49.01300 -1.38229 -1.17763 0.00000 0.80000 0.70000 1000.00000 0.01700 0.00000 0.00000 k081
65.79500 48.05200 -0.35051 -0.19929 0.00000 0.80000 0.70000 1000.00000 0.03700 0.00000 0.00000 k071
66.31600 51.75100 0.18140 0.93750 0.00000 1.00000 0.70000 1000.00000 0.01900 0.00000 0.00000 k051
75.64500 42.10500 -0.99778 5.45193 0.00000 0.30000 0.30000 1000.00000 0.01400 0.00000 0.00000 jua4
78.22400 43.10400 0.31183 3.66231 0.00000 0.40000 0.50000 1000.00000 0.00400 0.00000 0.00000 jni4
73.68600 40.63700 -3.03900 7.71525 0.00000 0.50000 0.50000 1000.00000 0.00400 0.00000 0.00000 jlk4
75.33400 43.01100 -1.21303 1.46578 0.00000 0.40000 0.40000 1000.00000 0.00000 0.00000 0.00000 jjo4
78.27400 42.29700 -0.05608 9.57483 0.00000 0.40000 0.40000 1000.00000 0.00300 0.00000 0.00000 jet4
78.68100 43.25400 1.01428 3.68804 0.00000 0.40000 0.40000 1000.00000 0.00300 0.00000 0.00000 jap4
71.52600 42.90800 -1.46855 0.92896 0.00000 0.60000 0.50000 1000.00000 0.01300 0.00000 0.00000 jam4
77.49000 43.26100 -0.35519 3.35975 0.00000 0.60000 0.80000 1000.00000 0.03800 0.00000 0.00000 isy5
78.21000 41.60100 1.49129 11.15817 0.00000 0.40000 0.50000 1000.00000 -0.00200 0.00000 0.00000 ish4
79.07000 42.01500 1.60413 10.39608 0.00000 0.30000 0.30000 1000.00000 0.00300 0.00000 0.00000 iny4
78.18800 43.95300 -0.81019 1.85194 0.00000 0.70000 0.70000 1000.00000 0.02300 0.00000 0.00000 ili4
73.79600 39.65400 0.39545 9.94435 0.00000 0.70000 0.60000 1000.00000 0.00300 0.00000 0.00000 ikz4
73.06700 42.49300 -0.97165 1.54711 0.00000 0.30000 0.30000 1000.00000 0.00800 0.00000 0.00000 hrt4
73.80200 42.42600 -0.80712 1.14641 0.00000 0.30000 0.30000 1000.00000 -0.00600 0.00000 0.00000 hon4
76.76700 42.64100 0.31190 3.65934 0.00000 0.30000 0.30000 1000.00000 0.01000 0.00000 0.00000 hok4
83.59000 49.82800 -2.30207 -0.54825 0.00000 0.70000 0.70000 1000.00000 0.00400 0.00000 0.00000 heb4
77.13900 42.07100 0.25564 8.56115 0.00000 0.40000 0.40000 1000.00000 0.00900 0.00000 0.00000 gta4
78.62100 43.54600 0.74305 3.77042 0.00000 0.40000 0.40000 1000.00000 0.00500 0.00000 0.00000 gso4
78.92100 43.03900 0.89091 4.85453 0.00000 0.40000 0.40000 1000.00000 0.00300 0.00000 0.00000 gku4
76.72500 42.17100 -0.02526 6.74791 0.00000 0.40000 0.40000 1000.00000 0.00900 0.00000 0.00000 gko4
78.78700 43.66400 0.54941 4.91714 0.00000 0.70000 0.70000 1000.00000 0.01400 0.00000 0.00000 gbl4
68.51500 37.64200 -8.18227 5.72003 0.00000 0.60000 0.60000 1000.00000 0.01200 0.00000 0.00000 gara
84.93100 48.22100 -0.42787 2.92514 0.00000 0.70000 0.70000 1000.00000 0.01900 0.00000 0.00000 gak4
80.30800 43.06100 1.56603 6.03900 0.00000 0.40000 0.40000 1000.00000 0.00100 0.00000 0.00000 ese4
76.42200 41.49400 0.43178 11.26482 0.00000 0.70000 0.70000 1000.00000 0.02500 0.00000 0.00000 eng4
74.45200 41.82100 -0.97846 5.12391 0.00000 0.30000 0.30000 1000.00000 0.00500 0.00000 0.00000 eme4
76.46800 41.82000 -0.54491 8.27829 0.00000 0.30000 0.30000 1000.00000 0.00600 0.00000 0.00000 elb4
76.36700 43.00500 -1.84636 2.45026 0.00000 0.60000 0.60000 1000.00000 0.02000 0.00000 0.00000 ega4
74.36600 41.47600 -1.70264 5.40204 0.00000 0.40000 0.40000 1000.00000 0.00000 0.00000 0.00000 dyu4
68.62500 38.51600 -5.84436 10.75007 0.00000 0.90000 0.90000 1000.00000 0.02600 0.00000 0.00000 dusc
73.61900 40.92500 -3.01527 7.89759 0.00000 0.60000 0.60000 1000.00000 0.00800 0.00000 0.00000 dng4
74.46900 40.98700 -0.84218 7.82908 0.00000 0.50000 0.50000 1000.00000 0.00600 0.00000 0.00000 djr4
73.95600 41.89600 -0.75491 3.98894 0.00000 0.30000 0.30000 1000.00000 0.00500 0.00000 0.00000 dje4
66.10600 38.33800 -3.71740 6.68257 0.00000 0.60000 0.60000 1000.00000 0.02000 0.00000 0.00000 djan
76.49800 41.24500 -0.48802 11.88559 0.00000 0.70000 0.70000 1000.00000 0.01200 0.00000 0.00000 dja4
67.88000 38.23500 -1.82106 3.15205 0.00000 0.50000 0.40000 1000.00000 0.01600 0.00000 0.00000 dena
75.76600 43.24500 -1.00574 1.38415 0.00000 0.50000 0.50000 1000.00000 0.01200 0.00000 0.00000 dege
72.28600 39.57300 -2.15137 7.53440 0.00000 0.60000 0.60000 1000.00000 0.03100 0.00000 0.00000 dat4
75.04100 40.78200 -0.57567 9.18583 0.00000 0.40000 0.40000 1000.00000 0.00500 0.00000 0.00000 dar4
78.45700 43.13700 1.00910 4.52672 0.00000 0.40000 0.40000 1000.00000 0.00000 0.00000 0.00000 dal4
74.00200 43.42300 -1.12702 0.40140 0.00000 0.40000 0.40000 1000.00000 -0.00500 0.00000 0.00000 chu4
76.05200 41.33400 -0.36881 10.56305 0.00000 0.70000 0.70000 1000.00000 0.01900 0.00000 0.00000 cht4
78.97600 43.27100 1.10941 4.47010 0.00000 0.40000 0.40000 1000.00000 0.00100 0.00000 0.00000 chr4
77.07500 42.71900 0.10984 4.44449 0.00000 0.30000 0.30000 1000.00000 0.01800 0.00000 0.00000 cho4
77.84500 43.26700 -0.16427 3.55640 0.00000 0.40000 0.50000 1000.00000 0.00200 0.00000 0.00000 chl4
77.73900 41.52700 0.69778 11.52831 0.00000 0.60000 0.60000 1000.00000 0.00700 0.00000 0.00000 chk4
78.87800 43.58400 0.53926 6.54308 0.00000 0.60000 0.60000 1000.00000 0.00600 0.00000 0.00000 chil
75.75000 40.68600 -0.00472 11.57999 0.00000 0.70000 0.70000 1000.00000 0.02100 0.00000 0.00000 cek4
72.09000 40.19900 -1.60382 7.08048 0.00000 0.40000 0.40000 1000.00000 0.00600 0.00000 0.00000 cauv
68.10400 41.24500 -1.83547 1.91115 0.00000 0.40000 0.40000 1000.00000 0.02000 0.00000 0.00000 car1
75.72900 42.74900 -0.64697 2.27478 0.00000 0.30000 0.30000 1000.00000 0.00400 0.00000 0.00000 bys4
76.43200 42.81100 -0.86430 2.46792 0.00000 0.30000 0.40000 1000.00000 0.00300 0.00000 0.00000 buz4
79.05300 42.26100 1.22376 9.89090 0.00000 0.40000 0.40000 1000.00000 -0.00100 0.00000 0.00000 bur4
75.02000 41.18600 -1.34630 8.47961 0.00000 0.40000 0.40000 1000.00000 0.00400 0.00000 0.00000 btr4
70.76500 40.04800 -0.55587 2.42256 0.00000 0.60000 0.60000 1000.00000 0.03300 0.00000 0.00000 btk4
70.52000 42.56900 -1.45139 1.15819 0.00000 0.60000 0.60000 1000.00000 0.01800 0.00000 0.00000 brl4
71.28300 43.77700 0.22455 0.96259 0.00000 0.70000 0.70000 1000.00000 0.00400 0.00000 0.00000 bost
73.23500 41.64800 -1.34709 4.19177 0.00000 0.40000 0.40000 1000.00000 0.01100 0.00000 0.00000 bor4
83.98400 49.03800 -2.01493 0.16197 0.00000 0.70000 0.70000 1000.00000 0.00700 0.00000 0.00000 bol4
73.21200 42.76800 -1.35350 0.58654 0.00000 0.80000 0.70000 1000.00000 -0.00100 0.00000 0.00000 bok4
75.42600 40.75700 -0.49084 10.49171 0.00000 0.70000 0.70000 1000.00000 0.02000 0.00000 0.00000 bke4
79.41600 45.13700 -1.42114 2.19168 0.00000 0.70000 0.70000 1000.00000 0.03600 0.00000 0.00000 bin4
75.03000 40.64600 -0.38439 9.18271 0.00000 0.40000 0.40000 1000.00000 0.00500 0.00000 0.00000 bet4
70.52400 40.35700 -1.92350 5.35923 0.00000 0.60000 0.60000 1000.00000 0.00800 0.00000 0.00000 besh
75.79500 42.81800 -0.54328 2.19245 0.00000 0.30000 0.30000 1000.00000 0.00600 0.00000 0.00000 bes4
75.65700 42.95700 -0.72702 2.35505 0.00000 0.50000 0.50000 1000.00000 0.01400 0.00000 0.00000 ber4
67.04600 38.17500 -1.87878 5.23126 0.00000 0.60000 0.60000 1000.00000 0.01700 0.00000 0.00000 bays
75.08300 41.07900 -1.15632 8.19725 0.00000 0.40000 0.40000 1000.00000 0.00700 0.00000 0.00000 bay4
75.01900 41.57600 -0.51794 4.87960 0.00000 0.40000 0.40000 1000.00000 0.00300 0.00000 0.00000 bau4
77.61600 42.00800 0.13832 9.79404 0.00000 0.50000 0.50000 1000.00000 0.03600 0.00000 0.00000 bar4
73.98000 45.06900 -1.46344 0.59518 0.00000 0.70000 0.80000 1000.00000 0.01100 0.00000 0.00000 balh
73.26800 39.51300 -2.79254 10.10110 0.00000 0.60000 0.60000 1000.00000 0.02800 0.00000 0.00000 bab4
77.11400 43.89700 0.11416 1.85589 0.00000 0.40000 0.50000 1000.00000 0.00300 0.00000 0.00000 azo4
76.96600 43.05900 -0.65931 3.31437 0.00000 0.50000 0.50000 1000.00000 0.00900 0.00000 0.00000 ast4
78.14800 43.31000 0.33177 3.04053 0.00000 0.50000 0.50000 1000.00000 0.00200 0.00000 0.00000 ass4
81.10500 50.09100 -1.23429 -0.43962 0.00000 0.70000 0.70000 1000.00000 0.02700 0.00000 0.00000 asr4
73.49400 42.70000 -1.97141 0.86334 0.00000 0.50000 0.50000 1000.00000 0.01700 0.00000 0.00000 asp4
73.53800 40.07500 0.63050 7.47478 0.00000 0.70000 0.70000 1000.00000 0.05800 0.00000 0.00000 ask4
74.82700 40.83800 -0.76408 8.12767 0.00000 0.40000 0.40000 1000.00000 0.00800 0.00000 0.00000 arp4
79.65700 46.64900 -0.86010 1.55819 0.00000 0.90000 0.90000 1000.00000 0.06700 0.00000 0.00000 arg4
76.66500 41.69300 0.23870 8.73230 0.00000 0.70000 0.70000 1000.00000 0.02000 0.00000 0.00000 arc4
77.75000 41.86000 0.92317 9.73042 0.00000 0.40000 0.40000 1000.00000 -0.00400 0.00000 0.00000 ara4
70.08200 41.10200 -0.84895 3.83997 0.00000 0.60000 0.60000 1000.00000 0.00300 0.00000 0.00000 angr
69.51400 39.73700 -1.21678 4.18753 0.00000 0.70000 0.60000 1000.00000 0.06000 0.00000 0.00000 and4
77.60300 42.79000 0.10213 4.48991 0.00000 0.30000 0.30000 1000.00000 0.01400 0.00000 0.00000 ana4
74.24400 40.33100 -2.07829 13.36682 0.00000 0.40000 0.40000 1000.00000 0.00600 0.00000 0.00000 alun
77.76300 43.90800 -0.40385 1.03456 0.00000 0.40000 0.40000 1000.00000 0.00300 0.00000 0.00000 alt4
69.73000 40.82900 -1.15124 2.94459 0.00000 0.50000 0.50000 1000.00000 -0.02700 0.00000 0.00000 alm1
76.16700 42.31300 0.10326 4.79422 0.00000 0.40000 0.40000 1000.00000 0.01300 0.00000 0.00000 alb5
76.85400 42.88500 0.02928 2.88323 0.00000 0.40000 0.40000 1000.00000 0.00400 0.00000 0.00000 akk4
78.54200 41.79500 1.59800 10.54960 0.00000 0.40000 0.40000 1000.00000 -0.00500 0.00000 0.00000 akh4
80.13500 47.88200 -3.11915 0.59019 0.00000 0.80000 0.70000 1000.00000 0.03000 0.00000 0.00000 akd4
76.95600 42.07300 0.56119 8.51127 0.00000 0.30000 0.30000 1000.00000 0.00600 0.00000 0.00000 akb4
79.96900 42.89600 1.25820 6.94445 0.00000 0.40000 0.40000 1000.00000 0.00300 0.00000 0.00000 aib4
70.02300 40.80000 -1.46831 4.62341 0.00000 0.60000 0.60000 1000.00000 0.00800 0.00000 0.00000 adra
75.52500 44.13200 -1.31496 0.91771 0.00000 0.40000 0.40000 1000.00000 0.00000 0.00000 0.00000 ada4
72.05000 41.78400 -2.38811 1.97009 0.00000 0.30000 0.30000 1000.00000 0.01000 0.00000 0.00000 abd4
73.75500 42.16800 -0.12561 3.63394 0.00000 0.30000 0.30000 1000.00000 0.00400 0.00000 0.00000 aac4
79.27000 41.99000 -0.60838 11.71616 0.00000 1.42000 1.21000 1000.00000 0.00800 0.00000 0.00000 uch4
76.87000 43.33700 -0.58138 3.42739 0.00000 0.66000 0.55000 1000.00000 0.03700 0.00000 0.00000 atak
75.29000 42.68000 -1.65645 1.90334 0.00000 0.33000 0.38000 1000.00000 -0.02000 0.00000 0.00000 iv12
75.15000 42.65000 -1.80895 1.81992 0.00000 0.34000 0.37000 1000.00000 -0.03000 0.00000 0.00000 iv11
75.03000 42.75000 -1.53269 1.83471 0.00000 0.30000 0.34000 1000.00000 -0.03000 0.00000 0.00000 iv05
74.87000 42.81000 -3.42924 0.50110 0.00000 0.29000 0.32000 1000.00000 -0.04000 0.00000 0.00000 iv04
74.58000 42.66000 -2.91307 1.86219 0.00000 0.32000 0.36000 1000.00000 -0.02000 0.00000 0.00000 iv14
74.48000 42.66000 -1.18574 3.00819 0.00000 0.36000 0.38000 1000.00000 -0.08000 0.00000 0.00000 iv20
74.48000 42.59000 -2.19064 3.16819 0.00000 0.42000 0.44000 1000.00000 -0.01000 0.00000 0.00000 iv21
74.42000 42.78000 -1.70569 0.92058 0.00000 0.60000 0.69000 1000.00000 -0.04000 0.00000 0.00000 iv13
74.07000 42.68000 -2.01737 1.74508 0.00000 0.36000 0.37000 1000.00000 -0.04000 0.00000 0.00000 iv18
91.91000 38.09000 7.34030 5.56940 0.00000 1.40000 1.40000 1000.00000 0.00200 0.00000 0.00000 v303
89.93800 48.98200 2.41298 3.20365 0.00000 0.68000 0.32000 1000.00000 0.10600 0.00000 0.00000 ulgi
91.19800 51.33400 -0.08940 0.77753 0.00000 0.65000 0.32000 1000.00000 0.08100 0.00000 0.00000 chad
91.62900 47.76300 -0.05573 5.16629 0.00000 0.84000 0.47000 1000.00000 0.07600 0.00000 0.00000 hovd
92.07800 49.97100 1.22249 2.39225 0.00000 0.81000 0.39000 1000.00000 0.08200 0.00000 0.00000 ulaa
95.02300 50.25000 -1.00482 1.93496 0.00000 0.89000 0.57000 1000.00000 0.05400 0.00000 0.00000 erzn
91.82100 37.88700 9.08805 11.59141 0.00000 1.50000 1.40000 1000.00000 -0.00600 0.00000 0.00000 mang
85.67700 38.46600 -1.71680 12.16319 0.00000 0.90000 0.94000 1000.00000 0.02500 0.00000 0.00000 at16
86.01100 37.68100 -2.67004 11.92780 0.00000 0.82000 0.85000 1000.00000 0.00500 0.00000 0.00000 at13
86.31700 36.57500 0.49301 13.25411 0.00000 0.84000 0.86000 1000.00000 0.02200 0.00000 0.00000 at05
84.77000 50.94000 -2.98193 0.14041 0.00000 1.50000 1.30000 1000.00000 0.07600 0.00000 0.00000 ustk
95.87300 49.61800 -0.97631 1.74044 0.00000 1.10000 1.00000 1000.00000 0.10800 0.00000 0.00000 tes1
87.89000 50.24000 -2.18374 0.09622 0.00000 1.40000 1.30000 1000.00000 0.06200 0.00000 0.00000 kura
85.44000 50.15000 -2.28256 0.05163 0.00000 1.40000 1.40000 1000.00000 0.08700 0.00000 0.00000 kait
91.62500 47.96300 2.01712 1.96325 0.00000 1.00000 1.00000 1000.00000 0.11100 0.00000 0.00000 hova
88.42000 50.07000 -1.18373 2.70600 0.00000 1.50000 1.40000 1000.00000 0.04200 0.00000 0.00000 chag
90.38000 37.36000 6.62039 17.35018 0.00000 0.50000 0.50000 1000.00000 0.00200 0.00000 0.00000 qmtc
78.07827 36.33382 0.00000 0.00000 0.00080 1000.00000 1000.00000 0.00103 0.00000 0.00000 0.00000 2454
91.10143 38.73857 0.00000 0.00000 0.00038 1000.00000 1000.00000 0.00047 0.00000 0.00000 0.00000 2266
91.99800 38.98800 0.00000 0.00000 0.00064 1000.00000 1000.00000 0.00052 0.00000 0.00000 0.00000 2217
91.94400 38.97200 0.00000 0.00000 0.00048 1000.00000 1000.00000 0.00082 0.00000 0.00000 0.00000 2213
91.45400 38.84800 0.00000 0.00000 0.00053 1000.00000 1000.00000 0.00051 0.00000 0.00000 0.00000 2202
94.33440 39.96500 0.00000 0.00000 0.00127 1000.00000 1000.00000 0.00112 0.00000 0.00000 0.00000 2181
95.63000 40.37750 0.00000 0.00000 0.00172 1000.00000 1000.00000 0.00062 0.00000 0.00000 0.00000 4205
78.81500 36.20750 0.00000 0.00000 0.00075 1000.00000 1000.00000 0.00105 0.00000 0.00000 0.00000 2467
77.95250 36.39000 0.00000 0.00000 0.00094 1000.00000 1000.00000 0.00102 0.00000 0.00000 0.00000 2451
76.93500 37.07750 0.00000 0.00000 0.00041 1000.00000 1000.00000 0.00063 0.00000 0.00000 0.00000 2430
93.32250 36.89750 0.00000 0.00000 0.00021 1000.00000 1000.00000 0.00050 0.00000 0.00000 0.00000 2305
92.80250 39.43500 0.00000 0.00000 0.00017 1000.00000 1000.00000 0.00057 0.00000 0.00000 0.00000 2241
92.65000 39.36250 0.00000 0.00000 0.00019 1000.00000 1000.00000 0.00057 0.00000 0.00000 0.00000 2237
92.58500 39.37000 0.00000 0.00000 -0.00004 1000.00000 1000.00000 0.00081 0.00000 0.00000 0.00000 2234
92.34750 39.22000 0.00000 0.00000 0.00003 1000.00000 1000.00000 0.00058 0.00000 0.00000 0.00000 2229
92.32000 39.16250 0.00000 0.00000 0.00020 1000.00000 1000.00000 0.00082 0.00000 0.00000 0.00000 2226
92.23500 39.05500 0.00000 0.00000 0.00028 1000.00000 1000.00000 0.00058 0.00000 0.00000 0.00000 2223
92.17500 39.02250 0.00000 0.00000 0.00019 1000.00000 1000.00000 0.00082 0.00000 0.00000 0.00000 2220
91.53000 38.87750 0.00000 0.00000 0.00071 1000.00000 1000.00000 0.00082 0.00000 0.00000 0.00000 2205
91.36750 38.82250 0.00000 0.00000 0.00030 1000.00000 1000.00000 0.00081 0.00000 0.00000 0.00000 2199
94.82750 36.03000 0.00000 0.00000 0.00125 1000.00000 1000.00000 0.00037 0.00000 0.00000 0.00000 2097
79.46000 37.14667 0.00000 0.00000 -0.00075 1000.00000 1000.00000 0.00061 0.00000 0.00000 0.00000 2507
79.17333 37.23000 0.00000 0.00000 -0.00108 1000.00000 1000.00000 0.00058 0.00000 0.00000 0.00000 2503
78.91000 37.26333 0.00000 0.00000 -0.00069 1000.00000 1000.00000 0.00058 0.00000 0.00000 0.00000 2499
79.03333 36.08333 0.00000 0.00000 0.00076 1000.00000 1000.00000 0.00106 0.00000 0.00000 0.00000 2471
78.63667 36.22000 0.00000 0.00000 0.00081 1000.00000 1000.00000 0.00104 0.00000 0.00000 0.00000 2463
78.39000 36.26667 0.00000 0.00000 0.00082 1000.00000 1000.00000 0.00084 0.00000 0.00000 0.00000 2460
77.46000 36.42333 0.00000 0.00000 0.00148 1000.00000 1000.00000 0.00081 0.00000 0.00000 0.00000 2446
77.27667 36.45333 0.00000 0.00000 0.00161 1000.00000 1000.00000 0.00080 0.00000 0.00000 0.00000 2443
93.23333 36.89667 0.00000 0.00000 0.00046 1000.00000 1000.00000 0.00072 0.00000 0.00000 0.00000 2303
92.87333 37.04000 0.00000 0.00000 -0.00014 1000.00000 1000.00000 0.00061 0.00000 0.00000 0.00000 2300
91.02667 38.10667 0.00000 0.00000 -0.00078 1000.00000 1000.00000 0.00064 0.00000 0.00000 0.00000 2277
91.10667 38.64667 0.00000 0.00000 0.00022 1000.00000 1000.00000 0.00081 0.00000 0.00000 0.00000 2268
92.73333 39.39000 0.00000 0.00000 0.00024 1000.00000 1000.00000 0.00115 0.00000 0.00000 0.00000 2239
91.83333 38.93667 0.00000 0.00000 0.00041 1000.00000 1000.00000 0.00082 0.00000 0.00000 0.00000 2211
91.74000 38.92000 0.00000 0.00000 0.00045 1000.00000 1000.00000 0.00082 0.00000 0.00000 0.00000 2209
91.63667 38.90000 0.00000 0.00000 0.00065 1000.00000 1000.00000 0.00116 0.00000 0.00000 0.00000 2207
94.48667 40.04667 0.00000 0.00000 0.00159 1000.00000 1000.00000 0.00066 0.00000 0.00000 0.00000 2183
95.42333 37.50000 0.00000 0.00000 -0.00038 1000.00000 1000.00000 0.00063 0.00000 0.00000 0.00000 1333
95.09333 37.98667 0.00000 0.00000 -0.00025 1000.00000 1000.00000 0.00057 0.00000 0.00000 0.00000 1329
94.44000 38.60000 0.00000 0.00000 -0.00011 1000.00000 1000.00000 0.00060 0.00000 0.00000 0.00000 1316
94.36333 39.03333 0.00000 0.00000 -0.00011 1000.00000 1000.00000 0.00061 0.00000 0.00000 0.00000 1310
94.27000 39.51000 0.00000 0.00000 0.00063 1000.00000 1000.00000 0.00074 0.00000 0.00000 0.00000 1301
95.71000 40.40000 0.00000 0.00000 0.00180 1000.00000 1000.00000 0.00129 0.00000 0.00000 0.00000 4207
85.12000 38.20000 0.00000 0.00000 0.00154 1000.00000 1000.00000 0.00103 0.00000 0.00000 0.00000 2545
84.92000 38.17000 0.00000 0.00000 0.00137 1000.00000 1000.00000 0.00103 0.00000 0.00000 0.00000 2542
83.11000 37.29000 0.00000 0.00000 -0.00002 1000.00000 1000.00000 0.00100 0.00000 0.00000 0.00000 2531
80.09000 37.07000 0.00000 0.00000 -0.00139 1000.00000 1000.00000 0.00082 0.00000 0.00000 0.00000 2514
79.90500 37.13500 0.00000 0.00000 -0.00114 1000.00000 1000.00000 0.00112 0.00000 0.00000 0.00000 2511
78.02000 37.63000 0.00000 0.00000 -0.00065 1000.00000 1000.00000 0.00076 0.00000 0.00000 0.00000 2494
78.91000 36.17500 0.00000 0.00000 0.00073 1000.00000 1000.00000 0.00149 0.00000 0.00000 0.00000 2469
77.13500 36.45500 0.00000 0.00000 0.00154 1000.00000 1000.00000 0.00098 0.00000 0.00000 0.00000 2441
77.09000 36.67000 0.00000 0.00000 0.00108 1000.00000 1000.00000 0.00093 0.00000 0.00000 0.00000 2436
94.21500 36.55500 0.00000 0.00000 0.00076 1000.00000 1000.00000 0.00063 0.00000 0.00000 0.00000 2312
92.55000 37.21000 0.00000 0.00000 -0.00024 1000.00000 1000.00000 0.00076 0.00000 0.00000 0.00000 2296
92.44000 37.34500 0.00000 0.00000 0.00006 1000.00000 1000.00000 0.00079 0.00000 0.00000 0.00000 2293
92.18000 37.53000 0.00000 0.00000 0.00044 1000.00000 1000.00000 0.00083 0.00000 0.00000 0.00000 2289
93.01000 39.46000 0.00000 0.00000 0.00007 1000.00000 1000.00000 0.00081 0.00000 0.00000 0.00000 2246
92.50500 39.35500 0.00000 0.00000 -0.00011 1000.00000 1000.00000 0.00115 0.00000 0.00000 0.00000 2232
92.39500 39.27500 0.00000 0.00000 -0.00017 1000.00000 1000.00000 0.00116 0.00000 0.00000 0.00000 2231
91.13500 38.76500 0.00000 0.00000 0.00031 1000.00000 1000.00000 0.00114 0.00000 0.00000 0.00000 2197
95.11000 40.24000 0.00000 0.00000 0.00160 1000.00000 1000.00000 0.00085 0.00000 0.00000 0.00000 2189
95.92000 36.36000 0.00000 0.00000 -0.00012 1000.00000 1000.00000 0.00064 0.00000 0.00000 0.00000 2135
95.37000 36.34000 0.00000 0.00000 0.00010 1000.00000 1000.00000 0.00059 0.00000 0.00000 0.00000 2131
94.77000 36.20500 0.00000 0.00000 0.00070 1000.00000 1000.00000 0.00071 0.00000 0.00000 0.00000 2091
95.48500 37.37500 0.00000 0.00000 0.00039 1000.00000 1000.00000 0.00078 0.00000 0.00000 0.00000 1336
94.73000 38.22000 0.00000 0.00000 -0.00022 1000.00000 1000.00000 0.00072 0.00000 0.00000 0.00000 1324
94.65000 38.31000 0.00000 0.00000 -0.00012 1000.00000 1000.00000 0.00102 0.00000 0.00000 0.00000 1322
94.54500 38.36500 0.00000 0.00000 -0.00004 1000.00000 1000.00000 0.00103 0.00000 0.00000 0.00000 1319
94.37000 38.92500 0.00000 0.00000 -0.00018 1000.00000 1000.00000 0.00074 0.00000 0.00000 0.00000 1312
73.42595 39.92511 0.00000 0.00000 0.00304 1000.00000 1000.00000 0.00151 0.00000 0.00000 0.00000 kg3b
73.24329 39.63980 0.00000 0.00000 0.00008 1000.00000 1000.00000 0.00012 0.00000 0.00000 0.00000 kg1b
95.99000 40.54000 0.00000 0.00000 0.00265 1000.00000 1000.00000 0.00155 0.00000 0.00000 0.00000 4211
95.91000 40.53000 0.00000 0.00000 0.00217 1000.00000 1000.00000 0.00153 0.00000 0.00000 0.00000 4210
88.08000 38.99000 0.00000 0.00000 0.00152 1000.00000 1000.00000 0.00138 0.00000 0.00000 0.00000 2554
87.95000 38.93000 0.00000 0.00000 0.00165 1000.00000 1000.00000 0.00139 0.00000 0.00000 0.00000 2553
87.88000 38.89000 0.00000 0.00000 0.00160 1000.00000 1000.00000 0.00139 0.00000 0.00000 0.00000 2552
87.75000 38.82000 0.00000 0.00000 0.00147 1000.00000 1000.00000 0.00140 0.00000 0.00000 0.00000 2551
87.61000 38.79000 0.00000 0.00000 0.00141 1000.00000 1000.00000 0.00140 0.00000 0.00000 0.00000 2550
87.53000 38.77000 0.00000 0.00000 0.00163 1000.00000 1000.00000 0.00141 0.00000 0.00000 0.00000 2549
87.47000 38.74000 0.00000 0.00000 0.00151 1000.00000 1000.00000 0.00141 0.00000 0.00000 0.00000 2548
85.45000 38.17000 0.00000 0.00000 0.00144 1000.00000 1000.00000 0.00146 0.00000 0.00000 0.00000 2546
85.00000 38.19000 0.00000 0.00000 0.00153 1000.00000 1000.00000 0.00146 0.00000 0.00000 0.00000 2543
84.72000 38.04000 0.00000 0.00000 0.00086 1000.00000 1000.00000 0.00146 0.00000 0.00000 0.00000 2540
84.63000 38.01000 0.00000 0.00000 0.00109 1000.00000 1000.00000 0.00146 0.00000 0.00000 0.00000 2539
84.45000 37.96000 0.00000 0.00000 0.00053 1000.00000 1000.00000 0.00146 0.00000 0.00000 0.00000 2538
84.36000 37.93000 0.00000 0.00000 0.00037 1000.00000 1000.00000 0.00145 0.00000 0.00000 0.00000 2537
84.28000 37.88000 0.00000 0.00000 0.00064 1000.00000 1000.00000 0.00145 0.00000 0.00000 0.00000 2536
84.13000 37.75000 0.00000 0.00000 0.00050 1000.00000 1000.00000 0.00145 0.00000 0.00000 0.00000 2535
83.60000 37.47000 0.00000 0.00000 0.00005 1000.00000 1000.00000 0.00143 0.00000 0.00000 0.00000 2533
83.19000 37.33000 0.00000 0.00000 -0.00096 1000.00000 1000.00000 0.00142 0.00000 0.00000 0.00000 2532
83.00000 37.24000 0.00000 0.00000 -0.00031 1000.00000 1000.00000 0.00141 0.00000 0.00000 0.00000 2529
82.30000 36.82000 0.00000 0.00000 -0.00030 1000.00000 1000.00000 0.00136 0.00000 0.00000 0.00000 2528
82.21000 36.78000 0.00000 0.00000 -0.00043 1000.00000 1000.00000 0.00136 0.00000 0.00000 0.00000 2527
82.05000 36.76000 0.00000 0.00000 -0.00079 1000.00000 1000.00000 0.00135 0.00000 0.00000 0.00000 2526
81.94000 36.82000 0.00000 0.00000 -0.00124 1000.00000 1000.00000 0.00134 0.00000 0.00000 0.00000 2525
81.51000 36.84000 0.00000 0.00000 -0.00098 1000.00000 1000.00000 0.00131 0.00000 0.00000 0.00000 2523
81.43000 36.89000 0.00000 0.00000 -0.00097 1000.00000 1000.00000 0.00130 0.00000 0.00000 0.00000 2522
81.32000 36.96000 0.00000 0.00000 -0.00095 1000.00000 1000.00000 0.00129 0.00000 0.00000 0.00000 2521
80.81000 37.00000 0.00000 0.00000 -0.00124 1000.00000 1000.00000 0.00125 0.00000 0.00000 0.00000 2520
80.79000 36.93000 0.00000 0.00000 -0.00078 1000.00000 1000.00000 0.00124 0.00000 0.00000 0.00000 2519
80.72000 36.90000 0.00000 0.00000 -0.00068 1000.00000 1000.00000 0.00123 0.00000 0.00000 0.00000 2518
80.65000 36.88000 0.00000 0.00000 -0.00067 1000.00000 1000.00000 0.00123 0.00000 0.00000 0.00000 2517
80.57000 36.87000 0.00000 0.00000 -0.00065 1000.00000 1000.00000 0.00122 0.00000 0.00000 0.00000 2516
80.19000 37.07000 0.00000 0.00000 -0.00152 1000.00000 1000.00000 0.00117 0.00000 0.00000 0.00000 2515
79.79000 37.23000 0.00000 0.00000 -0.00107 1000.00000 1000.00000 0.00111 0.00000 0.00000 0.00000 2510
79.74000 37.27000 0.00000 0.00000 -0.00143 1000.00000 1000.00000 0.00110 0.00000 0.00000 0.00000 2509
79.29000 37.20000 0.00000 0.00000 -0.00099 1000.00000 1000.00000 0.00102 0.00000 0.00000 0.00000 2505
79.06000 37.23000 0.00000 0.00000 -0.00035 1000.00000 1000.00000 0.00099 0.00000 0.00000 0.00000 2501
78.80000 37.32000 0.00000 0.00000 -0.00093 1000.00000 1000.00000 0.00102 0.00000 0.00000 0.00000 2497
78.62000 37.39000 0.00000 0.00000 -0.00082 1000.00000 1000.00000 0.00103 0.00000 0.00000 0.00000 2496
78.30000 37.52000 0.00000 0.00000 -0.00066 1000.00000 1000.00000 0.00106 0.00000 0.00000 0.00000 2495
77.79000 37.74000 0.00000 0.00000 -0.00034 1000.00000 1000.00000 0.00109 0.00000 0.00000 0.00000 2492
77.73000 37.77000 0.00000 0.00000 -0.00025 1000.00000 1000.00000 0.00109 0.00000 0.00000 0.00000 2491
78.51000 36.24000 0.00000 0.00000 0.00090 1000.00000 1000.00000 0.00147 0.00000 0.00000 0.00000 2461
78.30000 36.28000 0.00000 0.00000 0.00076 1000.00000 1000.00000 0.00146 0.00000 0.00000 0.00000 2457
78.23000 36.29000 0.00000 0.00000 0.00077 1000.00000 1000.00000 0.00146 0.00000 0.00000 0.00000 2456
77.81000 36.41000 0.00000 0.00000 0.00132 1000.00000 1000.00000 0.00143 0.00000 0.00000 0.00000 2449
77.69000 36.40000 0.00000 0.00000 0.00143 1000.00000 1000.00000 0.00142 0.00000 0.00000 0.00000 2448
77.15000 36.61000 0.00000 0.00000 0.00121 1000.00000 1000.00000 0.00133 0.00000 0.00000 0.00000 2437
77.04000 36.73000 0.00000 0.00000 0.00084 1000.00000 1000.00000 0.00131 0.00000 0.00000 0.00000 2434
77.10000 37.26000 0.00000 0.00000 0.00018 1000.00000 1000.00000 0.00122 0.00000 0.00000 0.00000 2427
77.27000 37.47000 0.00000 0.00000 -0.00079 1000.00000 1000.00000 0.00118 0.00000 0.00000 0.00000 2426
77.41000 37.71000 0.00000 0.00000 -0.00004 1000.00000 1000.00000 0.00115 0.00000 0.00000 0.00000 2424
77.55000 37.86000 0.00000 0.00000 -0.00078 1000.00000 1000.00000 0.00110 0.00000 0.00000 0.00000 2423
94.41000 36.45000 0.00000 0.00000 0.00060 1000.00000 1000.00000 0.00085 0.00000 0.00000 0.00000 2313
94.01000 36.62000 0.00000 0.00000 0.00049 1000.00000 1000.00000 0.00092 0.00000 0.00000 0.00000 2310
93.57000 36.81000 0.00000 0.00000 0.00037 1000.00000 1000.00000 0.00098 0.00000 0.00000 0.00000 2309
93.52000 36.86000 0.00000 0.00000 0.00028 1000.00000 1000.00000 0.00099 0.00000 0.00000 0.00000 2308
92.65000 37.13000 0.00000 0.00000 -0.00036 1000.00000 1000.00000 0.00106 0.00000 0.00000 0.00000 2297
92.37000 37.41000 0.00000 0.00000 -0.00001 1000.00000 1000.00000 0.00115 0.00000 0.00000 0.00000 2291
92.25000 37.49000 0.00000 0.00000 0.00024 1000.00000 1000.00000 0.00117 0.00000 0.00000 0.00000 2290
92.01000 37.65000 0.00000 0.00000 0.00012 1000.00000 1000.00000 0.00119 0.00000 0.00000 0.00000 2287
91.95000 37.68000 0.00000 0.00000 -0.00011 1000.00000 1000.00000 0.00118 0.00000 0.00000 0.00000 2286
91.53000 37.89000 0.00000 0.00000 0.00000 1000.00000 1000.00000 0.00110 0.00000 0.00000 0.00000 2284
91.46000 37.90000 0.00000 0.00000 0.00017 1000.00000 1000.00000 0.00110 0.00000 0.00000 0.00000 2283
91.38000 37.90000 0.00000 0.00000 0.00000 1000.00000 1000.00000 0.00110 0.00000 0.00000 0.00000 2282
91.31000 37.93000 0.00000 0.00000 -0.00027 1000.00000 1000.00000 0.00111 0.00000 0.00000 0.00000 2281
91.25000 37.96000 0.00000 0.00000 -0.00033 1000.00000 1000.00000 0.00111 0.00000 0.00000 0.00000 2280
91.14000 38.05000 0.00000 0.00000 -0.00045 1000.00000 1000.00000 0.00111 0.00000 0.00000 0.00000 2279
90.86000 38.21000 0.00000 0.00000 -0.00144 1000.00000 1000.00000 0.00112 0.00000 0.00000 0.00000 2275
90.82000 38.38000 0.00000 0.00000 -0.00030 1000.00000 1000.00000 0.00113 0.00000 0.00000 0.00000 2272
90.23000 39.05000 0.00000 0.00000 0.00061 1000.00000 1000.00000 0.00124 0.00000 0.00000 0.00000 2263
88.35000 39.00000 0.00000 0.00000 0.00139 1000.00000 1000.00000 0.00137 0.00000 0.00000 0.00000 2262
88.26000 39.01000 0.00000 0.00000 0.00153 1000.00000 1000.00000 0.00137 0.00000 0.00000 0.00000 2261
94.14000 39.58000 0.00000 0.00000 0.00059 1000.00000 1000.00000 0.00106 0.00000 0.00000 0.00000 2259
94.07000 39.55000 0.00000 0.00000 0.00060 1000.00000 1000.00000 0.00106 0.00000 0.00000 0.00000 2258
94.00000 39.53000 0.00000 0.00000 0.00067 1000.00000 1000.00000 0.00107 0.00000 0.00000 0.00000 2257
93.92000 39.53000 0.00000 0.00000 0.00074 1000.00000 1000.00000 0.00108 0.00000 0.00000 0.00000 2256
93.85000 39.55000 0.00000 0.00000 0.00054 1000.00000 1000.00000 0.00108 0.00000 0.00000 0.00000 2255
93.73000 39.63000 0.00000 0.00000 0.00042 1000.00000 1000.00000 0.00109 0.00000 0.00000 0.00000 2254
93.41000 39.64000 0.00000 0.00000 0.00028 1000.00000 1000.00000 0.00111 0.00000 0.00000 0.00000 2252
93.33000 39.61000 0.00000 0.00000 0.00032 1000.00000 1000.00000 0.00112 0.00000 0.00000 0.00000 2251
93.27000 39.57000 0.00000 0.00000 0.00031 1000.00000 1000.00000 0.00112 0.00000 0.00000 0.00000 2250
93.22000 39.53000 0.00000 0.00000 0.00026 1000.00000 1000.00000 0.00113 0.00000 0.00000 0.00000 2249
93.16000 39.48000 0.00000 0.00000 0.00022 1000.00000 1000.00000 0.00113 0.00000 0.00000 0.00000 2248
93.09000 39.46000 0.00000 0.00000 0.00012 1000.00000 1000.00000 0.00113 0.00000 0.00000 0.00000 2247
92.92000 39.45000 0.00000 0.00000 0.00025 1000.00000 1000.00000 0.00114 0.00000 0.00000 0.00000 2244
95.44000 40.31000 0.00000 0.00000 0.00173 1000.00000 1000.00000 0.00122 0.00000 0.00000 0.00000 2193
95.36000 40.29000 0.00000 0.00000 0.00163 1000.00000 1000.00000 0.00121 0.00000 0.00000 0.00000 2192
95.29000 40.26000 0.00000 0.00000 0.00161 1000.00000 1000.00000 0.00121 0.00000 0.00000 0.00000 2191
95.21000 40.25000 0.00000 0.00000 0.00161 1000.00000 1000.00000 0.00120 0.00000 0.00000 0.00000 2190
95.04000 40.21000 0.00000 0.00000 0.00154 1000.00000 1000.00000 0.00119 0.00000 0.00000 0.00000 2187
96.00000 36.36000 0.00000 0.00000 -0.00041 1000.00000 1000.00000 0.00090 0.00000 0.00000 0.00000 2136
95.84000 36.37000 0.00000 0.00000 0.00002 1000.00000 1000.00000 0.00089 0.00000 0.00000 0.00000 2133
95.44000 36.35000 0.00000 0.00000 0.00015 1000.00000 1000.00000 0.00084 0.00000 0.00000 0.00000 2132
94.83000 36.35000 0.00000 0.00000 0.00103 1000.00000 1000.00000 0.00073 0.00000 0.00000 0.00000 2090
95.34000 37.72000 0.00000 0.00000 -0.00093 1000.00000 1000.00000 0.00109 0.00000 0.00000 0.00000 1331
94.84000 38.14000 0.00000 0.00000 -0.00025 1000.00000 1000.00000 0.00101 0.00000 0.00000 0.00000 1325
94.51000 38.45000 0.00000 0.00000 0.00000 1000.00000 1000.00000 0.00103 0.00000 0.00000 0.00000 1318
94.39000 38.70000 0.00000 0.00000 -0.00026 1000.00000 1000.00000 0.00104 0.00000 0.00000 0.00000 1314
94.28000 39.22000 0.00000 0.00000 0.00038 1000.00000 1000.00000 0.00105 0.00000 0.00000 0.00000 1306
94.26000 39.28000 0.00000 0.00000 0.00058 1000.00000 1000.00000 0.00105 0.00000 0.00000 0.00000 1305
94.32000 39.33000 0.00000 0.00000 0.00049 1000.00000 1000.00000 0.00105 0.00000 0.00000 0.00000 1304
