74.89918 42.37108 -0.61646 3.78910 0.00000 0.39062 0.63471 10.00000 0.00000 0.00000 0.00000 !!!!
77.42412 42.80287 0.38665 5.70064 0.00000 0.39506 0.59278 10.00000 0.00000 0.00000 0.00000 !!!!
73.35933 41.64136 -1.22162 4.84176 0.00000 0.23483 0.62289 10.00000 0.00000 0.00000 0.00000 !!!!
76.32950 41.08627 0.04746 11.13016 0.00000 0.23997 0.79945 10.00000 0.00000 0.00000 0.00000 !!!!
79.43279 43.24194 1.48991 5.96257 0.00000 0.21924 0.59306 10.00000 0.00000 0.00000 0.00000 !!!!
79.05577 42.01447 1.25141 10.53980 0.00000 0.22676 0.77432 10.00000 0.00300 0.00000 0.00000 !!!!
85.67579 37.83204 1.08257 12.62034 0.00000 1.22969 0.65587 10.00000 0.00500 0.00000 0.00000 AT12
90.55986 38.43237 5.54880 9.13557 0.00000 0.91066 0.54117 10.00000 0.00000 0.00000 0.00000 !!!!
75.85366 39.35039 0.22548 17.50461 0.00000 0.68723 1.24312 10.00000 0.00000 0.00000 0.00000 !!!!
83.45616 43.37086 2.26664 7.18909 0.00000 0.31725 0.45060 10.00000 0.00000 0.00000 0.00000 !!!!
81.35175 44.11444 1.50440 5.49932 0.00000 0.34045 0.44144 10.00000 0.00000 0.00000 0.00000 !!!!
71.73554 39.62717 -4.09324 8.45292 0.00000 1.63441 1.69584 10.00000 0.00000 0.00000 0.00000 !!!!
73.79807 39.87209 -1.49497 11.32012 0.00000 0.84313 1.43014 10.00000 0.00000 0.00000 0.00000 !!!!
87.61201 43.51902 3.05083 6.72363 0.00000 0.31434 0.36818 10.00000 0.00000 0.00000 0.00000 !!!!
95.09569 40.01936 2.80682 3.97254 0.00000 0.47214 0.37662 10.00000 0.00000 0.00000 0.00000 !!!!
85.13070 44.24663 3.03838 6.14037 0.00000 0.25768 0.53237 10.00000 0.00000 0.00000 0.00000 !!!!
83.20981 41.70011 2.83694 11.07105 0.00000 0.26669 0.78251 10.00000 0.00000 0.00000 0.00000 !!!!
88.57342 38.92711 1.18885 8.74397 0.00000 0.92487 0.24408 10.00000 0.00000 0.00000 0.00000 !!!!
71.21485 41.90843 -1.40080 2.37409 0.00000 0.18256 0.62457 10.00000 0.00000 0.00000 0.00000 !!!!
75.23959 37.90807 -4.19911 20.49176 0.00000 0.85635 1.43751 10.00000 0.00000 0.00000 0.00000 !!!!
93.61940 42.80700 3.45169 4.24644 0.00000 0.21615 0.70050 10.00000 0.00733 0.00000 0.00000 JB43
84.32260 43.66580 2.29842 6.50642 0.00000 0.18108 0.47759 10.00000 0.01300 0.00000 0.00000 I045
93.76952 38.86283 5.14668 5.79185 0.00000 0.82741 0.53985 10.00000 0.00000 0.00000 0.00000 !!!!
70.02458 39.87231 -0.84497 3.86065 0.00000 0.31562 0.79738 10.00000 0.00000 0.00000 0.00000 !!!!
89.32633 38.10667 6.12063 10.18051 0.00000 0.33067 0.54049 10.00000 0.02800 0.00000 0.00000 G333
83.15905 38.25744 -2.11137 12.69606 0.00000 0.31362 0.71996 10.00000 0.00520 0.00000 0.00000 I065
77.28240 36.74162 -2.92359 19.79958 0.00000 0.34667 0.40387 10.00000 0.00000 0.00000 0.00000 !!!!
69.46526 41.30211 -1.50210 3.01394 0.00000 0.43383 0.67233 10.00000 0.00000 0.00000 0.00000 !!!!
73.80871 38.32000 -7.41177 19.44381 0.00000 0.62281 2.49220 10.00000 0.00000 0.00000 0.00000 !!!!
75.78050 37.82500 -2.19228 20.90634 0.00000 0.24067 0.42761 10.00000 0.00900 0.00000 0.00000 I407
86.33039 42.27321 3.16480 8.52427 0.00000 0.25512 0.40761 10.00000 0.00000 0.00000 0.00000 !!!!
88.72771 44.20171 1.67553 6.40225 0.00000 0.29471 0.26658 10.00000 0.00200 0.00000 0.00000 I342
87.89300 47.40529 0.49288 4.14401 0.00000 0.21625 0.34906 10.00000 0.01000 0.00000 0.00000 I311
86.12743 44.98057 2.51670 3.72242 0.00000 0.23919 0.24788 10.00000 0.03400 0.00000 0.00000 I333
81.34286 41.60057 2.51018 7.82106 0.00000 0.73765 0.52584 10.00000 0.02000 0.00000 0.00000 I059
80.23943 41.14171 1.67525 14.98244 0.00000 0.34422 0.30885 10.00000 0.00900 0.00000 0.00000 I061
89.11374 41.62461 2.83121 6.85276 0.00000 0.51227 0.33364 10.00000 0.02700 0.00000 0.00000 I386
91.18826 43.82862 3.71334 5.35394 0.00000 0.35163 0.23779 10.00000 0.00000 0.00000 0.00000 !!!!
93.88433 42.98930 3.64755 4.03841 0.00000 0.22822 0.41326 10.00000 0.00000 0.00000 0.00000 !!!!
72.37964 40.54671 -0.82691 6.45229 0.00000 0.75083 0.42178 10.00000 0.00000 0.00000 0.00000 !!!!
82.22571 36.70912 -2.89703 14.00330 0.00000 0.46545 0.37424 10.00000 0.00000 0.00000 0.00000 !!!!
95.23876 37.16448 7.72421 6.99711 0.00000 0.71933 0.52790 10.00000 0.00000 0.00000 0.00000 !!!!
82.51133 43.78883 1.32272 6.25365 0.00000 0.33362 0.78032 10.00000 0.01533 0.00000 0.00000 I046
78.20901 39.49776 -0.08476 17.23936 0.00000 0.39424 0.76093 10.00000 0.00000 0.00000 0.00000 !!!!
90.05499 43.02093 3.58790 6.22362 0.00000 0.22094 0.22090 10.00000 0.00000 0.00000 0.00000 !!!!
89.66496 44.52117 2.30534 5.27364 0.00000 0.42195 0.32095 10.00000 0.00000 0.00000 0.00000 !!!!
78.56120 44.42051 -1.15873 2.54989 0.00000 0.37477 0.39836 10.00000 0.00000 0.00000 0.00000 !!!!
70.17924 43.47495 -0.83296 2.02484 0.00000 0.51070 0.63108 10.00000 0.00000 0.00000 0.00000 !!!!
86.32100 37.22250 6.70745 14.05607 0.00000 0.81406 0.61062 10.00000 0.00867 0.00000 0.00000 AT3X
81.57281 41.70728 2.86746 9.61182 0.00000 0.49388 1.87500 10.00000 0.00000 0.00000 0.00000 !!!!
92.47787 36.96432 7.93503 10.86162 0.00000 0.58223 0.84951 10.00000 0.00000 0.00000 0.00000 !!!!
73.77543 44.27546 -0.68976 1.21989 0.00000 0.36090 0.44634 10.00000 0.00000 0.00000 0.00000 !!!!
68.24643 39.69357 -1.08509 3.61070 0.00000 0.27668 0.27668 10.00000 0.00200 0.00000 0.00000 !!!!
83.83102 37.66119 -1.49485 12.33386 0.00000 0.38967 0.40160 10.00000 0.00000 0.00000 0.00000 !!!!
74.68964 36.31074 -2.68793 23.67229 0.00000 0.55692 1.02706 10.00000 0.00000 0.00000 0.00000 !!!!
73.45965 38.95657 -6.36135 19.91795 0.00000 0.57359 2.08803 10.00000 0.01150 0.00000 0.00000 KRKA
70.33977 38.75521 -18.52390 7.45295 0.00000 0.59274 0.57631 10.00000 -0.05950 -0.00000 -0.00000 GF05
73.61774 38.56029 -7.16783 20.12953 0.00000 1.01894 0.58279 10.00000 0.00550 0.00000 0.00000 AKBA
74.70500 42.78500 -1.36777 2.01359 0.00000 1.59622 1.03625 10.00000 -0.04000 -0.00000 -0.00000 ALAT
71.38148 38.19034 -17.39609 12.19206 0.00000 3.50865 0.61843 10.00000 -0.02550 -0.00000 -0.00000 YZGU
71.32441 39.24285 -4.21415 6.39768 0.00000 0.87477 0.98795 10.00000 -0.07333 -0.00000 -0.00000 JIR0
71.77781 37.29699 -9.19153 17.42827 0.00000 0.18345 0.16239 10.00000 0.17900 0.00000 0.00000 BRAO
89.60000 47.30000 0.28703 3.62297 0.00000 0.15920 0.17337 10.00000 0.00000 0.00000 0.00000 I310
86.86800 44.18200 2.77417 8.99632 0.00000 0.46098 0.53852 10.00000 0.00800 0.00000 0.00000 I022
95.37900 37.83133 8.30631 6.09664 0.00000 0.47118 0.48419 10.00000 0.00667 0.00000 0.00000 Y345
89.05733 38.96867 -0.38424 8.88657 0.00000 0.58310 0.61033 10.00000 0.02100 0.00000 0.00000 SFEE
85.42833 37.58133 -1.83418 12.10493 0.00000 0.93005 0.92195 10.00000 0.03250 0.00000 0.00000 QUIS
76.97792 40.84425 -0.10882 11.65692 0.00000 0.27568 0.86938 10.00000 0.02150 0.00000 0.00000 QIQI
88.84933 39.02800 0.41699 9.33511 0.00000 0.54083 0.54083 10.00000 0.01650 0.00000 0.00000 POWR
88.26667 39.44733 0.01978 8.24977 0.00000 1.35463 0.76322 10.00000 -0.02150 -0.00000 -0.00000 LOBU
95.31933 39.33100 4.93601 3.83291 0.00000 0.71414 0.64031 10.00000 0.01267 0.00000 0.00000 GA12
86.11900 36.02600 5.63119 14.88558 0.00000 0.61809 0.62398 10.00000 0.00950 0.00000 0.00000 AT08
86.05600 36.25300 2.57303 17.87350 0.00000 0.61809 0.62398 10.00000 0.02450 0.00000 0.00000 AT07
86.25000 36.42800 4.24006 17.13362 0.00000 0.62482 0.63856 10.00000 0.01300 0.00000 0.00000 AT06
78.96607 39.87701 0.14791 16.26099 0.00000 0.21779 0.71372 10.00000 0.01750 0.00000 0.00000 AKTA
77.32266 40.31656 1.80613 12.37863 0.00000 0.40157 1.06225 10.00000 0.00400 0.00000 0.00000 AJ02
87.62658 40.79849 1.84414 8.77179 0.00000 0.34685 0.33921 10.00000 0.00000 0.00000 0.00000 !!!!
80.37678 40.38991 1.58483 15.48932 0.00000 0.53604 0.44823 10.00000 0.00000 0.00000 0.00000 !!!!
71.60800 36.00100 -3.87466 18.33715 0.00000 0.41900 0.70860 10.00000 -0.02800 -0.00000 -0.00000 !!!!
68.60963 38.74163 0.05687 1.87438 0.00000 1.00687 0.86869 10.00000 0.05800 0.00000 0.00000 TDPA
68.37073 39.08443 -0.81901 2.45388 0.00000 0.48251 0.52930 10.00000 -0.02750 -0.00000 -0.00000 SRYA
71.67505 38.51807 -12.96870 13.55632 0.00000 2.39870 1.55367 10.00000 -0.26900 -0.00000 -0.00000 SEDA
69.27726 38.85301 -2.24358 4.43915 0.00000 0.73056 1.25084 10.00000 -0.32600 -0.00000 -0.00000 OBGA
70.20123 39.12043 -1.36471 3.81569 0.00000 0.61881 0.50431 10.00000 -0.10700 -0.00000 -0.00000 KMRA
69.57618 37.98390 -5.07364 5.48544 0.00000 0.56620 0.37680 10.00000 -0.08700 -0.00000 -0.00000 GF19
70.58849 37.09773 -10.87618 15.55043 0.00000 1.27872 0.73741 10.00000 -0.09900 -0.00000 -0.00000 FYZ2
71.66297 38.00319 -12.10564 13.67483 0.00000 1.10806 0.69681 10.00000 -0.21950 -0.00000 -0.00000 EMTA
69.42127 38.58522 -1.08106 2.29462 0.00000 0.79920 0.26315 10.00000 -0.23800 -0.00000 -0.00000 DUBA
73.41514 37.79332 -4.97000 19.51001 0.00000 0.59000 0.82000 10.00000 0.00000 0.00000 0.00000 BZRA
73.10580 38.55378 -6.84502 18.08422 0.00000 0.91502 0.80056 10.00000 0.00900 0.00000 0.00000 ATSA
73.27965 38.90243 -7.50316 14.95905 0.00000 1.60316 0.87093 10.00000 0.01200 0.00000 0.00000 AJLA
73.12010 37.46110 -5.31000 18.85000 0.00000 0.57000 0.63000 10.00000 0.00000 0.00000 0.00000 ABLA
71.23276 38.40411 -10.48403 13.07301 0.00000 0.36090 0.56147 10.00000 -0.30200 -0.00000 -0.00000 PISH
72.36575 37.37560 -6.82902 17.32535 0.00000 0.44902 0.49536 10.00000 0.05100 0.00000 0.00000 JAVS
73.78485 37.67811 -6.00749 20.30435 0.00000 0.34224 0.23431 10.00000 0.03300 0.00000 0.00000 GURU
70.29236 40.19404 -1.18269 4.03868 0.00000 0.37577 1.38131 10.00000 0.01900 0.00000 0.00000 CAP1
78.99500 37.10500 -1.79343 17.98920 0.00000 1.47669 0.57293 10.00000 0.00000 0.00000 0.00000 I417
90.44100 37.27200 6.60202 12.99919 0.00000 0.89022 0.86023 10.00000 -0.00550 -0.00000 -0.00000 Y196
79.77200 37.13750 -3.12117 17.45659 0.00000 0.63640 0.63640 10.00000 0.04550 0.00000 0.00000 Y035
75.12400 39.69700 -1.14992 14.56847 0.00000 0.88630 0.66002 10.00000 0.00650 0.00000 0.00000 WUQO
75.51000 39.31100 1.25585 19.76158 0.00000 0.39051 1.25298 10.00000 -0.01750 -0.00000 -0.00000 WUPA
77.24800 38.41200 -2.59423 20.60796 0.00000 0.63640 0.57009 10.00000 0.00150 0.00000 0.00000 SHAC
78.43619 39.95010 -0.86492 17.44382 0.00000 0.76199 0.55172 10.00000 -0.01200 -0.00000 -0.00000 SANC
75.40400 40.09400 0.43162 11.44658 0.00000 0.32016 0.33890 10.00000 0.02500 0.00000 0.00000 QIAK
89.63000 38.46900 2.51127 8.94201 0.00000 0.95941 2.60725 10.00000 -0.04500 -0.00000 -0.00000 NICE
76.69000 37.86200 -3.41372 20.71880 0.00000 1.00000 1.00000 10.00000 0.03300 0.00000 0.00000 KOSR
80.88500 44.12000 -0.26509 4.38586 0.00000 1.26595 0.63514 10.00000 0.03150 0.00000 0.00000 KORG
76.46300 38.65600 -1.47680 20.44653 0.00000 0.39051 0.39051 10.00000 0.00200 0.00000 0.00000 KIZI
77.90600 37.25800 -3.52824 19.35171 0.00000 0.70711 0.72232 10.00000 0.02750 0.00000 0.00000 KELI
90.90850 38.28250 5.76935 6.64691 0.00000 1.30000 1.00000 10.00000 -0.06200 -0.00000 -0.00000 HATU
75.47900 38.85300 0.04322 21.90729 0.00000 0.35355 0.35355 10.00000 0.00400 0.00000 0.00000 GAZE
85.14400 37.05700 0.17147 15.09388 0.00000 1.30000 1.10000 10.00000 0.02100 0.00000 0.00000 ATUB
86.26400 36.99400 4.90271 14.31954 0.00000 0.81000 0.83000 10.00000 0.01300 0.00000 0.00000 AT04
86.32700 37.33600 5.04449 13.48722 0.00000 0.82000 0.84000 10.00000 0.01700 0.00000 0.00000 AT02
86.38000 37.41300 3.20816 13.29079 0.00000 0.84000 0.87000 10.00000 0.02100 0.00000 0.00000 AT01
94.51545 43.88760 3.46034 4.27786 0.00000 0.56843 1.12974 10.00000 0.00000 0.00000 0.00000 !!!!
87.02478 38.60917 0.00048 10.03381 0.00000 0.54287 0.63133 10.00000 0.00000 0.00000 0.00000 !!!!
67.80907 42.23279 -2.66696 1.09008 0.00000 0.57009 0.57009 10.00000 0.00600 0.00000 0.00000 !!!!
72.83186 43.25279 -1.23615 1.15603 0.00000 0.57009 0.57009 10.00000 0.00300 0.00000 0.00000 !!!!
67.17629 44.40093 -1.94944 0.98415 0.00000 0.65153 0.65153 10.00000 0.02200 0.00000 0.00000 !!!!
71.52629 42.90814 -1.32699 1.22067 0.00000 0.48865 0.40721 10.00000 0.01300 0.00000 0.00000 !!!!
66.10600 38.33800 -3.58981 6.96744 0.00000 0.42426 0.42426 10.00000 0.02000 0.00000 0.00000 !!!!
67.88000 38.23500 -1.68885 3.43949 0.00000 0.35355 0.28744 10.00000 0.01600 0.00000 0.00000 !!!!
75.04093 40.78186 -0.43462 9.48717 0.00000 0.32576 0.32576 10.00000 0.00500 0.00000 0.00000 !!!!
75.52536 44.13186 -1.15860 1.22930 0.00000 0.32576 0.32576 10.00000 0.00000 0.00000 0.00000 !!!!
90.67980 37.14803 7.35323 12.20281 0.00000 0.88106 0.79666 10.00000 0.00000 0.00000 0.00000 !!!!
86.31700 36.57500 0.66287 13.22005 0.00000 0.59397 0.60811 10.00000 0.02200 0.00000 0.00000 !!!!
71.49678 37.56159 -11.86890 11.96700 0.00000 1.19070 0.90550 10.00000 0.00000 0.00000 0.00000 SHUG
70.73578 36.93562 -8.39315 15.81532 0.00000 1.21205 0.54442 10.00000 -0.10900 -0.00000 -0.00000 KASH
68.66728 37.37260 -8.25072 0.18330 0.00000 1.20958 0.42257 10.00000 -0.15800 -0.00000 -0.00000 DUSA
70.89490 36.99090 -7.90667 18.34761 0.00000 0.71488 0.68556 10.00000 0.00400 0.00000 0.00000 BAH1
70.19909 37.15120 -7.75443 11.38958 0.00000 0.55604 0.61717 10.00000 -0.06300 -0.00000 -0.00000 ARG2
70.43921 37.05829 -9.64518 13.10309 0.00000 2.13418 0.45907 10.00000 -0.00700 -0.00000 -0.00000 ARG1
77.23787 43.30099 -1.17141 2.92428 0.00000 0.60500 1.03200 10.00000 0.00000 0.00000 0.00000 TAL2
70.94610 38.89595 -12.05822 10.84516 0.00000 0.71486 0.82462 10.00000 0.00000 0.00000 0.00000 SHKC
70.21360 38.81640 -16.19000 3.71500 0.00000 0.79839 2.33796 10.00000 0.00000 0.00000 0.00000 GF01
70.17210 37.94960 -14.91195 8.21085 0.00000 1.46805 0.66085 10.00000 0.00000 0.00000 0.00000 GF17
76.29818 40.81641 0.02685 11.67744 0.00000 0.25402 0.23431 10.00000 0.01000 0.00000 0.00000 KUL4
75.96714 40.71713 -0.37147 11.50938 0.00000 0.35341 0.53085 10.00000 0.00800 0.00000 0.00000 AKS4
68.61615 37.93420 -7.17766 2.20649 0.00000 0.82956 0.78068 10.00000 0.01200 0.00000 0.00000 gana
76.74300 42.05500 0.41487 8.15359 0.00000 0.25000 0.25000 10.00000 0.00700 0.00000 0.00000 VTG4
72.49800 41.98000 -0.78447 2.74749 0.00000 0.39446 0.45600 10.00000 0.00600 0.00000 0.00000 UZU4
75.08600 43.37900 -1.21967 2.29728 0.00000 0.38079 1.40000 10.00000 0.00250 0.00000 0.00000 URD1
73.82400 42.32000 -0.57106 1.69863 0.00000 0.45541 0.56527 10.00000 0.00650 0.00000 0.00000 TUS4
77.64100 43.31250 -0.72622 3.22780 0.00000 1.67132 0.48415 10.00000 0.00350 0.00000 0.00000 TUR4
73.16000 41.89500 -0.92418 2.76803 0.00000 0.39446 0.49600 10.00000 0.01550 0.00000 0.00000 TOR4
73.55500 42.20600 -0.03048 3.45845 0.00000 0.38161 0.40746 10.00000 0.00950 0.00000 0.00000 SUU4
72.92000 42.41000 -1.77403 1.80115 0.00000 0.60100 0.49336 10.00000 0.01350 0.00000 0.00000 SKA4
80.12350 42.48150 1.72103 9.08789 0.00000 0.70000 0.70000 10.00000 0.00400 0.00000 0.00000 SBA4
72.25300 39.43000 -6.10749 13.72558 0.00000 1.25000 2.20089 10.00000 0.02700 0.00000 0.00000 SAUK
78.94900 42.73600 0.46428 7.06282 0.00000 0.30006 1.20043 10.00000 0.00600 0.00000 0.00000 SAS4
79.07900 42.14350 1.01389 9.69867 0.00000 0.50061 0.29986 10.00000 0.00250 0.00000 0.00000 RKT4
73.20100 42.23500 -0.92529 1.41893 0.00000 0.39925 0.67683 10.00000 0.01050 0.00000 0.00000 OTM4
78.34350 43.52550 0.89689 3.19505 0.00000 0.49497 0.49497 10.00000 0.00950 0.00000 0.00000 KZZ4
76.33900 43.89400 -1.01437 0.59197 0.00000 0.45000 0.44721 10.00000 0.00350 0.00000 0.00000 KUT4
70.60100 41.66900 -1.65364 1.04998 0.00000 0.45541 0.56527 10.00000 0.00950 0.00000 0.00000 KUM4
70.94000 42.78300 -1.75221 0.12026 0.00000 0.46098 0.42426 10.00000 0.04350 0.00000 0.00000 KTAU
78.65700 43.44200 0.58159 3.58179 0.00000 0.28284 0.28284 10.00000 0.00350 0.00000 0.00000 KOK4
72.36700 42.59300 -1.59828 0.41120 0.00000 0.48384 0.64500 10.00000 0.00900 0.00000 0.00000 KEN4
71.57900 42.20200 -1.54444 1.36248 0.00000 0.39925 0.50160 10.00000 0.00700 0.00000 0.00000 KBU4
75.04050 42.61700 -1.01405 3.20182 0.00000 0.37920 0.32016 10.00000 -0.05650 -0.00000 -0.00000 ELS4
74.23750 42.63900 -1.56689 2.42876 0.00000 0.46201 0.24602 10.00000 -0.01650 -0.00000 -0.00000 ELG4
79.86400 43.40350 1.25322 5.51535 0.00000 0.39051 0.43012 10.00000 0.01500 0.00000 0.00000 DOR4
72.87500 41.96600 -1.14979 2.09321 0.00000 0.41620 0.66575 10.00000 0.00600 0.00000 0.00000 CHY4
71.72100 42.01500 -1.35972 1.60186 0.00000 0.43419 0.58149 10.00000 0.01250 0.00000 0.00000 CHA4
71.79200 41.49500 -1.80229 2.50606 0.00000 0.39650 0.55563 10.00000 0.00900 0.00000 0.00000 BOZ4
71.46000 41.36200 -1.49440 2.31132 0.00000 0.30000 0.30000 10.00000 0.00700 0.00000 0.00000 ALA4
72.14500 41.55700 -2.44314 3.02952 0.00000 0.38539 0.40853 10.00000 0.01050 0.00000 0.00000 AKJ4
74.89000 42.69000 -1.61865 2.45030 0.00000 0.25110 0.34379 10.00000 0.04000 0.00000 0.00000 IV16
74.81500 42.74500 -2.12458 3.72559 0.00000 0.34000 0.38000 10.00000 -0.07000 -0.00000 -0.00000 IV8A
74.63000 42.77000 -1.81517 2.61448 0.00000 0.30000 0.33000 10.00000 -0.04000 -0.00000 -0.00000 IV06
71.80000 40.11000 -2.98466 5.98764 0.00000 0.50000 0.46000 10.00000 0.08000 0.00000 0.00000 DJD5
90.41900 38.37800 6.63024 9.76022 0.00000 1.40000 1.40000 10.00000 -0.01000 -0.00000 -0.00000 MULI
88.89950 39.24050 -0.39283 8.19125 0.00000 0.91924 1.65086 10.00000 0.00050 0.00000 0.00000 HOTL
73.19227 37.67443 -6.43156 18.17817 0.00000 0.71000 0.74000 10.00000 0.04300 0.00000 0.00000 SASI
74.42732 38.06191 -4.73853 20.09386 0.00000 1.05000 1.13000 10.00000 0.03000 0.00000 0.00000 KASH
79.92600 36.74300 -4.62216 15.74716 0.00000 1.20000 1.10000 10.00000 0.05800 0.00000 0.00000 P008
76.00000 39.48000 0.49244 16.81282 0.00000 1.30000 1.20000 10.00000 0.01900 0.00000 0.00000 P007
84.29400 43.26800 2.59193 7.28620 0.00000 1.10000 0.80000 10.00000 -0.00900 -0.00000 -0.00000 NANA
84.94600 44.38500 3.69582 7.19209 0.00000 1.10000 0.80000 10.00000 0.02800 0.00000 0.00000 KUYT
77.17500 37.39600 -3.11586 18.52301 0.00000 1.00000 1.00000 10.00000 0.03100 0.00000 0.00000 KOKY
86.16900 41.70800 2.78363 9.00317 0.00000 1.00000 0.90000 10.00000 -0.03900 -0.00000 -0.00000 KL19
80.78100 41.38000 1.48997 14.75474 0.00000 1.00000 0.80000 10.00000 -0.01300 -0.00000 -0.00000 KARA
85.15600 36.98600 0.77131 15.49399 0.00000 1.50000 1.40000 10.00000 0.02000 0.00000 0.00000 GRUB
82.07800 44.76900 1.50178 4.86629 0.00000 1.20000 1.10000 10.00000 0.01300 0.00000 0.00000 BLZH
76.85600 38.44900 -2.01241 19.12024 0.00000 1.00000 0.80000 10.00000 -0.23000 -0.00000 -0.00000 AS25
85.45600 37.38700 -0.52815 11.89670 0.00000 1.20000 1.10000 10.00000 0.02900 0.00000 0.00000 AQIN
67.86800 37.83800 -18.12852 4.34857 0.00000 0.60000 0.60000 10.00000 0.00000 0.00000 0.00000 !!!!
70.76688 38.57607 -16.52793 9.24284 0.00000 0.57000 0.62000 10.00000 -0.01500 -0.00000 -0.00000 HRBA
71.26913 38.31464 -14.60200 15.47644 0.00000 0.94000 1.01000 10.00000 0.00200 0.00000 0.00000 GF14
71.02796 38.46641 -15.19977 10.54746 0.00000 0.66000 0.73000 10.00000 0.02400 0.00000 0.00000 GF13
70.81086 38.44668 -15.32366 10.60541 0.00000 0.55000 0.60000 10.00000 -0.07300 -0.00000 -0.00000 GF12
74.06120 37.52290 -5.48000 19.99000 0.00000 1.72000 1.00000 10.00000 0.00000 0.00000 0.00000 YNGA
70.71050 38.68840 -17.57000 11.04000 0.00000 1.68000 0.92000 10.00000 0.00000 0.00000 0.00000 GF02
69.93550 38.90640 -3.53000 1.62000 0.00000 0.89000 1.01000 10.00000 0.00000 0.00000 0.00000 GF07
69.86040 38.00610 -15.22000 6.00000 0.00000 0.86000 0.75000 10.00000 0.00000 0.00000 0.00000 GF18
68.85870 39.11230 1.57000 6.15000 0.00000 0.61000 1.13000 10.00000 0.00000 0.00000 0.00000 YGNA
75.67163 39.98507 1.68696 14.37310 0.00000 0.42000 0.46000 10.00000 0.00000 0.00000 0.00000 TL02
78.15874 40.86606 1.50628 16.03312 0.00000 0.16000 0.16000 10.00000 0.00000 0.00000 0.00000 NJ35
77.65893 39.84470 0.94367 16.10826 0.00000 0.28000 0.27000 10.00000 0.00000 0.00000 0.00000 NJ33
77.97955 39.93970 0.57451 17.11118 0.00000 0.24000 0.19000 10.00000 0.00000 0.00000 0.00000 NJ32
77.37491 39.82183 3.06582 14.87598 0.00000 0.20000 0.20000 10.00000 0.00000 0.00000 0.00000 NJ31
77.78555 40.65515 0.51933 15.84495 0.00000 0.32000 0.29000 10.00000 0.00000 0.00000 0.00000 NJ28
77.32059 40.47353 2.24565 13.16024 0.00000 0.18000 0.20000 10.00000 0.00000 0.00000 0.00000 NJ26
77.62087 40.60436 1.58857 14.67723 0.00000 0.15000 0.15000 10.00000 0.00000 0.00000 0.00000 NJ25
77.59527 40.81826 -0.05052 14.66982 0.00000 0.22000 0.24000 10.00000 0.00000 0.00000 0.00000 NJ24
76.94008 39.87462 0.41331 15.95005 0.00000 0.21000 0.19000 10.00000 0.00000 0.00000 0.00000 NJ21
75.79772 40.06746 2.29849 13.31955 0.00000 0.22000 0.20000 10.00000 0.00000 0.00000 0.00000 NJ20
76.16264 40.01209 2.28021 14.47507 0.00000 0.14000 0.16000 10.00000 0.00000 0.00000 0.00000 NJ19
76.28474 40.14320 2.04419 14.85039 0.00000 0.15000 0.17000 10.00000 0.00000 0.00000 0.00000 NJ18
76.01982 40.10546 1.71658 14.43376 0.00000 0.14000 0.15000 10.00000 0.00000 0.00000 0.00000 NJ17
75.97510 39.80999 2.37444 15.06083 0.00000 0.15000 0.15000 10.00000 0.00000 0.00000 0.00000 NJ14
75.93803 39.89645 2.47871 13.84011 0.00000 0.15000 0.15000 10.00000 0.00000 0.00000 0.00000 NJ13
76.08007 40.36318 0.68747 13.66119 0.00000 0.27000 0.28000 10.00000 0.00000 0.00000 0.00000 NJ12
75.88312 40.27778 0.92664 12.77424 0.00000 0.19000 0.20000 10.00000 0.00000 0.00000 0.00000 NJ11
77.19436 40.04964 0.29772 13.01368 0.00000 0.36000 0.38000 10.00000 0.00000 0.00000 0.00000 KP31
78.28669 40.60224 1.85202 15.11021 0.00000 0.55000 0.63000 10.00000 0.00000 0.00000 0.00000 KP21
78.11136 40.52430 0.62981 16.09939 0.00000 0.55000 0.61000 10.00000 0.00000 0.00000 0.00000 KP20
77.79106 40.40482 0.91724 16.12655 0.00000 0.37000 0.39000 10.00000 0.00000 0.00000 0.00000 KP18
78.36287 40.48960 0.05596 15.96230 0.00000 0.54000 0.60000 10.00000 0.00000 0.00000 0.00000 KP17
78.17896 40.42889 0.93467 16.29898 0.00000 0.56000 0.61000 10.00000 0.00000 0.00000 0.00000 KP16
77.99147 40.45312 2.61754 16.60463 0.00000 0.42000 0.46000 10.00000 0.00000 0.00000 0.00000 KP15
77.49297 40.34224 4.44749 14.34018 0.00000 0.43000 0.47000 10.00000 0.00000 0.00000 0.00000 KP13
79.04838 40.30917 1.97259 15.46111 0.00000 0.40000 0.43000 10.00000 0.00000 0.00000 0.00000 KP11
78.84569 40.36635 2.71653 14.22231 0.00000 0.38000 0.41000 10.00000 0.00000 0.00000 0.00000 KP10
78.67889 40.28526 2.10396 14.98394 0.00000 0.39000 0.42000 10.00000 0.00000 0.00000 0.00000 KP09
78.31170 40.19858 3.52290 16.33747 0.00000 0.37000 0.41000 10.00000 0.00000 0.00000 0.00000 KP08
78.11134 40.15625 1.92276 15.60938 0.00000 0.36000 0.39000 10.00000 0.00000 0.00000 0.00000 KP07
77.93379 40.15090 2.53419 14.88792 0.00000 0.45000 0.51000 10.00000 0.00000 0.00000 0.00000 KP06
77.76699 40.11799 -0.00562 15.99958 0.00000 0.41000 0.44000 10.00000 0.00000 0.00000 0.00000 KP05
77.59165 40.11254 2.11597 13.60877 0.00000 0.40000 0.44000 10.00000 0.00000 0.00000 0.00000 KP04
77.43487 40.10798 3.26750 13.01335 0.00000 0.40000 0.43000 10.00000 0.00000 0.00000 0.00000 KP03
78.83473 40.14845 0.92669 16.37914 0.00000 0.40000 0.43000 10.00000 0.00000 0.00000 0.00000 KP02
79.28682 40.48509 1.90945 15.94028 0.00000 0.18000 0.17000 10.00000 0.00000 0.00000 0.00000 JS29
79.06555 39.71688 -2.21316 17.58609 0.00000 0.65000 0.70000 10.00000 0.00000 0.00000 0.00000 JS28
78.99082 40.03849 0.43084 17.27441 0.00000 0.33000 0.34000 10.00000 0.00000 0.00000 0.00000 JS26
78.80858 40.61722 5.80871 16.26155 0.00000 1.11000 1.18000 10.00000 0.00000 0.00000 0.00000 JS23
78.52247 40.55531 2.93781 15.13858 0.00000 0.20000 0.19000 10.00000 0.00000 0.00000 0.00000 JS21
78.20913 40.71712 0.99834 15.86773 0.00000 0.28000 0.27000 10.00000 0.00000 0.00000 0.00000 JS20
78.38822 40.28320 1.75611 15.72965 0.00000 0.18000 0.19000 10.00000 0.00000 0.00000 0.00000 JS19
77.99454 40.54203 1.73176 14.89552 0.00000 0.22000 0.22000 10.00000 0.00000 0.00000 0.00000 JS18
77.90123 40.81614 0.60619 15.61848 0.00000 0.17000 0.19000 10.00000 0.00000 0.00000 0.00000 JS16
77.13034 40.24040 1.73705 12.12514 0.00000 0.21000 0.22000 10.00000 0.00000 0.00000 0.00000 JS15
77.38228 40.79465 0.69069 13.55811 0.00000 0.17000 0.19000 10.00000 0.00000 0.00000 0.00000 JS14
76.94420 40.37995 1.17586 13.71124 0.00000 0.32000 0.30000 10.00000 0.00000 0.00000 0.00000 JS13
76.63485 39.99213 0.04244 13.70169 0.00000 0.35000 0.35000 10.00000 0.00000 0.00000 0.00000 JS11
77.30946 40.22841 0.67436 11.41702 0.00000 0.51000 0.46000 10.00000 0.00000 0.00000 0.00000 G0BF
82.56600 47.61100 -0.78975 0.56684 0.00000 0.70000 0.70000 10.00000 0.02800 0.00000 0.00000 ZTR4
74.37900 42.30200 -0.83791 2.60417 0.00000 0.40000 0.40000 10.00000 0.00200 0.00000 0.00000 ZKK4
80.88900 49.61900 -2.29869 -0.09990 -0.00000 0.70000 0.70000 10.00000 0.02900 0.00000 0.00000 ZES4
75.00900 41.09200 -1.25311 8.17750 0.00000 0.40000 0.40000 10.00000 0.00600 0.00000 0.00000 ZBA4
84.85600 47.43400 -0.52523 2.90433 0.00000 0.70000 0.70000 10.00000 0.03400 0.00000 0.00000 ZAS4
82.32200 49.93400 -2.47473 0.29925 0.00000 0.70000 0.70000 10.00000 0.01600 0.00000 0.00000 ZAR4
73.20700 41.33500 -1.86952 5.48449 0.00000 0.70000 0.60000 10.00000 -0.00400 -0.00000 -0.00000 YZG4
75.74100 41.97900 -0.70989 6.37790 0.00000 0.30000 0.30000 10.00000 0.00700 0.00000 0.00000 YUZ4
68.96700 38.85400 -2.24224 4.54031 0.00000 0.60000 0.60000 10.00000 0.00300 0.00000 0.00000 WARZ
76.98100 42.02100 -0.14480 8.81853 0.00000 0.40000 0.40000 10.00000 0.00400 0.00000 0.00000 VTU4
74.99900 42.22100 -0.46686 3.97440 0.00000 0.30000 0.30000 10.00000 0.00700 0.00000 0.00000 VSE4
76.33600 42.18500 0.88692 5.93994 0.00000 0.40000 0.40000 10.00000 0.00500 0.00000 0.00000 VKR4
78.83300 42.89800 0.88037 5.53062 0.00000 0.50000 0.50000 10.00000 0.00100 0.00000 0.00000 VKE4
79.39200 42.54600 1.24035 8.58543 0.00000 0.40000 0.40000 10.00000 0.00400 0.00000 0.00000 VKA4
77.86300 42.03100 0.03355 9.96259 0.00000 0.40000 0.40000 10.00000 -0.00700 -0.00000 -0.00000 VJK4
81.41400 50.66700 -2.65509 0.24663 0.00000 0.70000 0.70000 10.00000 0.02900 0.00000 0.00000 VAV4
79.02200 43.14400 1.09846 4.98258 0.00000 0.40000 0.50000 10.00000 0.00600 0.00000 0.00000 UZL4
74.78000 41.06900 -1.24733 7.71520 0.00000 0.50000 0.50000 10.00000 0.00800 0.00000 0.00000 UZG4
74.92900 41.93600 -0.68721 5.05470 0.00000 0.30000 0.30000 10.00000 0.00400 0.00000 0.00000 UZB4
79.53200 44.47800 -1.98975 3.22389 0.00000 0.80000 0.90000 10.00000 0.04200 0.00000 0.00000 UYG4
73.47800 41.21900 -1.98827 6.55918 0.00000 0.40000 0.40000 10.00000 0.00100 0.00000 0.00000 UUM4
77.96900 45.73900 -0.92232 2.09168 0.00000 0.60000 0.60000 10.00000 0.01300 0.00000 0.00000 USH4
76.33800 42.11000 -0.41897 6.24096 0.00000 0.40000 0.40000 10.00000 0.00100 0.00000 0.00000 URS4
71.95800 42.35400 -0.93651 1.44518 0.00000 0.30000 0.30000 10.00000 0.01300 0.00000 0.00000 URM4
75.08000 42.34600 -0.45930 3.69522 0.00000 0.50000 0.50000 10.00000 0.01600 0.00000 0.00000 ULU4
78.92600 42.85800 0.37516 6.05658 0.00000 0.40000 0.40000 10.00000 0.00400 0.00000 0.00000 ULT4
75.95900 41.93400 -0.72051 6.63811 0.00000 0.30000 0.30000 10.00000 0.00500 0.00000 0.00000 UKO4
70.25400 42.28000 -1.76306 1.28563 0.00000 0.40000 0.40000 10.00000 0.01500 0.00000 0.00000 UGAM
73.33400 40.56900 -1.52871 7.01975 0.00000 0.50000 0.50000 10.00000 0.01700 0.00000 0.00000 TZB4
78.50900 42.63200 -0.23429 7.64026 0.00000 0.30000 0.30000 10.00000 0.00300 0.00000 0.00000 TYUP
71.20300 40.21200 -0.86472 3.84181 0.00000 0.70000 0.60000 10.00000 0.04500 0.00000 0.00000 TUT4
79.29700 43.02900 1.38186 4.75844 0.00000 0.40000 0.40000 10.00000 0.00700 0.00000 0.00000 TUM4
78.94800 42.41500 0.63780 9.66181 0.00000 0.30000 0.30000 10.00000 0.00700 0.00000 0.00000 TUA4
74.79000 42.05500 -0.57393 4.91630 0.00000 0.40000 0.40000 10.00000 -0.00700 -0.00000 -0.00000 TSH5
80.12600 45.51400 -2.79554 2.18809 0.00000 0.70000 0.70000 10.00000 0.03200 0.00000 0.00000 TRY4
83.63000 50.38200 -2.62217 0.76218 0.00000 0.60000 0.70000 10.00000 0.00500 0.00000 0.00000 TRM4
75.38300 40.57800 -0.30037 10.57928 0.00000 0.40000 0.40000 10.00000 0.00600 0.00000 0.00000 TRG4
77.31100 42.17600 0.05895 8.60991 0.00000 0.30000 0.30000 10.00000 0.01100 0.00000 0.00000 TOS4
77.05200 42.15700 0.46376 7.73825 0.00000 0.40000 0.40000 10.00000 0.00400 0.00000 0.00000 TON4
75.83700 42.35500 0.21624 4.00387 0.00000 0.30000 0.30000 10.00000 0.00800 0.00000 0.00000 TOK6
75.26300 40.88900 -0.77556 9.44706 0.00000 0.40000 0.40000 10.00000 0.00600 0.00000 0.00000 THR4
74.72200 41.51100 -1.01287 5.19762 0.00000 0.40000 0.40000 10.00000 0.00600 0.00000 0.00000 TGU4
71.14600 41.53900 -1.86650 1.72626 0.00000 0.30000 0.30000 10.00000 0.01100 0.00000 0.00000 TER4
80.86600 46.08100 -1.24612 2.29386 0.00000 0.60000 0.70000 10.00000 0.03200 0.00000 0.00000 TEN4
73.33300 41.78500 -1.43963 3.21874 0.00000 0.40000 0.40000 10.00000 0.01100 0.00000 0.00000 TEM4
78.84200 44.85500 -1.13716 1.83271 0.00000 0.50000 0.50000 10.00000 0.00500 0.00000 0.00000 TEK4
76.59400 42.13700 0.27620 7.21157 0.00000 0.30000 0.30000 10.00000 0.01200 0.00000 0.00000 TEG4
77.55300 42.13700 -0.15071 9.07740 0.00000 0.40000 0.40000 10.00000 0.00500 0.00000 0.00000 TAM4
73.65700 44.23800 -0.43562 1.70696 0.00000 0.70000 0.80000 10.00000 0.00900 0.00000 0.00000 TALD
73.25700 39.73200 -0.57893 8.39799 0.00000 0.60000 0.60000 10.00000 0.02300 0.00000 0.00000 SYT4
80.41200 42.90600 1.05000 6.36809 0.00000 0.40000 0.40000 10.00000 0.00800 0.00000 0.00000 SUM4
78.22600 43.43300 0.74137 2.96233 0.00000 0.60000 0.60000 10.00000 0.02000 0.00000 0.00000 SUG4
75.81400 42.12800 0.19865 4.69764 0.00000 0.80000 0.80000 10.00000 0.01700 0.00000 0.00000 STE4
77.89000 42.34900 -0.24305 8.56886 0.00000 0.40000 0.40000 10.00000 -0.00100 -0.00000 -0.00000 SSR4
78.27500 43.22700 0.52151 3.57584 0.00000 0.50000 0.50000 10.00000 0.00400 0.00000 0.00000 SRT4
73.90100 42.64400 -0.99175 1.87340 0.00000 0.50000 0.60000 10.00000 0.01400 0.00000 0.00000 SOS4
75.42300 41.91400 -1.00577 5.78968 0.00000 0.30000 0.30000 10.00000 0.00300 0.00000 0.00000 SON4
77.62700 41.91800 0.33043 9.79716 0.00000 0.40000 0.40000 10.00000 -0.00200 -0.00000 -0.00000 SMO4
75.77200 40.47600 0.07961 11.18521 0.00000 0.60000 0.60000 10.00000 0.01500 0.00000 0.00000 SME4
83.49100 49.54100 -2.84179 0.42469 0.00000 0.60000 0.60000 10.00000 0.00800 0.00000 0.00000 SLP4
76.35400 42.24600 0.69077 5.64613 0.00000 0.40000 0.50000 10.00000 0.01100 0.00000 0.00000 SKT4
79.32200 42.60400 1.74545 9.16470 0.00000 0.40000 0.40000 10.00000 0.00200 0.00000 0.00000 SKR4
77.95900 42.09500 0.03516 9.98858 0.00000 0.40000 0.40000 10.00000 -0.00200 -0.00000 -0.00000 SJK4
72.78900 41.30200 -2.65503 4.37136 0.00000 1.00000 1.00000 10.00000 0.03600 0.00000 0.00000 SHY5
79.30400 42.86800 1.16708 5.26051 0.00000 0.40000 0.40000 10.00000 0.00600 0.00000 0.00000 SHL4
71.53200 42.45400 -1.00906 1.43002 0.00000 0.30000 0.30000 10.00000 0.01000 0.00000 0.00000 SHI4
78.93600 43.69000 0.94795 4.15869 0.00000 0.60000 0.60000 10.00000 0.01800 0.00000 0.00000 SHE4
80.48700 43.25100 1.17926 6.28888 0.00000 0.50000 0.50000 10.00000 0.01500 0.00000 0.00000 SHD4
75.39700 42.62200 0.05328 4.08342 0.00000 0.40000 0.40000 10.00000 0.06700 0.00000 0.00000 SHA5
78.81300 43.43000 0.72665 4.32441 0.00000 0.40000 0.50000 10.00000 0.00700 0.00000 0.00000 SGD4
78.74200 43.90000 0.57224 2.90567 0.00000 0.50000 0.60000 10.00000 0.01700 0.00000 0.00000 SEX4
76.04500 42.27500 -0.09630 5.45998 0.00000 0.30000 0.30000 10.00000 0.00800 0.00000 0.00000 SEM4
74.15300 42.05200 -1.05080 3.64291 0.00000 0.30000 0.30000 10.00000 0.00400 0.00000 0.00000 SDY4
81.18600 47.38100 -2.19992 -0.41677 -0.00000 0.70000 0.70000 10.00000 0.03600 0.00000 0.00000 SDT4
78.40800 43.05700 1.50436 4.41221 0.00000 0.70000 0.70000 10.00000 0.00400 0.00000 0.00000 SATY
71.70100 40.77400 -1.94839 4.87567 0.00000 0.40000 0.40000 10.00000 0.00300 0.00000 0.00000 SARY
85.79400 49.19300 -3.19919 1.76645 0.00000 0.70000 0.70000 10.00000 0.01100 0.00000 0.00000 SAR4
70.88100 41.69700 -1.54072 1.65469 0.00000 0.40000 0.40000 10.00000 0.01600 0.00000 0.00000 SAN4
82.55000 49.47100 -2.14333 -0.83733 -0.00000 0.70000 0.70000 10.00000 0.01400 0.00000 0.00000 SAL4
76.71500 42.25000 0.98165 5.54481 0.00000 0.40000 0.40000 10.00000 0.00500 0.00000 0.00000 SAK4
79.74000 42.90500 1.36182 8.48106 0.00000 0.60000 0.60000 10.00000 0.00900 0.00000 0.00000 SAAZ
76.10300 42.52300 1.12215 4.57657 0.00000 0.40000 0.40000 10.00000 0.01300 0.00000 0.00000 RYB4
78.90600 42.54800 0.15071 9.05037 0.00000 0.40000 0.40000 10.00000 -0.00200 -0.00000 -0.00000 RTS4
72.66700 42.70600 -1.33649 1.03715 0.00000 0.50000 0.50000 10.00000 0.00700 0.00000 0.00000 RTR4
70.39100 39.86400 -1.05121 3.02295 0.00000 0.60000 0.60000 10.00000 0.04200 0.00000 0.00000 RTC4
75.73200 41.69700 -0.33241 6.57481 0.00000 0.30000 0.30000 10.00000 0.00400 0.00000 0.00000 RSR4
75.37000 41.76000 0.18464 5.37514 0.00000 0.30000 0.30000 10.00000 0.00400 0.00000 0.00000 RSO4
74.74200 41.72600 -0.79627 4.80282 0.00000 0.40000 0.40000 10.00000 0.00100 0.00000 0.00000 RKR4
79.14200 41.96400 0.39902 11.21683 0.00000 0.80000 0.80000 10.00000 0.00800 0.00000 0.00000 RKA4
75.19500 43.17400 -1.69278 1.42738 0.00000 0.50000 0.50000 10.00000 0.01400 0.00000 0.00000 RGA4
82.30600 46.12100 0.03901 3.09508 0.00000 0.70000 0.70000 10.00000 0.03900 0.00000 0.00000 RAS4
74.25200 41.91200 -0.96493 4.26890 0.00000 0.30000 0.30000 10.00000 0.00700 0.00000 0.00000 RAL4
73.62700 41.28800 -2.68888 5.49967 0.00000 0.40000 0.40000 10.00000 0.00000 0.00000 0.00000 PUR4
75.08800 40.57800 -0.39144 9.39830 0.00000 0.40000 0.40000 10.00000 0.00700 0.00000 0.00000 PTU4
78.86100 42.62000 0.75772 7.83691 0.00000 0.40000 0.40000 10.00000 0.00100 0.00000 0.00000 PTO4
82.59800 50.35700 -2.81645 1.07618 0.00000 0.70000 0.70000 10.00000 0.01000 0.00000 0.00000 PSE4
78.29200 42.54700 0.26347 7.78101 0.00000 0.40000 0.40000 10.00000 0.00000 0.00000 0.00000 PPR4
78.07600 43.20800 0.72612 3.62078 0.00000 0.70000 0.70000 10.00000 0.01700 0.00000 0.00000 PKZ4
80.22800 43.75600 1.02923 5.31616 0.00000 0.40000 0.50000 10.00000 0.00600 0.00000 0.00000 PDB4
79.06000 42.39600 0.73352 8.99297 0.00000 0.40000 0.40000 10.00000 -0.00300 -0.00000 -0.00000 PCH4
80.04000 43.99400 1.05342 2.36419 0.00000 0.50000 0.50000 10.00000 0.02000 0.00000 0.00000 PAN0
75.13000 40.84800 -0.97407 9.01072 0.00000 0.40000 0.40000 10.00000 0.00400 0.00000 0.00000 PAK4
74.07600 40.43600 -1.96493 10.02214 0.00000 0.40000 0.40000 10.00000 -0.00400 -0.00000 -0.00000 OYT4
77.91800 42.44000 -0.53527 8.37715 0.00000 0.30000 0.30000 10.00000 0.00300 0.00000 0.00000 ORGO
75.98300 41.57700 -0.74901 7.74435 0.00000 0.80000 0.80000 10.00000 0.03500 0.00000 0.00000 ONA4
67.67000 40.29100 -1.28253 2.89508 0.00000 0.40000 0.40000 10.00000 0.00300 0.00000 0.00000 OKT1
74.54900 42.04000 -0.46511 3.75188 0.00000 0.30000 0.30000 10.00000 0.00500 0.00000 0.00000 OGI4
75.84900 41.43300 -0.85535 10.10699 0.00000 0.70000 0.70000 10.00000 0.02500 0.00000 0.00000 OBO4
78.37400 42.68400 -0.12598 6.40386 0.00000 0.40000 0.40000 10.00000 0.00200 0.00000 0.00000 NTP4
79.21000 43.13900 0.99394 5.33453 0.00000 0.40000 0.40000 10.00000 0.00400 0.00000 0.00000 NTE4
73.76300 40.88000 -2.92467 8.03602 0.00000 0.40000 0.40000 10.00000 -0.00300 -0.00000 -0.00000 NSB4
74.69000 41.82000 -0.68825 5.18929 0.00000 0.40000 0.40000 10.00000 -0.00100 -0.00000 -0.00000 NRK4
79.21000 42.66500 0.75266 9.23453 0.00000 0.40000 0.40000 10.00000 0.00400 0.00000 0.00000 NKR4
78.23800 42.40600 -1.54615 9.66646 0.00000 0.80000 0.80000 10.00000 0.01200 0.00000 0.00000 NJT4
77.94600 42.24800 -0.45205 9.78444 0.00000 0.40000 0.40000 10.00000 -0.00400 -0.00000 -0.00000 NJK4
75.73000 41.87500 -1.01869 5.87479 0.00000 0.80000 0.80000 10.00000 0.00300 0.00000 0.00000 NGS4
80.00000 42.59900 2.23260 9.25377 0.00000 0.70000 0.70000 10.00000 0.01200 0.00000 0.00000 NBA4
76.25500 41.44600 -0.36763 9.91912 0.00000 0.40000 0.40000 10.00000 0.01600 0.00000 0.00000 NAR5
73.31800 42.17500 -0.00912 2.41559 0.00000 0.40000 0.40000 10.00000 0.00700 0.00000 0.00000 MUS4
73.79600 38.13700 -6.58430 23.24435 0.00000 0.60000 0.60000 10.00000 0.00500 0.00000 0.00000 MURG
78.11200 42.43900 -0.04084 8.73115 0.00000 0.40000 0.40000 10.00000 -0.00400 -0.00000 -0.00000 MUN4
76.57200 41.12900 -1.29904 11.50535 0.00000 0.90000 0.90000 10.00000 0.04700 0.00000 0.00000 MUD4
75.03800 41.66900 -0.71215 5.48479 0.00000 0.30000 0.30000 10.00000 0.00400 0.00000 0.00000 MOL4
79.32300 42.75700 0.65820 8.76571 0.00000 0.50000 0.50000 10.00000 0.00100 0.00000 0.00000 MNJ4
73.04500 42.24800 -0.69126 1.74089 0.00000 0.40000 0.40000 10.00000 0.00900 0.00000 0.00000 MKR4
73.34100 42.52400 -1.48065 1.12082 0.00000 0.50000 0.50000 10.00000 0.01000 0.00000 0.00000 MER4
70.15700 40.03500 -0.32764 1.15969 0.00000 0.60000 0.60000 10.00000 0.03300 0.00000 0.00000 MDG4
76.47800 43.15500 -0.93591 2.98039 0.00000 0.40000 0.40000 10.00000 0.00700 0.00000 0.00000 MAY1
78.50100 44.22500 -0.99145 1.43818 0.00000 0.60000 0.60000 10.00000 0.01500 0.00000 0.00000 MAT4
73.22100 41.57200 -1.15193 4.68863 0.00000 0.40000 0.40000 10.00000 0.01200 0.00000 0.00000 LJM4
69.93300 39.77400 -0.63339 2.89954 0.00000 0.60000 0.60000 10.00000 0.05700 0.00000 0.00000 LAM4
75.97700 40.52300 0.97789 11.24229 0.00000 0.70000 0.70000 10.00000 0.01900 0.00000 0.00000 KZY4
73.32300 39.37900 -5.50246 15.71564 0.00000 0.70000 0.70000 10.00000 0.01500 0.00000 0.00000 KYZY
75.13500 42.09200 -0.78211 4.61077 0.00000 0.30000 0.30000 10.00000 0.00600 0.00000 0.00000 KYZ4
68.71500 37.87400 -9.58147 7.27292 0.00000 0.80000 0.80000 10.00000 0.01600 0.00000 0.00000 KURG
75.56900 41.35800 -0.95134 9.03016 0.00000 0.30000 0.30000 10.00000 0.01200 0.00000 0.00000 KUN4
75.76100 41.74900 0.27141 6.38310 0.00000 0.80000 0.80000 10.00000 0.05000 0.00000 0.00000 KUK4
79.85800 43.63000 1.22442 5.71429 0.00000 0.70000 0.70000 10.00000 0.02000 0.00000 0.00000 KUD4
76.19800 42.89500 -0.84967 1.90354 0.00000 0.50000 0.50000 10.00000 0.01100 0.00000 0.00000 KTY4
73.38500 45.78500 -0.06072 3.03326 0.00000 0.60000 0.60000 10.00000 0.00100 0.00000 0.00000 KTSS
76.38700 42.61900 0.32112 3.65546 0.00000 0.40000 0.40000 10.00000 0.02200 0.00000 0.00000 KTE4
83.99800 47.67000 -1.09337 2.16512 0.00000 0.70000 0.70000 10.00000 0.02200 0.00000 0.00000 KST4
77.74400 44.59200 -2.43757 1.32936 0.00000 0.60000 0.70000 10.00000 0.02600 0.00000 0.00000 KSH4
73.66700 41.34400 -1.48710 5.01006 0.00000 0.50000 0.50000 10.00000 0.00000 0.00000 0.00000 KRV4
76.44300 40.73400 -0.12192 12.17003 0.00000 0.70000 0.70000 10.00000 0.01200 0.00000 0.00000 KRU4
75.04800 41.48700 -0.72589 6.08790 0.00000 0.40000 0.40000 10.00000 0.00500 0.00000 0.00000 KRT4
79.92600 43.02700 1.16912 5.83300 0.00000 0.40000 0.40000 10.00000 0.00500 0.00000 0.00000 KRS4
78.16100 43.48300 0.24849 2.64466 0.00000 0.60000 0.60000 10.00000 0.01400 0.00000 0.00000 KRM4
76.43400 41.12200 -0.69561 11.46794 0.00000 0.40000 0.40000 10.00000 0.00800 0.00000 0.00000 KRL6
71.90400 39.49400 -1.43991 5.13165 0.00000 0.60000 0.60000 10.00000 0.04800 0.00000 0.00000 KRK4
85.06600 48.79700 -2.85142 0.56259 0.00000 0.90000 0.90000 10.00000 0.04900 0.00000 0.00000 KRC4
76.07200 41.78100 -0.23662 7.76826 0.00000 0.30000 0.30000 10.00000 0.00400 0.00000 0.00000 KRB4
73.88100 41.80800 -1.06053 3.06920 0.00000 0.50000 0.50000 10.00000 0.01500 0.00000 0.00000 KOVK
76.52000 40.91800 -0.11250 12.79182 0.00000 0.70000 0.70000 10.00000 0.01000 0.00000 0.00000 KOS4
84.95900 49.41200 -2.56835 0.23344 0.00000 0.70000 0.70000 10.00000 0.01300 0.00000 0.00000 KOR4
79.88500 46.95900 -3.22696 0.22157 0.00000 0.80000 0.80000 10.00000 0.03500 0.00000 0.00000 KOL4
76.40800 41.89200 -1.33784 8.56068 0.00000 0.70000 0.70000 10.00000 0.02400 0.00000 0.00000 KOG4
78.82500 43.02400 0.99120 4.82853 0.00000 0.40000 0.40000 10.00000 0.00100 0.00000 0.00000 KNS4
71.46400 39.87500 -1.09907 5.51235 0.00000 0.60000 0.60000 10.00000 0.03100 0.00000 0.00000 KNG4
70.97500 39.74200 -0.68411 4.58060 0.00000 0.60000 0.60000 10.00000 0.02800 0.00000 0.00000 KLM4
75.55000 41.01800 -1.07469 9.52496 0.00000 0.80000 0.70000 10.00000 0.02900 0.00000 0.00000 KKY4
70.22200 43.27100 -1.07292 1.17732 0.00000 0.60000 0.60000 10.00000 0.00900 0.00000 0.00000 KKT4
75.14600 42.25700 -0.66839 3.91488 0.00000 0.40000 0.40000 10.00000 0.01000 0.00000 0.00000 KKO4
76.20500 41.90200 -0.63123 8.10461 0.00000 0.50000 0.50000 10.00000 0.02300 0.00000 0.00000 KKD4
74.92800 41.73700 -0.40290 4.95469 0.00000 0.40000 0.40000 10.00000 0.00100 0.00000 0.00000 KKC4
72.73500 39.67800 -0.96309 7.25682 0.00000 0.60000 0.60000 10.00000 0.02500 0.00000 0.00000 KKB4
72.89400 41.69500 -1.42997 3.69940 0.00000 0.40000 0.40000 10.00000 0.01400 0.00000 0.00000 KKA4
73.19000 41.00100 -2.69394 6.57933 0.00000 0.50000 0.50000 10.00000 -0.01500 -0.00000 -0.00000 KJA6
74.06600 42.20400 -0.83472 2.91904 0.00000 0.30000 0.30000 10.00000 0.00200 0.00000 0.00000 KIN4
72.29700 40.36200 -0.50082 4.93751 0.00000 0.60000 0.60000 10.00000 0.03800 0.00000 0.00000 KHZ4
73.67200 44.38000 -0.42180 -0.18789 -0.00000 0.50000 0.60000 10.00000 0.00500 0.00000 0.00000 KHA4
80.35500 43.40000 1.69439 5.45149 0.00000 0.50000 0.50000 10.00000 0.00500 0.00000 0.00000 KET4
76.05700 42.75900 -0.15704 2.06411 0.00000 0.50000 0.50000 10.00000 0.01400 0.00000 0.00000 KEK4
69.82400 42.03600 -1.96213 1.27050 0.00000 0.40000 0.40000 10.00000 0.01700 0.00000 0.00000 KAZY
80.00800 42.74000 1.64335 8.45586 0.00000 0.70000 0.60000 10.00000 0.01700 0.00000 0.00000 KAT4
76.84000 41.13200 -0.20685 11.97909 0.00000 0.30000 0.30000 10.00000 0.00500 0.00000 0.00000 KASU
75.96700 43.04500 -1.22914 3.14019 0.00000 0.70000 0.80000 10.00000 0.00500 0.00000 0.00000 KAST
75.44300 42.30000 -0.17542 3.69588 0.00000 0.30000 0.30000 10.00000 0.00600 0.00000 0.00000 KAS4
76.77600 41.73300 0.03929 9.76143 0.00000 0.40000 0.40000 10.00000 0.01900 0.00000 0.00000 KAR4
76.39700 42.30600 0.49455 4.65856 0.00000 0.40000 0.40000 10.00000 0.00800 0.00000 0.00000 KAL4
72.90400 42.80600 -0.93846 2.70149 0.00000 0.40000 0.40000 10.00000 0.00800 0.00000 0.00000 KAK1
76.10100 41.17300 -1.08168 11.47655 0.00000 0.50000 0.50000 10.00000 0.02400 0.00000 0.00000 KAI4
81.60900 49.52800 -1.52275 0.60069 0.00000 0.80000 0.70000 10.00000 0.01900 0.00000 0.00000 KAB4
80.04700 49.06500 0.33983 -0.23373 -0.00000 0.70000 0.70000 10.00000 0.02500 0.00000 0.00000 K241
75.84400 47.85200 -0.90630 -1.89406 -0.00000 0.70000 0.70000 10.00000 0.02000 0.00000 0.00000 K231
76.06400 49.38500 -0.80507 0.36618 0.00000 0.70000 0.70000 10.00000 0.02800 0.00000 0.00000 K221
78.40600 49.19400 -2.10505 0.51119 0.00000 0.80000 0.80000 10.00000 0.05800 0.00000 0.00000 K211
78.90000 50.16800 -1.37753 -0.45169 -0.00000 0.70000 0.70000 10.00000 0.04200 0.00000 0.00000 K201
75.78300 50.80800 -0.78554 -1.01068 -0.00000 0.80000 0.70000 10.00000 0.02100 0.00000 0.00000 K191
73.55300 45.75500 0.12868 -0.52007 -0.00000 0.70000 0.70000 10.00000 0.01800 0.00000 0.00000 K181
74.57100 46.90800 0.12348 -0.54290 -0.00000 0.70000 0.70000 10.00000 0.02500 0.00000 0.00000 K171
73.66000 49.40700 -0.40811 -0.89201 -0.00000 0.90000 0.70000 10.00000 0.05500 0.00000 0.00000 K161
71.84800 51.33800 -0.22859 -0.38489 -0.00000 0.70000 0.70000 10.00000 0.01800 0.00000 0.00000 K151
74.01000 51.69400 -0.27515 -0.99652 -0.00000 0.90000 0.70000 10.00000 0.02500 0.00000 0.00000 K141
69.65000 43.50400 -0.92085 0.72383 0.00000 1.00000 0.80000 10.00000 0.04000 0.00000 0.00000 K121
69.03400 43.37600 -1.80028 0.65895 0.00000 0.90000 0.80000 10.00000 0.02500 0.00000 0.00000 K111
66.46200 47.82800 -0.82678 -0.92315 -0.00000 0.90000 0.70000 10.00000 0.04200 0.00000 0.00000 K091
70.01900 49.01300 -1.38229 -1.17763 -0.00000 0.80000 0.70000 10.00000 0.01700 0.00000 0.00000 K081
65.79500 48.05200 -0.35051 -0.19929 -0.00000 0.80000 0.70000 10.00000 0.03700 0.00000 0.00000 K071
66.31600 51.75100 0.18140 0.93750 0.00000 1.00000 0.70000 10.00000 0.01900 0.00000 0.00000 K051
75.64500 42.10500 -0.99778 5.45193 0.00000 0.30000 0.30000 10.00000 0.01400 0.00000 0.00000 JUA4
78.22400 43.10400 0.31183 3.66231 0.00000 0.40000 0.50000 10.00000 0.00400 0.00000 0.00000 JNI4
73.68600 40.63700 -3.03900 7.71525 0.00000 0.50000 0.50000 10.00000 0.00400 0.00000 0.00000 JLK4
75.33400 43.01100 -1.21303 1.46578 0.00000 0.40000 0.40000 10.00000 0.00000 0.00000 0.00000 JJO4
78.27400 42.29700 -0.05608 9.57483 0.00000 0.40000 0.40000 10.00000 0.00300 0.00000 0.00000 JET4
78.68100 43.25400 1.01428 3.68804 0.00000 0.40000 0.40000 10.00000 0.00300 0.00000 0.00000 JAP4
77.49000 43.26100 -0.35519 3.35975 0.00000 0.60000 0.80000 10.00000 0.03800 0.00000 0.00000 ISY5
78.21000 41.60100 1.49129 11.15817 0.00000 0.40000 0.50000 10.00000 -0.00200 -0.00000 -0.00000 ISH4
78.18800 43.95300 -0.81019 1.85194 0.00000 0.70000 0.70000 10.00000 0.02300 0.00000 0.00000 ILI4
73.79600 39.65400 0.39545 9.94435 0.00000 0.70000 0.60000 10.00000 0.00300 0.00000 0.00000 IKZ4
73.06700 42.49300 -0.97165 1.54711 0.00000 0.30000 0.30000 10.00000 0.00800 0.00000 0.00000 HRT4
73.80200 42.42600 -0.80712 1.14641 0.00000 0.30000 0.30000 10.00000 -0.00600 -0.00000 -0.00000 HON4
76.76700 42.64100 0.31190 3.65934 0.00000 0.30000 0.30000 10.00000 0.01000 0.00000 0.00000 HOK4
83.59000 49.82800 -2.30207 -0.54825 -0.00000 0.70000 0.70000 10.00000 0.00400 0.00000 0.00000 HEB4
77.13900 42.07100 0.25564 8.56115 0.00000 0.40000 0.40000 10.00000 0.00900 0.00000 0.00000 GTA4
78.62100 43.54600 0.74305 3.77042 0.00000 0.40000 0.40000 10.00000 0.00500 0.00000 0.00000 GSO4
78.92100 43.03900 0.89091 4.85453 0.00000 0.40000 0.40000 10.00000 0.00300 0.00000 0.00000 GKU4
76.72500 42.17100 -0.02526 6.74791 0.00000 0.40000 0.40000 10.00000 0.00900 0.00000 0.00000 GKO4
78.78700 43.66400 0.54941 4.91714 0.00000 0.70000 0.70000 10.00000 0.01400 0.00000 0.00000 GBL4
68.51500 37.64200 -8.18227 5.72003 0.00000 0.60000 0.60000 10.00000 0.01200 0.00000 0.00000 GARA
84.93100 48.22100 -0.42787 2.92514 0.00000 0.70000 0.70000 10.00000 0.01900 0.00000 0.00000 GAK4
80.30800 43.06100 1.56603 6.03900 0.00000 0.40000 0.40000 10.00000 0.00100 0.00000 0.00000 ESE4
76.42200 41.49400 0.43178 11.26482 0.00000 0.70000 0.70000 10.00000 0.02500 0.00000 0.00000 ENG4
74.45200 41.82100 -0.97846 5.12391 0.00000 0.30000 0.30000 10.00000 0.00500 0.00000 0.00000 EME4
76.46800 41.82000 -0.54491 8.27829 0.00000 0.30000 0.30000 10.00000 0.00600 0.00000 0.00000 ELB4
76.36700 43.00500 -1.84636 2.45026 0.00000 0.60000 0.60000 10.00000 0.02000 0.00000 0.00000 EGA4
74.36600 41.47600 -1.70264 5.40204 0.00000 0.40000 0.40000 10.00000 0.00000 0.00000 0.00000 DYU4
68.62500 38.51600 -5.84436 10.75007 0.00000 0.90000 0.90000 10.00000 0.02600 0.00000 0.00000 DUSC
73.61900 40.92500 -3.01527 7.89759 0.00000 0.60000 0.60000 10.00000 0.00800 0.00000 0.00000 DNG4
74.46900 40.98700 -0.84218 7.82908 0.00000 0.50000 0.50000 10.00000 0.00600 0.00000 0.00000 DJR4
73.95600 41.89600 -0.75491 3.98894 0.00000 0.30000 0.30000 10.00000 0.00500 0.00000 0.00000 DJE4
76.49800 41.24500 -0.48802 11.88559 0.00000 0.70000 0.70000 10.00000 0.01200 0.00000 0.00000 DJA4
75.76600 43.24500 -1.00574 1.38415 0.00000 0.50000 0.50000 10.00000 0.01200 0.00000 0.00000 DEGE
72.28600 39.57300 -2.15137 7.53440 0.00000 0.60000 0.60000 10.00000 0.03100 0.00000 0.00000 DAT4
78.45700 43.13700 1.00910 4.52672 0.00000 0.40000 0.40000 10.00000 0.00000 0.00000 0.00000 DAL4
74.00200 43.42300 -1.12702 0.40140 0.00000 0.40000 0.40000 10.00000 -0.00500 -0.00000 -0.00000 CHU4
76.05200 41.33400 -0.36881 10.56305 0.00000 0.70000 0.70000 10.00000 0.01900 0.00000 0.00000 CHT4
78.97600 43.27100 1.10941 4.47010 0.00000 0.40000 0.40000 10.00000 0.00100 0.00000 0.00000 CHR4
77.07500 42.71900 0.10984 4.44449 0.00000 0.30000 0.30000 10.00000 0.01800 0.00000 0.00000 CHO4
77.84500 43.26700 -0.16427 3.55640 0.00000 0.40000 0.50000 10.00000 0.00200 0.00000 0.00000 CHL4
77.73900 41.52700 0.69778 11.52831 0.00000 0.60000 0.60000 10.00000 0.00700 0.00000 0.00000 CHK4
78.87800 43.58400 0.53926 6.54308 0.00000 0.60000 0.60000 10.00000 0.00600 0.00000 0.00000 CHIL
75.75000 40.68600 -0.00472 11.57999 0.00000 0.70000 0.70000 10.00000 0.02100 0.00000 0.00000 CEK4
72.09000 40.19900 -1.60382 7.08048 0.00000 0.40000 0.40000 10.00000 0.00600 0.00000 0.00000 CAUV
68.10400 41.24500 -1.83547 1.91115 0.00000 0.40000 0.40000 10.00000 0.02000 0.00000 0.00000 CAR1
75.72900 42.74900 -0.64697 2.27478 0.00000 0.30000 0.30000 10.00000 0.00400 0.00000 0.00000 BYS4
76.43200 42.81100 -0.86430 2.46792 0.00000 0.30000 0.40000 10.00000 0.00300 0.00000 0.00000 BUZ4
79.05300 42.26100 1.22376 9.89090 0.00000 0.40000 0.40000 10.00000 -0.00100 -0.00000 -0.00000 BUR4
75.02000 41.18600 -1.34630 8.47961 0.00000 0.40000 0.40000 10.00000 0.00400 0.00000 0.00000 BTR4
70.76500 40.04800 -0.55587 2.42256 0.00000 0.60000 0.60000 10.00000 0.03300 0.00000 0.00000 BTK4
70.52000 42.56900 -1.45139 1.15819 0.00000 0.60000 0.60000 10.00000 0.01800 0.00000 0.00000 BRL4
71.28300 43.77700 0.22455 0.96259 0.00000 0.70000 0.70000 10.00000 0.00400 0.00000 0.00000 BOST
73.23500 41.64800 -1.34709 4.19177 0.00000 0.40000 0.40000 10.00000 0.01100 0.00000 0.00000 BOR4
83.98400 49.03800 -2.01493 0.16197 0.00000 0.70000 0.70000 10.00000 0.00700 0.00000 0.00000 BOL4
73.21200 42.76800 -1.35350 0.58654 0.00000 0.80000 0.70000 10.00000 -0.00100 -0.00000 -0.00000 BOK4
75.42600 40.75700 -0.49084 10.49171 0.00000 0.70000 0.70000 10.00000 0.02000 0.00000 0.00000 BKE4
79.41600 45.13700 -1.42114 2.19168 0.00000 0.70000 0.70000 10.00000 0.03600 0.00000 0.00000 BIN4
75.03000 40.64600 -0.38439 9.18271 0.00000 0.40000 0.40000 10.00000 0.00500 0.00000 0.00000 BET4
70.52400 40.35700 -1.92350 5.35923 0.00000 0.60000 0.60000 10.00000 0.00800 0.00000 0.00000 BESH
75.79500 42.81800 -0.54328 2.19245 0.00000 0.30000 0.30000 10.00000 0.00600 0.00000 0.00000 BES4
75.65700 42.95700 -0.72702 2.35505 0.00000 0.50000 0.50000 10.00000 0.01400 0.00000 0.00000 BER4
67.04600 38.17500 -1.87878 5.23126 0.00000 0.60000 0.60000 10.00000 0.01700 0.00000 0.00000 BAYS
75.08300 41.07900 -1.15632 8.19725 0.00000 0.40000 0.40000 10.00000 0.00700 0.00000 0.00000 BAY4
75.01900 41.57600 -0.51794 4.87960 0.00000 0.40000 0.40000 10.00000 0.00300 0.00000 0.00000 BAU4
77.61600 42.00800 0.13832 9.79404 0.00000 0.50000 0.50000 10.00000 0.03600 0.00000 0.00000 BAR4
73.98000 45.06900 -1.46344 0.59518 0.00000 0.70000 0.80000 10.00000 0.01100 0.00000 0.00000 BALH
73.26800 39.51300 -2.79254 10.10110 0.00000 0.60000 0.60000 10.00000 0.02800 0.00000 0.00000 BAB4
77.11400 43.89700 0.11416 1.85589 0.00000 0.40000 0.50000 10.00000 0.00300 0.00000 0.00000 AZO4
76.96600 43.05900 -0.65931 3.31437 0.00000 0.50000 0.50000 10.00000 0.00900 0.00000 0.00000 AST4
78.14800 43.31000 0.33177 3.04053 0.00000 0.50000 0.50000 10.00000 0.00200 0.00000 0.00000 ASS4
81.10500 50.09100 -1.23429 -0.43962 -0.00000 0.70000 0.70000 10.00000 0.02700 0.00000 0.00000 ASR4
73.49400 42.70000 -1.97141 0.86334 0.00000 0.50000 0.50000 10.00000 0.01700 0.00000 0.00000 ASP4
73.53800 40.07500 0.63050 7.47478 0.00000 0.70000 0.70000 10.00000 0.05800 0.00000 0.00000 ASK4
74.82700 40.83800 -0.76408 8.12767 0.00000 0.40000 0.40000 10.00000 0.00800 0.00000 0.00000 ARP4
79.65700 46.64900 -0.86010 1.55819 0.00000 0.90000 0.90000 10.00000 0.06700 0.00000 0.00000 ARG4
76.66500 41.69300 0.23870 8.73230 0.00000 0.70000 0.70000 10.00000 0.02000 0.00000 0.00000 ARC4
77.75000 41.86000 0.92317 9.73042 0.00000 0.40000 0.40000 10.00000 -0.00400 -0.00000 -0.00000 ARA4
70.08200 41.10200 -0.84895 3.83997 0.00000 0.60000 0.60000 10.00000 0.00300 0.00000 0.00000 ANGR
69.51400 39.73700 -1.21678 4.18753 0.00000 0.70000 0.60000 10.00000 0.06000 0.00000 0.00000 AND4
77.60300 42.79000 0.10213 4.48991 0.00000 0.30000 0.30000 10.00000 0.01400 0.00000 0.00000 ANA4
74.24400 40.33100 -2.07829 13.36682 0.00000 0.40000 0.40000 10.00000 0.00600 0.00000 0.00000 ALUN
77.76300 43.90800 -0.40385 1.03456 0.00000 0.40000 0.40000 10.00000 0.00300 0.00000 0.00000 ALT4
69.73000 40.82900 -1.15124 2.94459 0.00000 0.50000 0.50000 10.00000 -0.02700 -0.00000 -0.00000 ALM1
76.16700 42.31300 0.10326 4.79422 0.00000 0.40000 0.40000 10.00000 0.01300 0.00000 0.00000 ALB5
76.85400 42.88500 0.02928 2.88323 0.00000 0.40000 0.40000 10.00000 0.00400 0.00000 0.00000 AKK4
78.54200 41.79500 1.59800 10.54960 0.00000 0.40000 0.40000 10.00000 -0.00500 -0.00000 -0.00000 AKH4
80.13500 47.88200 -3.11915 0.59019 0.00000 0.80000 0.70000 10.00000 0.03000 0.00000 0.00000 AKD4
76.95600 42.07300 0.56119 8.51127 0.00000 0.30000 0.30000 10.00000 0.00600 0.00000 0.00000 AKB4
79.96900 42.89600 1.25820 6.94445 0.00000 0.40000 0.40000 10.00000 0.00300 0.00000 0.00000 AIB4
70.02300 40.80000 -1.46831 4.62341 0.00000 0.60000 0.60000 10.00000 0.00800 0.00000 0.00000 ADRA
72.05000 41.78400 -2.38811 1.97009 0.00000 0.30000 0.30000 10.00000 0.01000 0.00000 0.00000 ABD4
73.75500 42.16800 -0.12561 3.63394 0.00000 0.30000 0.30000 10.00000 0.00400 0.00000 0.00000 AAC4
79.27000 41.99000 -0.60838 11.71616 0.00000 1.42000 1.21000 10.00000 0.00800 0.00000 0.00000 UCH4
76.87000 43.33700 -0.58138 3.42739 0.00000 0.66000 0.55000 10.00000 0.03700 0.00000 0.00000 ATAK
75.29000 42.68000 -1.65645 1.90334 0.00000 0.33000 0.38000 10.00000 -0.02000 -0.00000 -0.00000 IV12
75.15000 42.65000 -1.80895 1.81992 0.00000 0.34000 0.37000 10.00000 -0.03000 -0.00000 -0.00000 IV11
75.03000 42.75000 -1.53269 1.83471 0.00000 0.30000 0.34000 10.00000 -0.03000 -0.00000 -0.00000 IV05
74.87000 42.81000 -3.42924 0.50110 0.00000 0.29000 0.32000 10.00000 -0.04000 -0.00000 -0.00000 IV04
74.58000 42.66000 -2.91307 1.86219 0.00000 0.32000 0.36000 10.00000 -0.02000 -0.00000 -0.00000 IV14
74.48000 42.66000 -1.18574 3.00819 0.00000 0.36000 0.38000 10.00000 -0.08000 -0.00000 -0.00000 IV20
74.48000 42.59000 -2.19064 3.16819 0.00000 0.42000 0.44000 10.00000 -0.01000 -0.00000 -0.00000 IV21
74.42000 42.78000 -1.70569 0.92058 0.00000 0.60000 0.69000 10.00000 -0.04000 -0.00000 -0.00000 IV13
74.07000 42.68000 -2.01737 1.74508 0.00000 0.36000 0.37000 10.00000 -0.04000 -0.00000 -0.00000 IV18
91.91000 38.09000 7.34030 5.56940 0.00000 1.40000 1.40000 10.00000 0.00200 0.00000 0.00000 V303
89.93800 48.98200 2.41298 3.20365 0.00000 0.68000 0.32000 10.00000 0.10600 0.00000 0.00000 ULGI
91.19800 51.33400 -0.08940 0.77753 0.00000 0.65000 0.32000 10.00000 0.08100 0.00000 0.00000 CHAD
91.62900 47.76300 -0.05573 5.16629 0.00000 0.84000 0.47000 10.00000 0.07600 0.00000 0.00000 HOVD
92.07800 49.97100 1.22249 2.39225 0.00000 0.81000 0.39000 10.00000 0.08200 0.00000 0.00000 ULAA
95.02300 50.25000 -1.00482 1.93496 0.00000 0.89000 0.57000 10.00000 0.05400 0.00000 0.00000 ERZN
91.82100 37.88700 9.08805 11.59141 0.00000 1.50000 1.40000 10.00000 -0.00600 -0.00000 -0.00000 MANG
85.67700 38.46600 -1.71680 12.16319 0.00000 0.90000 0.94000 10.00000 0.02500 0.00000 0.00000 AT16
86.01100 37.68100 -2.67004 11.92780 0.00000 0.82000 0.85000 10.00000 0.00500 0.00000 0.00000 AT13
84.77000 50.94000 -2.98193 0.14041 0.00000 1.50000 1.30000 10.00000 0.07600 0.00000 0.00000 USTK
95.87300 49.61800 -0.97631 1.74044 0.00000 1.10000 1.00000 10.00000 0.10800 0.00000 0.00000 TES1
87.89000 50.24000 -2.18374 0.09622 0.00000 1.40000 1.30000 10.00000 0.06200 0.00000 0.00000 KURA
85.44000 50.15000 -2.28256 0.05163 0.00000 1.40000 1.40000 10.00000 0.08700 0.00000 0.00000 KAIT
91.62500 47.96300 2.01712 1.96325 0.00000 1.00000 1.00000 10.00000 0.11100 0.00000 0.00000 HOVA
88.42000 50.07000 -1.18373 2.70600 0.00000 1.50000 1.40000 10.00000 0.04200 0.00000 0.00000 CHAG
90.38000 37.36000 6.62039 17.35018 0.00000 0.50000 0.50000 10.00000 0.00200 0.00000 0.00000 QMTC
