74.89918 42.37108 -0.66267 3.71657 0.00000 0.23449 0.36515 10.00000 0.00000 0.00000 0.00000 !!!!
77.42412 42.80287 0.28486 6.02340 0.00000 0.19603 0.65986 10.00000 0.00000 0.00000 0.00000 !!!!
73.35933 41.64136 -1.14013 4.79588 0.00000 0.24092 0.65752 10.00000 0.00000 0.00000 0.00000 !!!!
76.32950 41.08627 0.01686 10.60177 0.00000 0.29477 0.76970 10.00000 0.00000 0.00000 0.00000 !!!!
79.43279 43.24194 1.49915 5.68013 0.00000 0.25071 0.45419 10.00000 0.00000 0.00000 0.00000 !!!!
79.05577 42.01447 1.19554 10.41762 0.00000 0.24378 0.86891 10.00000 0.00300 0.00000 0.00000 !!!!
85.67579 37.83204 -0.15435 11.12276 0.00000 0.70257 0.69055 10.00000 0.00000 0.00000 0.00000 AT12
90.55986 38.43237 6.07183 8.80119 0.00000 0.51531 0.41279 10.00000 0.00000 0.00000 0.00000 !!!!
75.85366 39.35039 0.42582 17.82233 0.00000 0.51413 1.52519 10.00000 0.00000 0.00000 0.00000 !!!!
83.45616 43.37086 2.13125 7.36087 0.00000 0.40130 0.32770 10.00000 0.00000 0.00000 0.00000 !!!!
81.35175 44.11444 1.49439 5.86443 0.00000 0.43063 0.55838 10.00000 0.00000 0.00000 0.00000 !!!!
71.73554 39.62717 -8.25245 13.08388 0.00000 1.19392 1.11590 10.00000 0.00000 0.00000 0.00000 !!!!
73.79807 39.87209 -1.76150 11.99239 0.00000 0.96166 1.91022 10.00000 0.00000 0.00000 0.00000 !!!!
87.61201 43.51902 3.04200 7.14442 0.00000 0.36344 0.39475 10.00000 0.00000 0.00000 0.00000 !!!!
95.09569 40.01936 2.41352 3.76052 0.00000 0.22075 0.28912 10.00000 0.00000 0.00000 0.00000 !!!!
90.98733 38.59267 5.79478 9.21159 0.00000 0.70449 0.64425 10.00000 0.00100 0.00000 0.00000 JB32
85.13070 44.24663 3.04990 6.10330 0.00000 0.34890 0.72083 10.00000 0.00000 0.00000 0.00000 !!!!
83.20981 41.70011 2.91582 11.51687 0.00000 0.34918 0.95195 10.00000 0.00000 0.00000 0.00000 !!!!
88.57342 38.92711 0.82032 8.41012 0.00000 0.31097 0.26396 10.00000 0.00000 0.00000 0.00000 !!!!
71.21485 41.90843 -1.30728 2.24859 0.00000 0.19784 0.39833 10.00000 0.00000 0.00000 0.00000 !!!!
82.92808 44.62256 0.94823 5.93563 0.00000 0.11157 0.25491 10.00000 0.01500 0.00000 0.00000 I042
75.23959 37.90807 -4.06244 20.81076 0.00000 0.51233 0.30911 10.00000 0.00000 0.00000 0.00000 !!!!
93.61940 42.80700 3.45579 4.15164 0.00000 0.22784 0.73839 10.00000 0.01100 0.00000 0.00000 JB43
84.32260 43.66580 2.30930 6.39590 0.00000 0.19088 0.50342 10.00000 0.01950 0.00000 0.00000 I045
77.62431 40.34750 1.56357 14.22582 0.00000 0.32087 0.39161 10.00000 0.02450 0.00000 0.00000 I393
77.35099 37.50396 -1.69736 19.51307 0.00000 0.17794 0.30006 10.00000 0.01700 0.00000 0.00000 I409
79.79847 37.22367 -2.68895 16.70221 0.00000 0.35078 0.47905 10.00000 0.00000 0.00000 0.00000 2510
93.76952 38.86283 4.58045 5.84586 0.00000 0.90331 0.31384 10.00000 0.00000 0.00000 0.00000 !!!!
70.02458 39.87231 -1.28924 3.78795 0.00000 0.62919 0.73100 10.00000 0.00000 0.00000 0.00000 !!!!
71.61697 36.72762 -9.03772 14.78881 0.00000 0.45520 0.44907 10.00000 -0.05250 -0.00000 -0.00000 RIN0
89.32633 38.10667 6.12063 10.18051 0.00000 0.33067 0.54049 10.00000 0.02800 0.00000 0.00000 G333
82.18307 42.91561 2.70339 6.97470 0.00000 0.18726 0.29327 10.00000 0.01450 0.00000 0.00000 I423
77.28240 36.74162 -2.82016 20.47614 0.00000 0.64873 0.34679 10.00000 0.00000 0.00000 0.00000 !!!!
69.46526 41.30211 -1.55941 2.32781 0.00000 0.34435 0.51813 10.00000 0.00000 0.00000 0.00000 !!!!
83.15950 38.25850 -2.32526 12.19072 0.00000 0.25284 1.00407 10.00000 0.02100 0.00000 0.00000 I065
75.78050 37.82500 -2.26782 20.75164 0.00000 0.23254 0.41461 10.00000 0.00900 0.00000 0.00000 I407
86.33039 42.27321 3.08536 8.88147 0.00000 0.27613 0.53421 10.00000 0.00000 0.00000 0.00000 !!!!
88.72771 44.20171 1.79220 6.43894 0.00000 0.13004 0.29203 10.00000 0.00200 0.00000 0.00000 I342
87.89300 47.40529 0.50940 4.30144 0.00000 0.23689 0.30045 10.00000 0.01000 0.00000 0.00000 I311
86.12743 44.98057 2.45325 3.83444 0.00000 0.17759 0.18949 10.00000 0.03400 0.00000 0.00000 I333
81.34286 41.60057 2.45684 7.65148 0.00000 1.03970 0.52715 10.00000 0.04800 0.00000 0.00000 I059
80.23943 41.14171 1.57865 14.97223 0.00000 0.35630 0.35005 10.00000 0.00900 0.00000 0.00000 I061
89.11374 41.62461 3.25667 6.54052 0.00000 0.20014 0.25435 10.00000 0.00000 0.00000 0.00000 I386
91.18826 43.82862 3.78273 5.41441 0.00000 0.46516 0.24543 10.00000 0.00000 0.00000 0.00000 !!!!
93.88433 42.98930 3.56422 4.20601 0.00000 0.24030 0.45573 10.00000 0.00000 0.00000 0.00000 !!!!
72.37964 40.54671 -1.45719 6.36277 0.00000 0.35756 0.46861 10.00000 0.00000 0.00000 0.00000 !!!!
82.22571 36.70912 -3.20314 13.97162 0.00000 0.23193 0.40996 10.00000 0.00000 0.00000 0.00000 !!!!
95.23876 37.16448 8.59301 8.32034 0.00000 0.33879 0.31590 10.00000 0.00000 0.00000 0.00000 !!!!
82.51133 43.78883 1.11734 5.91094 0.00000 0.25604 1.12179 10.00000 0.02300 0.00000 0.00000 I046
78.20901 39.49776 0.33257 16.66539 0.00000 0.26397 0.44717 10.00000 0.00000 0.00000 0.00000 !!!!
90.05499 43.02093 3.77706 6.14955 0.00000 0.17404 0.21482 10.00000 0.00000 0.00000 0.00000 !!!!
89.66496 44.52117 2.23061 5.23452 0.00000 0.55046 0.36530 10.00000 0.00000 0.00000 0.00000 !!!!
78.56120 44.42051 -0.84921 2.38453 0.00000 0.64286 0.64286 10.00000 0.00000 0.00000 0.00000 !!!!
81.57281 41.70728 3.18871 7.65510 0.00000 0.31585 0.35178 10.00000 0.00000 0.00000 0.00000 !!!!
73.77543 44.27546 -1.24825 0.89158 0.00000 0.22525 0.23697 10.00000 0.00000 0.00000 0.00000 !!!!
68.24643 39.69357 -1.08509 3.61070 0.00000 0.27668 0.27668 10.00000 0.00200 0.00000 0.00000 !!!!
83.83102 37.66119 -2.04113 12.39461 0.00000 0.44870 0.37036 10.00000 0.00000 0.00000 0.00000 !!!!
74.68964 36.31074 -3.00238 22.64523 0.00000 0.51045 0.66939 10.00000 0.00000 0.00000 0.00000 !!!!
73.45965 38.95657 -6.02602 21.20197 0.00000 0.80603 2.85193 10.00000 0.00700 0.00000 0.00000 KRKA
74.70500 42.78500 -1.36777 2.01359 0.00000 1.59622 1.03625 10.00000 -0.04000 -0.00000 -0.00000 ALAT
71.66437 37.84071 -10.43797 14.39683 0.00000 0.13395 0.15786 10.00000 0.14800 0.00000 0.00000 KHUF
71.32441 39.24285 -4.21072 4.51226 0.00000 0.31000 0.33000 10.00000 -0.26700 -0.00000 -0.00000 JIR0
71.57893 37.49657 -8.99202 13.16395 0.00000 0.20841 0.28899 10.00000 -0.02400 -0.00000 -0.00000 DASH
71.77781 37.29699 -9.19153 17.42827 0.00000 0.18345 0.16239 10.00000 0.17900 0.00000 0.00000 BRAO
89.60000 47.30000 0.28703 3.62297 0.00000 0.15920 0.17337 10.00000 0.00000 0.00000 0.00000 I310
86.86800 44.18200 2.51698 8.96711 0.00000 0.20000 0.40000 10.00000 0.00000 0.00000 0.00000 I022
76.99700 36.45800 -3.61758 21.12034 0.00000 0.40000 0.50000 10.00000 0.02300 0.00000 0.00000 2439
95.37900 37.83133 7.86676 5.88825 0.00000 0.60000 0.70000 10.00000 0.00700 0.00000 0.00000 Y345
89.05733 38.96867 -0.32757 8.92989 0.00000 0.60000 0.70000 10.00000 0.03300 0.00000 0.00000 SFEE
76.97792 40.84425 -0.10882 11.65692 0.00000 0.27568 0.86938 10.00000 0.02150 0.00000 0.00000 QIQI
88.84933 39.02800 0.37273 8.92770 0.00000 0.60000 0.60000 10.00000 0.02600 0.00000 0.00000 POWR
78.96607 39.87701 0.14791 16.26099 0.00000 0.21779 0.71372 10.00000 0.01750 0.00000 0.00000 AKTA
77.32266 40.31656 1.99007 13.25752 0.00000 0.31241 1.03332 10.00000 0.00400 0.00000 0.00000 AJ02
87.62658 40.79849 1.84414 8.77179 0.00000 0.34685 0.33921 10.00000 0.00000 0.00000 0.00000 !!!!
80.37678 40.38991 1.15768 15.73327 0.00000 0.56095 0.65130 10.00000 0.00000 0.00000 0.00000 !!!!
71.60800 36.00100 -4.70505 19.26676 0.00000 0.45000 0.49000 10.00000 -0.04300 -0.00000 -0.00000 !!!!
74.82845 37.54021 -3.39000 20.65001 0.00000 0.38000 0.30000 10.00000 0.00000 0.00000 0.00000 SHMA
70.05627 38.86909 -2.81205 6.32002 0.00000 0.23717 0.64997 10.00000 -0.32300 -0.00000 -0.00000 HINA
71.92281 38.09542 -9.60000 15.04000 0.00000 0.39000 0.79000 10.00000 0.00000 0.00000 0.00000 DRJA
72.66788 39.49471 -2.00937 8.03873 0.00000 0.38994 0.47873 10.00000 -0.08100 -0.00000 -0.00000 BRDA
73.10580 38.55378 -5.93000 17.95000 0.00000 0.45000 0.70000 10.00000 0.00000 0.00000 0.00000 ATSA
73.61774 38.56029 -6.26180 21.29407 0.00000 0.60000 0.60000 10.00000 0.00400 0.00000 0.00000 AKBA
73.12010 37.46110 -5.31000 18.85000 0.00000 0.57000 0.63000 10.00000 0.00000 0.00000 0.00000 ABLA
71.37973 38.19013 -10.37913 12.52809 0.00000 0.45000 0.49000 10.00000 0.05000 0.00000 0.00000 YZGU
70.55067 40.05806 0.21967 2.57554 0.00000 0.26349 0.62445 10.00000 0.12400 0.00000 0.00000 SHU0
74.42274 37.52025 -4.23101 21.84128 0.00000 0.28844 0.22984 10.00000 0.04300 0.00000 0.00000 SALA
74.81442 37.47234 -4.00032 21.48277 0.00000 0.20518 0.32882 10.00000 0.03500 0.00000 0.00000 KOZI
72.36575 37.37560 -6.82902 17.32535 0.00000 0.44902 0.49536 10.00000 0.05100 0.00000 0.00000 JAVS
73.78485 37.67811 -6.00749 20.30435 0.00000 0.34224 0.23431 10.00000 0.03300 0.00000 0.00000 GURU
70.29236 40.19404 -1.36000 5.41999 0.00000 0.32000 0.48000 10.00000 0.00000 0.00000 0.00000 CAP1
75.51000 39.31100 1.25585 19.76158 0.00000 0.39051 1.25298 10.00000 -0.01750 -0.00000 -0.00000 WUPA
75.40400 40.09400 0.43162 11.44658 0.00000 0.32016 0.33890 10.00000 0.02500 0.00000 0.00000 QIAK
76.46300 38.65600 -1.47680 20.44653 0.00000 0.39051 0.39051 10.00000 0.00200 0.00000 0.00000 KIZI
75.47900 38.85300 0.04322 21.90729 0.00000 0.35355 0.35355 10.00000 0.00400 0.00000 0.00000 GAZE
87.02478 38.60917 -0.03970 9.56595 0.00000 0.63007 0.73235 10.00000 0.00000 0.00000 0.00000 !!!!
67.80907 42.23279 -2.83733 0.83240 0.00000 0.70000 0.70000 10.00000 0.00600 0.00000 0.00000 !!!!
72.83186 43.25279 -1.39571 0.88274 0.00000 0.70000 0.70000 10.00000 0.00300 0.00000 0.00000 !!!!
71.52629 42.90814 -1.46854 0.92904 0.00000 0.60000 0.50000 10.00000 0.01300 0.00000 0.00000 !!!!
66.10600 38.33800 -3.58981 6.96744 0.00000 0.42426 0.42426 10.00000 0.02000 0.00000 0.00000 !!!!
67.88000 38.23500 -1.68885 3.43949 0.00000 0.35355 0.28744 10.00000 0.01600 0.00000 0.00000 !!!!
75.04093 40.78186 -0.43462 9.48717 0.00000 0.32576 0.32576 10.00000 0.00500 0.00000 0.00000 !!!!
75.52536 44.13186 -1.15860 1.22930 0.00000 0.32576 0.32576 10.00000 0.00000 0.00000 0.00000 !!!!
68.37073 39.08443 -0.65364 2.33103 0.00000 0.57000 0.66000 10.00000 -0.05700 -0.00000 -0.00000 SRYA
71.67505 38.51807 -15.36739 12.00265 0.00000 0.31000 0.34000 10.00000 -0.26900 -0.00000 -0.00000 SEDA
69.27726 38.85301 -2.11716 3.18830 0.00000 0.30000 0.32000 10.00000 -0.32600 -0.00000 -0.00000 OBGA
70.20124 39.12044 -1.56942 3.31139 0.00000 0.34000 0.36000 10.00000 -0.10700 -0.00000 -0.00000 KMRA
70.73578 36.93562 -9.60520 16.07669 0.00000 0.53940 0.45330 10.00000 0.00000 0.00000 0.00000 KASH
69.57619 37.98390 -4.48713 4.74332 0.00000 0.54000 0.57000 10.00000 -0.08700 -0.00000 -0.00000 GF19
70.33977 38.75521 -17.74780 6.49090 0.00000 0.66000 0.71000 10.00000 -0.11400 -0.00000 -0.00000 GF05
71.66296 38.00318 -12.68286 12.81919 0.00000 0.39000 0.41000 10.00000 -0.34200 -0.00000 -0.00000 EMTA
68.66728 37.37260 -7.04114 0.32510 0.00000 0.46000 0.48000 10.00000 -0.15800 -0.00000 -0.00000 DUSA
69.42126 38.58523 -1.27212 2.15925 0.00000 0.30000 0.33000 10.00000 -0.23800 -0.00000 -0.00000 DUBA
70.89490 36.99090 -7.69850 18.68580 0.00000 0.52470 0.46460 10.00000 0.00000 0.00000 0.00000 BAH1
70.19909 37.15120 -7.31920 11.42840 0.00000 0.50660 0.49670 10.00000 0.00000 0.00000 0.00000 ARG2
70.43921 37.05829 -7.51100 13.49690 0.00000 0.61510 0.54350 10.00000 0.00000 0.00000 0.00000 ARG1
70.94610 38.89595 -11.48000 10.57997 0.00000 0.29000 0.64000 10.00000 0.00000 0.00000 0.00000 SHKC
69.81920 37.92290 -17.46035 7.25125 0.00000 0.13943 0.36208 10.00000 0.00000 0.00000 0.00000 KULC
76.29818 40.81641 0.02685 11.67744 0.00000 0.25402 0.23431 10.00000 0.01000 0.00000 0.00000 KUL4
75.96714 40.71713 -0.37147 11.50938 0.00000 0.35341 0.53085 10.00000 0.00800 0.00000 0.00000 AKS4
68.61615 37.93420 -6.34810 2.08096 0.00000 0.41670 0.39720 10.00000 0.00000 0.00000 0.00000 gana
76.74300 42.05500 0.41487 8.15359 0.00000 0.25000 0.25000 10.00000 0.00700 0.00000 0.00000 VTG4
72.49800 41.98000 -0.78447 2.74749 0.00000 0.39446 0.45600 10.00000 0.00600 0.00000 0.00000 UZU4
75.08600 43.37900 -1.21967 2.29728 0.00000 0.38079 1.40000 10.00000 0.00250 0.00000 0.00000 URD1
73.82400 42.32000 -0.61706 1.65363 0.00000 0.30000 0.30000 10.00000 0.00500 0.00000 0.00000 TUS4
77.64100 43.31250 0.94511 3.10002 0.00000 0.50000 0.60000 10.00000 0.00600 0.00000 0.00000 TUR4
73.16000 41.89500 -0.82518 2.27203 0.00000 0.40000 0.40000 10.00000 0.01300 0.00000 0.00000 TOR4
73.55500 42.20600 -0.03048 3.45845 0.00000 0.38161 0.40746 10.00000 0.00950 0.00000 0.00000 SUU4
72.92000 42.41000 -1.17303 2.10665 0.00000 0.30000 0.30000 10.00000 0.01300 0.00000 0.00000 SKA4
80.12350 42.48150 1.72103 9.08789 0.00000 0.70000 0.70000 10.00000 0.00400 0.00000 0.00000 SBA4
72.25300 39.43000 -7.35748 11.52469 0.00000 0.60000 0.60000 10.00000 0.03500 0.00000 0.00000 SAUK
78.94900 42.73600 0.46428 7.06282 0.00000 0.30006 1.20043 10.00000 0.00600 0.00000 0.00000 SAS4
79.07900 42.14350 1.01389 9.69867 0.00000 0.50061 0.29986 10.00000 0.00250 0.00000 0.00000 RKT4
73.20100 42.23500 -0.59879 1.58243 0.00000 0.30000 0.30000 10.00000 0.01100 0.00000 0.00000 OTM4
78.34350 43.52550 0.89689 3.19505 0.00000 0.49497 0.49497 10.00000 0.00950 0.00000 0.00000 KZZ4
76.33900 43.89400 -1.46437 0.64197 0.00000 0.40000 0.40000 10.00000 -0.00100 -0.00000 -0.00000 KUT4
70.60100 41.66900 -1.52964 1.37898 0.00000 0.30000 0.30000 10.00000 0.00700 0.00000 0.00000 KUM4
70.94000 42.78300 -1.75221 0.12026 0.00000 0.46098 0.42426 10.00000 0.04350 0.00000 0.00000 KTAU
78.65700 43.44200 0.58159 3.58179 0.00000 0.28284 0.28284 10.00000 0.00350 0.00000 0.00000 KOK4
72.36700 42.59300 -1.13428 1.05620 0.00000 0.30000 0.30000 10.00000 0.01100 0.00000 0.00000 KEN4
71.57900 42.20200 -1.23194 1.04348 0.00000 0.30000 0.40000 10.00000 0.00800 0.00000 0.00000 KBU4
75.04050 42.61700 -1.01405 3.20182 0.00000 0.37920 0.32016 10.00000 -0.05650 -0.00000 -0.00000 ELS4
74.23750 42.63900 -1.56689 2.42876 0.00000 0.46201 0.24602 10.00000 -0.01650 -0.00000 -0.00000 ELG4
79.86400 43.40350 1.25322 5.51535 0.00000 0.39051 0.43012 10.00000 0.01500 0.00000 0.00000 DOR4
72.87500 41.96600 -0.80729 1.69421 0.00000 0.40000 0.40000 10.00000 0.00500 0.00000 0.00000 CHY4
71.72100 42.01500 -1.35322 1.38186 0.00000 0.50000 0.50000 10.00000 0.01900 0.00000 0.00000 CHA4
71.79200 41.49500 -2.19879 2.80056 0.00000 0.30000 0.30000 10.00000 0.01000 0.00000 0.00000 BOZ4
71.46000 41.36200 -1.49440 2.31132 0.00000 0.30000 0.30000 10.00000 0.00700 0.00000 0.00000 ALA4
72.14500 41.55700 -2.20914 3.19602 0.00000 0.30000 0.30000 10.00000 0.01100 0.00000 0.00000 AKJ4
74.89000 42.69000 -1.61865 2.45030 0.00000 0.25110 0.34379 10.00000 0.04000 0.00000 0.00000 IV16
74.81500 42.74500 -2.12458 3.72559 0.00000 0.34000 0.38000 10.00000 -0.07000 -0.00000 -0.00000 IV8A
74.63000 42.77000 -1.81517 2.61448 0.00000 0.30000 0.33000 10.00000 -0.04000 -0.00000 -0.00000 IV06
71.80000 40.11000 -2.98466 5.98764 0.00000 0.50000 0.46000 10.00000 0.08000 0.00000 0.00000 DJD5
71.23276 38.40411 -10.29805 13.43603 0.00000 0.49000 0.53000 10.00000 -0.30200 -0.00000 -0.00000 PISH
67.86800 37.83800 -18.12852 4.34857 0.00000 0.60000 0.60000 10.00000 0.00000 0.00000 0.00000 !!!!
70.76688 38.57607 -16.52793 9.24284 0.00000 0.57000 0.62000 10.00000 -0.01500 -0.00000 -0.00000 HRBA
71.02796 38.46641 -15.19977 10.54746 0.00000 0.66000 0.73000 10.00000 0.02400 0.00000 0.00000 GF13
70.81086 38.44668 -15.32366 10.60541 0.00000 0.55000 0.60000 10.00000 -0.07300 -0.00000 -0.00000 GF12
68.54464 39.38916 -0.74781 0.86032 0.00000 0.30000 0.32000 10.00000 -0.26200 -0.00000 -0.00000 AINA
70.23830 38.79880 -16.95000 6.06000 0.00000 0.69000 0.65000 10.00000 0.00000 0.00000 0.00000 GF01
75.67163 39.98507 1.68696 14.37310 0.00000 0.42000 0.46000 10.00000 0.00000 0.00000 0.00000 TL02
78.15874 40.86606 1.50628 16.03312 0.00000 0.16000 0.16000 10.00000 0.00000 0.00000 0.00000 NJ35
77.65893 39.84470 0.94367 16.10826 0.00000 0.28000 0.27000 10.00000 0.00000 0.00000 0.00000 NJ33
77.97955 39.93970 0.57451 17.11118 0.00000 0.24000 0.19000 10.00000 0.00000 0.00000 0.00000 NJ32
77.37491 39.82183 3.06582 14.87598 0.00000 0.20000 0.20000 10.00000 0.00000 0.00000 0.00000 NJ31
77.78555 40.65515 0.51933 15.84495 0.00000 0.32000 0.29000 10.00000 0.00000 0.00000 0.00000 NJ28
77.32059 40.47353 2.24565 13.16024 0.00000 0.18000 0.20000 10.00000 0.00000 0.00000 0.00000 NJ26
77.62087 40.60436 1.58857 14.67723 0.00000 0.15000 0.15000 10.00000 0.00000 0.00000 0.00000 NJ25
77.59527 40.81826 -0.05052 14.66982 0.00000 0.22000 0.24000 10.00000 0.00000 0.00000 0.00000 NJ24
76.94008 39.87462 0.41331 15.95005 0.00000 0.21000 0.19000 10.00000 0.00000 0.00000 0.00000 NJ21
75.79772 40.06746 2.29849 13.31955 0.00000 0.22000 0.20000 10.00000 0.00000 0.00000 0.00000 NJ20
76.16264 40.01209 2.28021 14.47507 0.00000 0.14000 0.16000 10.00000 0.00000 0.00000 0.00000 NJ19
76.28474 40.14320 2.04419 14.85039 0.00000 0.15000 0.17000 10.00000 0.00000 0.00000 0.00000 NJ18
76.01982 40.10546 1.71658 14.43376 0.00000 0.14000 0.15000 10.00000 0.00000 0.00000 0.00000 NJ17
75.97510 39.80999 2.37444 15.06083 0.00000 0.15000 0.15000 10.00000 0.00000 0.00000 0.00000 NJ14
75.93803 39.89645 2.47871 13.84011 0.00000 0.15000 0.15000 10.00000 0.00000 0.00000 0.00000 NJ13
76.08007 40.36318 0.68747 13.66119 0.00000 0.27000 0.28000 10.00000 0.00000 0.00000 0.00000 NJ12
75.88312 40.27778 0.92664 12.77424 0.00000 0.19000 0.20000 10.00000 0.00000 0.00000 0.00000 NJ11
77.19436 40.04964 0.29772 13.01368 0.00000 0.36000 0.38000 10.00000 0.00000 0.00000 0.00000 KP31
78.28669 40.60224 1.85202 15.11021 0.00000 0.55000 0.63000 10.00000 0.00000 0.00000 0.00000 KP21
78.11136 40.52430 0.62981 16.09939 0.00000 0.55000 0.61000 10.00000 0.00000 0.00000 0.00000 KP20
77.79106 40.40482 0.91724 16.12655 0.00000 0.37000 0.39000 10.00000 0.00000 0.00000 0.00000 KP18
78.36287 40.48960 0.05596 15.96230 0.00000 0.54000 0.60000 10.00000 0.00000 0.00000 0.00000 KP17
78.17896 40.42889 0.93467 16.29898 0.00000 0.56000 0.61000 10.00000 0.00000 0.00000 0.00000 KP16
77.99147 40.45312 2.61754 16.60463 0.00000 0.42000 0.46000 10.00000 0.00000 0.00000 0.00000 KP15
77.49297 40.34224 4.44749 14.34018 0.00000 0.43000 0.47000 10.00000 0.00000 0.00000 0.00000 KP13
79.04838 40.30917 1.97259 15.46111 0.00000 0.40000 0.43000 10.00000 0.00000 0.00000 0.00000 KP11
78.84569 40.36635 2.71653 14.22231 0.00000 0.38000 0.41000 10.00000 0.00000 0.00000 0.00000 KP10
78.67889 40.28526 2.10396 14.98394 0.00000 0.39000 0.42000 10.00000 0.00000 0.00000 0.00000 KP09
78.31170 40.19858 3.52290 16.33747 0.00000 0.37000 0.41000 10.00000 0.00000 0.00000 0.00000 KP08
78.11134 40.15625 1.92276 15.60938 0.00000 0.36000 0.39000 10.00000 0.00000 0.00000 0.00000 KP07
77.93379 40.15090 2.53419 14.88792 0.00000 0.45000 0.51000 10.00000 0.00000 0.00000 0.00000 KP06
77.76699 40.11799 -0.00562 15.99958 0.00000 0.41000 0.44000 10.00000 0.00000 0.00000 0.00000 KP05
77.59165 40.11254 2.11597 13.60877 0.00000 0.40000 0.44000 10.00000 0.00000 0.00000 0.00000 KP04
77.43487 40.10798 3.26750 13.01335 0.00000 0.40000 0.43000 10.00000 0.00000 0.00000 0.00000 KP03
78.83473 40.14845 0.92669 16.37914 0.00000 0.40000 0.43000 10.00000 0.00000 0.00000 0.00000 KP02
79.28682 40.48509 1.90945 15.94028 0.00000 0.18000 0.17000 10.00000 0.00000 0.00000 0.00000 JS29
79.06555 39.71688 -2.21316 17.58609 0.00000 0.65000 0.70000 10.00000 0.00000 0.00000 0.00000 JS28
78.99082 40.03849 0.43084 17.27441 0.00000 0.33000 0.34000 10.00000 0.00000 0.00000 0.00000 JS26
78.52247 40.55531 2.93781 15.13858 0.00000 0.20000 0.19000 10.00000 0.00000 0.00000 0.00000 JS21
78.20913 40.71712 0.99834 15.86773 0.00000 0.28000 0.27000 10.00000 0.00000 0.00000 0.00000 JS20
78.38822 40.28320 1.75611 15.72965 0.00000 0.18000 0.19000 10.00000 0.00000 0.00000 0.00000 JS19
77.99454 40.54203 1.73176 14.89552 0.00000 0.22000 0.22000 10.00000 0.00000 0.00000 0.00000 JS18
77.90123 40.81614 0.60619 15.61848 0.00000 0.17000 0.19000 10.00000 0.00000 0.00000 0.00000 JS16
77.13034 40.24040 1.73705 12.12514 0.00000 0.21000 0.22000 10.00000 0.00000 0.00000 0.00000 JS15
77.38228 40.79465 0.69069 13.55811 0.00000 0.17000 0.19000 10.00000 0.00000 0.00000 0.00000 JS14
76.94420 40.37995 1.17586 13.71124 0.00000 0.32000 0.30000 10.00000 0.00000 0.00000 0.00000 JS13
76.63485 39.99213 0.04244 13.70169 0.00000 0.35000 0.35000 10.00000 0.00000 0.00000 0.00000 JS11
77.30946 40.22841 0.67436 11.41702 0.00000 0.51000 0.46000 10.00000 0.00000 0.00000 0.00000 G0BF
82.56600 47.61100 -0.78975 0.56684 0.00000 0.70000 0.70000 10.00000 0.02800 0.00000 0.00000 ZTR4
74.37900 42.30200 -0.83791 2.60417 0.00000 0.40000 0.40000 10.00000 0.00200 0.00000 0.00000 ZKK4
80.88900 49.61900 -2.29869 -0.09990 -0.00000 0.70000 0.70000 10.00000 0.02900 0.00000 0.00000 ZES4
75.00900 41.09200 -1.25311 8.17750 0.00000 0.40000 0.40000 10.00000 0.00600 0.00000 0.00000 ZBA4
84.85600 47.43400 -0.52523 2.90433 0.00000 0.70000 0.70000 10.00000 0.03400 0.00000 0.00000 ZAS4
82.32200 49.93400 -2.47473 0.29925 0.00000 0.70000 0.70000 10.00000 0.01600 0.00000 0.00000 ZAR4
73.20700 41.33500 -1.86952 5.48449 0.00000 0.70000 0.60000 10.00000 -0.00400 -0.00000 -0.00000 YZG4
75.74100 41.97900 -0.70989 6.37790 0.00000 0.30000 0.30000 10.00000 0.00700 0.00000 0.00000 YUZ4
68.96700 38.85400 -2.24224 4.54031 0.00000 0.60000 0.60000 10.00000 0.00300 0.00000 0.00000 WARZ
76.98100 42.02100 -0.14480 8.81853 0.00000 0.40000 0.40000 10.00000 0.00400 0.00000 0.00000 VTU4
74.99900 42.22100 -0.46686 3.97440 0.00000 0.30000 0.30000 10.00000 0.00700 0.00000 0.00000 VSE4
76.33600 42.18500 0.88692 5.93994 0.00000 0.40000 0.40000 10.00000 0.00500 0.00000 0.00000 VKR4
78.83300 42.89800 0.88037 5.53062 0.00000 0.50000 0.50000 10.00000 0.00100 0.00000 0.00000 VKE4
79.39200 42.54600 1.24035 8.58543 0.00000 0.40000 0.40000 10.00000 0.00400 0.00000 0.00000 VKA4
77.86300 42.03100 0.03355 9.96259 0.00000 0.40000 0.40000 10.00000 -0.00700 -0.00000 -0.00000 VJK4
81.41400 50.66700 -2.65509 0.24663 0.00000 0.70000 0.70000 10.00000 0.02900 0.00000 0.00000 VAV4
79.02200 43.14400 1.09846 4.98258 0.00000 0.40000 0.50000 10.00000 0.00600 0.00000 0.00000 UZL4
74.78000 41.06900 -1.24733 7.71520 0.00000 0.50000 0.50000 10.00000 0.00800 0.00000 0.00000 UZG4
74.92900 41.93600 -0.68721 5.05470 0.00000 0.30000 0.30000 10.00000 0.00400 0.00000 0.00000 UZB4
73.47800 41.21900 -1.98827 6.55918 0.00000 0.40000 0.40000 10.00000 0.00100 0.00000 0.00000 UUM4
77.96900 45.73900 -0.92232 2.09168 0.00000 0.60000 0.60000 10.00000 0.01300 0.00000 0.00000 USH4
76.33800 42.11000 -0.41897 6.24096 0.00000 0.40000 0.40000 10.00000 0.00100 0.00000 0.00000 URS4
71.95800 42.35400 -0.93651 1.44518 0.00000 0.30000 0.30000 10.00000 0.01300 0.00000 0.00000 URM4
75.08000 42.34600 -0.45930 3.69522 0.00000 0.50000 0.50000 10.00000 0.01600 0.00000 0.00000 ULU4
78.92600 42.85800 0.37516 6.05658 0.00000 0.40000 0.40000 10.00000 0.00400 0.00000 0.00000 ULT4
75.95900 41.93400 -0.72051 6.63811 0.00000 0.30000 0.30000 10.00000 0.00500 0.00000 0.00000 UKO4
70.25400 42.28000 -1.76306 1.28563 0.00000 0.40000 0.40000 10.00000 0.01500 0.00000 0.00000 UGAM
73.33400 40.56900 -1.52871 7.01975 0.00000 0.50000 0.50000 10.00000 0.01700 0.00000 0.00000 TZB4
78.50900 42.63200 -0.23429 7.64026 0.00000 0.30000 0.30000 10.00000 0.00300 0.00000 0.00000 TYUP
71.20300 40.21200 -0.86472 3.84181 0.00000 0.70000 0.60000 10.00000 0.04500 0.00000 0.00000 TUT4
79.29700 43.02900 1.38186 4.75844 0.00000 0.40000 0.40000 10.00000 0.00700 0.00000 0.00000 TUM4
78.94800 42.41500 0.63780 9.66181 0.00000 0.30000 0.30000 10.00000 0.00700 0.00000 0.00000 TUA4
74.79000 42.05500 -0.57393 4.91630 0.00000 0.40000 0.40000 10.00000 -0.00700 -0.00000 -0.00000 TSH5
80.12600 45.51400 -2.79554 2.18809 0.00000 0.70000 0.70000 10.00000 0.03200 0.00000 0.00000 TRY4
83.63000 50.38200 -2.62217 0.76218 0.00000 0.60000 0.70000 10.00000 0.00500 0.00000 0.00000 TRM4
75.38300 40.57800 -0.30037 10.57928 0.00000 0.40000 0.40000 10.00000 0.00600 0.00000 0.00000 TRG4
77.31100 42.17600 0.05895 8.60991 0.00000 0.30000 0.30000 10.00000 0.01100 0.00000 0.00000 TOS4
77.05200 42.15700 0.46376 7.73825 0.00000 0.40000 0.40000 10.00000 0.00400 0.00000 0.00000 TON4
75.83700 42.35500 0.21624 4.00387 0.00000 0.30000 0.30000 10.00000 0.00800 0.00000 0.00000 TOK6
75.26300 40.88900 -0.77556 9.44706 0.00000 0.40000 0.40000 10.00000 0.00600 0.00000 0.00000 THR4
74.72200 41.51100 -1.01287 5.19762 0.00000 0.40000 0.40000 10.00000 0.00600 0.00000 0.00000 TGU4
71.14600 41.53900 -1.86650 1.72626 0.00000 0.30000 0.30000 10.00000 0.01100 0.00000 0.00000 TER4
80.86600 46.08100 -1.24612 2.29386 0.00000 0.60000 0.70000 10.00000 0.03200 0.00000 0.00000 TEN4
73.33300 41.78500 -1.43963 3.21874 0.00000 0.40000 0.40000 10.00000 0.01100 0.00000 0.00000 TEM4
78.84200 44.85500 -1.13716 1.83271 0.00000 0.50000 0.50000 10.00000 0.00500 0.00000 0.00000 TEK4
76.59400 42.13700 0.27620 7.21157 0.00000 0.30000 0.30000 10.00000 0.01200 0.00000 0.00000 TEG4
77.55300 42.13700 -0.15071 9.07740 0.00000 0.40000 0.40000 10.00000 0.00500 0.00000 0.00000 TAM4
73.25700 39.73200 -0.57893 8.39799 0.00000 0.60000 0.60000 10.00000 0.02300 0.00000 0.00000 SYT4
80.41200 42.90600 1.05000 6.36809 0.00000 0.40000 0.40000 10.00000 0.00800 0.00000 0.00000 SUM4
78.22600 43.43300 0.74137 2.96233 0.00000 0.60000 0.60000 10.00000 0.02000 0.00000 0.00000 SUG4
77.89000 42.34900 -0.24305 8.56886 0.00000 0.40000 0.40000 10.00000 -0.00100 -0.00000 -0.00000 SSR4
78.27500 43.22700 0.52151 3.57584 0.00000 0.50000 0.50000 10.00000 0.00400 0.00000 0.00000 SRT4
73.90100 42.64400 -0.99175 1.87340 0.00000 0.50000 0.60000 10.00000 0.01400 0.00000 0.00000 SOS4
75.42300 41.91400 -1.00577 5.78968 0.00000 0.30000 0.30000 10.00000 0.00300 0.00000 0.00000 SON4
77.62700 41.91800 0.33043 9.79716 0.00000 0.40000 0.40000 10.00000 -0.00200 -0.00000 -0.00000 SMO4
75.77200 40.47600 0.07961 11.18521 0.00000 0.60000 0.60000 10.00000 0.01500 0.00000 0.00000 SME4
83.49100 49.54100 -2.84179 0.42469 0.00000 0.60000 0.60000 10.00000 0.00800 0.00000 0.00000 SLP4
76.35400 42.24600 0.69077 5.64613 0.00000 0.40000 0.50000 10.00000 0.01100 0.00000 0.00000 SKT4
79.32200 42.60400 1.74545 9.16470 0.00000 0.40000 0.40000 10.00000 0.00200 0.00000 0.00000 SKR4
77.95900 42.09500 0.03516 9.98858 0.00000 0.40000 0.40000 10.00000 -0.00200 -0.00000 -0.00000 SJK4
79.30400 42.86800 1.16708 5.26051 0.00000 0.40000 0.40000 10.00000 0.00600 0.00000 0.00000 SHL4
71.53200 42.45400 -1.00906 1.43002 0.00000 0.30000 0.30000 10.00000 0.01000 0.00000 0.00000 SHI4
78.93600 43.69000 0.94795 4.15869 0.00000 0.60000 0.60000 10.00000 0.01800 0.00000 0.00000 SHE4
80.48700 43.25100 1.17926 6.28888 0.00000 0.50000 0.50000 10.00000 0.01500 0.00000 0.00000 SHD4
75.39700 42.62200 0.05328 4.08342 0.00000 0.40000 0.40000 10.00000 0.06700 0.00000 0.00000 SHA5
78.81300 43.43000 0.72665 4.32441 0.00000 0.40000 0.50000 10.00000 0.00700 0.00000 0.00000 SGD4
78.74200 43.90000 0.57224 2.90567 0.00000 0.50000 0.60000 10.00000 0.01700 0.00000 0.00000 SEX4
76.04500 42.27500 -0.09630 5.45998 0.00000 0.30000 0.30000 10.00000 0.00800 0.00000 0.00000 SEM4
74.15300 42.05200 -1.05080 3.64291 0.00000 0.30000 0.30000 10.00000 0.00400 0.00000 0.00000 SDY4
81.18600 47.38100 -2.19992 -0.41677 -0.00000 0.70000 0.70000 10.00000 0.03600 0.00000 0.00000 SDT4
78.40800 43.05700 1.50436 4.41221 0.00000 0.70000 0.70000 10.00000 0.00400 0.00000 0.00000 SATY
71.70100 40.77400 -1.94839 4.87567 0.00000 0.40000 0.40000 10.00000 0.00300 0.00000 0.00000 SARY
85.79400 49.19300 -3.19919 1.76645 0.00000 0.70000 0.70000 10.00000 0.01100 0.00000 0.00000 SAR4
70.88100 41.69700 -1.54072 1.65469 0.00000 0.40000 0.40000 10.00000 0.01600 0.00000 0.00000 SAN4
82.55000 49.47100 -2.14333 -0.83733 -0.00000 0.70000 0.70000 10.00000 0.01400 0.00000 0.00000 SAL4
76.71500 42.25000 0.98165 5.54481 0.00000 0.40000 0.40000 10.00000 0.00500 0.00000 0.00000 SAK4
79.74000 42.90500 1.36182 8.48106 0.00000 0.60000 0.60000 10.00000 0.00900 0.00000 0.00000 SAAZ
76.10300 42.52300 1.12215 4.57657 0.00000 0.40000 0.40000 10.00000 0.01300 0.00000 0.00000 RYB4
78.90600 42.54800 0.15071 9.05037 0.00000 0.40000 0.40000 10.00000 -0.00200 -0.00000 -0.00000 RTS4
72.66700 42.70600 -1.33649 1.03715 0.00000 0.50000 0.50000 10.00000 0.00700 0.00000 0.00000 RTR4
70.39100 39.86400 -1.05121 3.02295 0.00000 0.60000 0.60000 10.00000 0.04200 0.00000 0.00000 RTC4
75.73200 41.69700 -0.33241 6.57481 0.00000 0.30000 0.30000 10.00000 0.00400 0.00000 0.00000 RSR4
75.37000 41.76000 0.18464 5.37514 0.00000 0.30000 0.30000 10.00000 0.00400 0.00000 0.00000 RSO4
74.74200 41.72600 -0.79627 4.80282 0.00000 0.40000 0.40000 10.00000 0.00100 0.00000 0.00000 RKR4
75.19500 43.17400 -1.69278 1.42738 0.00000 0.50000 0.50000 10.00000 0.01400 0.00000 0.00000 RGA4
82.30600 46.12100 0.03901 3.09508 0.00000 0.70000 0.70000 10.00000 0.03900 0.00000 0.00000 RAS4
74.25200 41.91200 -0.96493 4.26890 0.00000 0.30000 0.30000 10.00000 0.00700 0.00000 0.00000 RAL4
73.62700 41.28800 -2.68888 5.49967 0.00000 0.40000 0.40000 10.00000 0.00000 0.00000 0.00000 PUR4
75.08800 40.57800 -0.39144 9.39830 0.00000 0.40000 0.40000 10.00000 0.00700 0.00000 0.00000 PTU4
78.86100 42.62000 0.75772 7.83691 0.00000 0.40000 0.40000 10.00000 0.00100 0.00000 0.00000 PTO4
82.59800 50.35700 -2.81645 1.07618 0.00000 0.70000 0.70000 10.00000 0.01000 0.00000 0.00000 PSE4
78.29200 42.54700 0.26347 7.78101 0.00000 0.40000 0.40000 10.00000 0.00000 0.00000 0.00000 PPR4
78.07600 43.20800 0.72612 3.62078 0.00000 0.70000 0.70000 10.00000 0.01700 0.00000 0.00000 PKZ4
80.22800 43.75600 1.02923 5.31616 0.00000 0.40000 0.50000 10.00000 0.00600 0.00000 0.00000 PDB4
79.06000 42.39600 0.73352 8.99297 0.00000 0.40000 0.40000 10.00000 -0.00300 -0.00000 -0.00000 PCH4
80.04000 43.99400 1.05342 2.36419 0.00000 0.50000 0.50000 10.00000 0.02000 0.00000 0.00000 PAN0
75.13000 40.84800 -0.97407 9.01072 0.00000 0.40000 0.40000 10.00000 0.00400 0.00000 0.00000 PAK4
74.07600 40.43600 -1.96493 10.02214 0.00000 0.40000 0.40000 10.00000 -0.00400 -0.00000 -0.00000 OYT4
77.91800 42.44000 -0.53527 8.37715 0.00000 0.30000 0.30000 10.00000 0.00300 0.00000 0.00000 ORGO
67.67000 40.29100 -1.28253 2.89508 0.00000 0.40000 0.40000 10.00000 0.00300 0.00000 0.00000 OKT1
74.54900 42.04000 -0.46511 3.75188 0.00000 0.30000 0.30000 10.00000 0.00500 0.00000 0.00000 OGI4
75.84900 41.43300 -0.85535 10.10699 0.00000 0.70000 0.70000 10.00000 0.02500 0.00000 0.00000 OBO4
78.37400 42.68400 -0.12598 6.40386 0.00000 0.40000 0.40000 10.00000 0.00200 0.00000 0.00000 NTP4
79.21000 43.13900 0.99394 5.33453 0.00000 0.40000 0.40000 10.00000 0.00400 0.00000 0.00000 NTE4
73.76300 40.88000 -2.92467 8.03602 0.00000 0.40000 0.40000 10.00000 -0.00300 -0.00000 -0.00000 NSB4
74.69000 41.82000 -0.68825 5.18929 0.00000 0.40000 0.40000 10.00000 -0.00100 -0.00000 -0.00000 NRK4
79.21000 42.66500 0.75266 9.23453 0.00000 0.40000 0.40000 10.00000 0.00400 0.00000 0.00000 NKR4
77.94600 42.24800 -0.45205 9.78444 0.00000 0.40000 0.40000 10.00000 -0.00400 -0.00000 -0.00000 NJK4
80.00000 42.59900 2.23260 9.25377 0.00000 0.70000 0.70000 10.00000 0.01200 0.00000 0.00000 NBA4
76.25500 41.44600 -0.36763 9.91912 0.00000 0.40000 0.40000 10.00000 0.01600 0.00000 0.00000 NAR5
73.31800 42.17500 -0.00912 2.41559 0.00000 0.40000 0.40000 10.00000 0.00700 0.00000 0.00000 MUS4
73.79600 38.13700 -6.58430 23.24435 0.00000 0.60000 0.60000 10.00000 0.00500 0.00000 0.00000 MURG
78.11200 42.43900 -0.04084 8.73115 0.00000 0.40000 0.40000 10.00000 -0.00400 -0.00000 -0.00000 MUN4
75.03800 41.66900 -0.71215 5.48479 0.00000 0.30000 0.30000 10.00000 0.00400 0.00000 0.00000 MOL4
79.32300 42.75700 0.65820 8.76571 0.00000 0.50000 0.50000 10.00000 0.00100 0.00000 0.00000 MNJ4
73.04500 42.24800 -0.69126 1.74089 0.00000 0.40000 0.40000 10.00000 0.00900 0.00000 0.00000 MKR4
73.34100 42.52400 -1.48065 1.12082 0.00000 0.50000 0.50000 10.00000 0.01000 0.00000 0.00000 MER4
70.15700 40.03500 -0.32764 1.15969 0.00000 0.60000 0.60000 10.00000 0.03300 0.00000 0.00000 MDG4
76.47800 43.15500 -0.93591 2.98039 0.00000 0.40000 0.40000 10.00000 0.00700 0.00000 0.00000 MAY1
78.50100 44.22500 -0.99145 1.43818 0.00000 0.60000 0.60000 10.00000 0.01500 0.00000 0.00000 MAT4
73.22100 41.57200 -1.15193 4.68863 0.00000 0.40000 0.40000 10.00000 0.01200 0.00000 0.00000 LJM4
69.93300 39.77400 -0.63339 2.89954 0.00000 0.60000 0.60000 10.00000 0.05700 0.00000 0.00000 LAM4
75.97700 40.52300 0.97789 11.24229 0.00000 0.70000 0.70000 10.00000 0.01900 0.00000 0.00000 KZY4
73.32300 39.37900 -5.50246 15.71564 0.00000 0.70000 0.70000 10.00000 0.01500 0.00000 0.00000 KYZY
75.13500 42.09200 -0.78211 4.61077 0.00000 0.30000 0.30000 10.00000 0.00600 0.00000 0.00000 KYZ4
75.56900 41.35800 -0.95134 9.03016 0.00000 0.30000 0.30000 10.00000 0.01200 0.00000 0.00000 KUN4
79.85800 43.63000 1.22442 5.71429 0.00000 0.70000 0.70000 10.00000 0.02000 0.00000 0.00000 KUD4
76.19800 42.89500 -0.84967 1.90354 0.00000 0.50000 0.50000 10.00000 0.01100 0.00000 0.00000 KTY4
73.38500 45.78500 -0.06072 3.03326 0.00000 0.60000 0.60000 10.00000 0.00100 0.00000 0.00000 KTSS
76.38700 42.61900 0.32112 3.65546 0.00000 0.40000 0.40000 10.00000 0.02200 0.00000 0.00000 KTE4
83.99800 47.67000 -1.09337 2.16512 0.00000 0.70000 0.70000 10.00000 0.02200 0.00000 0.00000 KST4
77.74400 44.59200 -2.43757 1.32936 0.00000 0.60000 0.70000 10.00000 0.02600 0.00000 0.00000 KSH4
73.66700 41.34400 -1.48710 5.01006 0.00000 0.50000 0.50000 10.00000 0.00000 0.00000 0.00000 KRV4
76.44300 40.73400 -0.12192 12.17003 0.00000 0.70000 0.70000 10.00000 0.01200 0.00000 0.00000 KRU4
75.04800 41.48700 -0.72589 6.08790 0.00000 0.40000 0.40000 10.00000 0.00500 0.00000 0.00000 KRT4
79.92600 43.02700 1.16912 5.83300 0.00000 0.40000 0.40000 10.00000 0.00500 0.00000 0.00000 KRS4
78.16100 43.48300 0.24849 2.64466 0.00000 0.60000 0.60000 10.00000 0.01400 0.00000 0.00000 KRM4
76.43400 41.12200 -0.69561 11.46794 0.00000 0.40000 0.40000 10.00000 0.00800 0.00000 0.00000 KRL6
71.90400 39.49400 -1.43991 5.13165 0.00000 0.60000 0.60000 10.00000 0.04800 0.00000 0.00000 KRK4
76.07200 41.78100 -0.23662 7.76826 0.00000 0.30000 0.30000 10.00000 0.00400 0.00000 0.00000 KRB4
73.88100 41.80800 -1.06053 3.06920 0.00000 0.50000 0.50000 10.00000 0.01500 0.00000 0.00000 KOVK
76.52000 40.91800 -0.11250 12.79182 0.00000 0.70000 0.70000 10.00000 0.01000 0.00000 0.00000 KOS4
84.95900 49.41200 -2.56835 0.23344 0.00000 0.70000 0.70000 10.00000 0.01300 0.00000 0.00000 KOR4
76.40800 41.89200 -1.33784 8.56068 0.00000 0.70000 0.70000 10.00000 0.02400 0.00000 0.00000 KOG4
78.82500 43.02400 0.99120 4.82853 0.00000 0.40000 0.40000 10.00000 0.00100 0.00000 0.00000 KNS4
71.46400 39.87500 -1.09907 5.51235 0.00000 0.60000 0.60000 10.00000 0.03100 0.00000 0.00000 KNG4
70.97500 39.74200 -0.68411 4.58060 0.00000 0.60000 0.60000 10.00000 0.02800 0.00000 0.00000 KLM4
70.22200 43.27100 -1.07292 1.17732 0.00000 0.60000 0.60000 10.00000 0.00900 0.00000 0.00000 KKT4
75.14600 42.25700 -0.66839 3.91488 0.00000 0.40000 0.40000 10.00000 0.01000 0.00000 0.00000 KKO4
76.20500 41.90200 -0.63123 8.10461 0.00000 0.50000 0.50000 10.00000 0.02300 0.00000 0.00000 KKD4
74.92800 41.73700 -0.40290 4.95469 0.00000 0.40000 0.40000 10.00000 0.00100 0.00000 0.00000 KKC4
72.73500 39.67800 -0.96309 7.25682 0.00000 0.60000 0.60000 10.00000 0.02500 0.00000 0.00000 KKB4
72.89400 41.69500 -1.42997 3.69940 0.00000 0.40000 0.40000 10.00000 0.01400 0.00000 0.00000 KKA4
73.19000 41.00100 -2.69394 6.57933 0.00000 0.50000 0.50000 10.00000 -0.01500 -0.00000 -0.00000 KJA6
74.06600 42.20400 -0.83472 2.91904 0.00000 0.30000 0.30000 10.00000 0.00200 0.00000 0.00000 KIN4
72.29700 40.36200 -0.50082 4.93751 0.00000 0.60000 0.60000 10.00000 0.03800 0.00000 0.00000 KHZ4
73.67200 44.38000 -0.42180 -0.18789 -0.00000 0.50000 0.60000 10.00000 0.00500 0.00000 0.00000 KHA4
80.35500 43.40000 1.69439 5.45149 0.00000 0.50000 0.50000 10.00000 0.00500 0.00000 0.00000 KET4
76.05700 42.75900 -0.15704 2.06411 0.00000 0.50000 0.50000 10.00000 0.01400 0.00000 0.00000 KEK4
69.82400 42.03600 -1.96213 1.27050 0.00000 0.40000 0.40000 10.00000 0.01700 0.00000 0.00000 KAZY
80.00800 42.74000 1.64335 8.45586 0.00000 0.70000 0.60000 10.00000 0.01700 0.00000 0.00000 KAT4
76.84000 41.13200 -0.20685 11.97909 0.00000 0.30000 0.30000 10.00000 0.00500 0.00000 0.00000 KASU
75.44300 42.30000 -0.17542 3.69588 0.00000 0.30000 0.30000 10.00000 0.00600 0.00000 0.00000 KAS4
76.77600 41.73300 0.03929 9.76143 0.00000 0.40000 0.40000 10.00000 0.01900 0.00000 0.00000 KAR4
76.39700 42.30600 0.49455 4.65856 0.00000 0.40000 0.40000 10.00000 0.00800 0.00000 0.00000 KAL4
72.90400 42.80600 -0.93846 2.70149 0.00000 0.40000 0.40000 10.00000 0.00800 0.00000 0.00000 KAK1
76.10100 41.17300 -1.08168 11.47655 0.00000 0.50000 0.50000 10.00000 0.02400 0.00000 0.00000 KAI4
80.04700 49.06500 0.33983 -0.23373 -0.00000 0.70000 0.70000 10.00000 0.02500 0.00000 0.00000 K241
75.84400 47.85200 -0.90630 -1.89406 -0.00000 0.70000 0.70000 10.00000 0.02000 0.00000 0.00000 K231
76.06400 49.38500 -0.80507 0.36618 0.00000 0.70000 0.70000 10.00000 0.02800 0.00000 0.00000 K221
78.90000 50.16800 -1.37753 -0.45169 -0.00000 0.70000 0.70000 10.00000 0.04200 0.00000 0.00000 K201
73.55300 45.75500 0.12868 -0.52007 -0.00000 0.70000 0.70000 10.00000 0.01800 0.00000 0.00000 K181
74.57100 46.90800 0.12348 -0.54290 -0.00000 0.70000 0.70000 10.00000 0.02500 0.00000 0.00000 K171
71.84800 51.33800 -0.22859 -0.38489 -0.00000 0.70000 0.70000 10.00000 0.01800 0.00000 0.00000 K151
75.64500 42.10500 -0.99778 5.45193 0.00000 0.30000 0.30000 10.00000 0.01400 0.00000 0.00000 JUA4
78.22400 43.10400 0.31183 3.66231 0.00000 0.40000 0.50000 10.00000 0.00400 0.00000 0.00000 JNI4
73.68600 40.63700 -3.03900 7.71525 0.00000 0.50000 0.50000 10.00000 0.00400 0.00000 0.00000 JLK4
75.33400 43.01100 -1.21303 1.46578 0.00000 0.40000 0.40000 10.00000 0.00000 0.00000 0.00000 JJO4
78.27400 42.29700 -0.05608 9.57483 0.00000 0.40000 0.40000 10.00000 0.00300 0.00000 0.00000 JET4
78.68100 43.25400 1.01428 3.68804 0.00000 0.40000 0.40000 10.00000 0.00300 0.00000 0.00000 JAP4
77.49000 43.26100 -0.35519 3.35975 0.00000 0.60000 0.80000 10.00000 0.03800 0.00000 0.00000 ISY5
78.21000 41.60100 1.49129 11.15817 0.00000 0.40000 0.50000 10.00000 -0.00200 -0.00000 -0.00000 ISH4
78.18800 43.95300 -0.81019 1.85194 0.00000 0.70000 0.70000 10.00000 0.02300 0.00000 0.00000 ILI4
73.79600 39.65400 0.39545 9.94435 0.00000 0.70000 0.60000 10.00000 0.00300 0.00000 0.00000 IKZ4
73.06700 42.49300 -0.97165 1.54711 0.00000 0.30000 0.30000 10.00000 0.00800 0.00000 0.00000 HRT4
73.80200 42.42600 -0.80712 1.14641 0.00000 0.30000 0.30000 10.00000 -0.00600 -0.00000 -0.00000 HON4
76.76700 42.64100 0.31190 3.65934 0.00000 0.30000 0.30000 10.00000 0.01000 0.00000 0.00000 HOK4
83.59000 49.82800 -2.30207 -0.54825 -0.00000 0.70000 0.70000 10.00000 0.00400 0.00000 0.00000 HEB4
77.13900 42.07100 0.25564 8.56115 0.00000 0.40000 0.40000 10.00000 0.00900 0.00000 0.00000 GTA4
78.62100 43.54600 0.74305 3.77042 0.00000 0.40000 0.40000 10.00000 0.00500 0.00000 0.00000 GSO4
78.92100 43.03900 0.89091 4.85453 0.00000 0.40000 0.40000 10.00000 0.00300 0.00000 0.00000 GKU4
76.72500 42.17100 -0.02526 6.74791 0.00000 0.40000 0.40000 10.00000 0.00900 0.00000 0.00000 GKO4
78.78700 43.66400 0.54941 4.91714 0.00000 0.70000 0.70000 10.00000 0.01400 0.00000 0.00000 GBL4
68.51500 37.64200 -8.18227 5.72003 0.00000 0.60000 0.60000 10.00000 0.01200 0.00000 0.00000 GARA
84.93100 48.22100 -0.42787 2.92514 0.00000 0.70000 0.70000 10.00000 0.01900 0.00000 0.00000 GAK4
80.30800 43.06100 1.56603 6.03900 0.00000 0.40000 0.40000 10.00000 0.00100 0.00000 0.00000 ESE4
76.42200 41.49400 0.43178 11.26482 0.00000 0.70000 0.70000 10.00000 0.02500 0.00000 0.00000 ENG4
74.45200 41.82100 -0.97846 5.12391 0.00000 0.30000 0.30000 10.00000 0.00500 0.00000 0.00000 EME4
76.46800 41.82000 -0.54491 8.27829 0.00000 0.30000 0.30000 10.00000 0.00600 0.00000 0.00000 ELB4
76.36700 43.00500 -1.84636 2.45026 0.00000 0.60000 0.60000 10.00000 0.02000 0.00000 0.00000 EGA4
74.36600 41.47600 -1.70264 5.40204 0.00000 0.40000 0.40000 10.00000 0.00000 0.00000 0.00000 DYU4
73.61900 40.92500 -3.01527 7.89759 0.00000 0.60000 0.60000 10.00000 0.00800 0.00000 0.00000 DNG4
74.46900 40.98700 -0.84218 7.82908 0.00000 0.50000 0.50000 10.00000 0.00600 0.00000 0.00000 DJR4
73.95600 41.89600 -0.75491 3.98894 0.00000 0.30000 0.30000 10.00000 0.00500 0.00000 0.00000 DJE4
76.49800 41.24500 -0.48802 11.88559 0.00000 0.70000 0.70000 10.00000 0.01200 0.00000 0.00000 DJA4
75.76600 43.24500 -1.00574 1.38415 0.00000 0.50000 0.50000 10.00000 0.01200 0.00000 0.00000 DEGE
72.28600 39.57300 -2.15137 7.53440 0.00000 0.60000 0.60000 10.00000 0.03100 0.00000 0.00000 DAT4
78.45700 43.13700 1.00910 4.52672 0.00000 0.40000 0.40000 10.00000 0.00000 0.00000 0.00000 DAL4
74.00200 43.42300 -1.12702 0.40140 0.00000 0.40000 0.40000 10.00000 -0.00500 -0.00000 -0.00000 CHU4
76.05200 41.33400 -0.36881 10.56305 0.00000 0.70000 0.70000 10.00000 0.01900 0.00000 0.00000 CHT4
78.97600 43.27100 1.10941 4.47010 0.00000 0.40000 0.40000 10.00000 0.00100 0.00000 0.00000 CHR4
77.07500 42.71900 0.10984 4.44449 0.00000 0.30000 0.30000 10.00000 0.01800 0.00000 0.00000 CHO4
77.84500 43.26700 -0.16427 3.55640 0.00000 0.40000 0.50000 10.00000 0.00200 0.00000 0.00000 CHL4
77.73900 41.52700 0.69778 11.52831 0.00000 0.60000 0.60000 10.00000 0.00700 0.00000 0.00000 CHK4
78.87800 43.58400 0.53926 6.54308 0.00000 0.60000 0.60000 10.00000 0.00600 0.00000 0.00000 CHIL
75.75000 40.68600 -0.00472 11.57999 0.00000 0.70000 0.70000 10.00000 0.02100 0.00000 0.00000 CEK4
72.09000 40.19900 -1.60382 7.08048 0.00000 0.40000 0.40000 10.00000 0.00600 0.00000 0.00000 CAUV
68.10400 41.24500 -1.83547 1.91115 0.00000 0.40000 0.40000 10.00000 0.02000 0.00000 0.00000 CAR1
75.72900 42.74900 -0.64697 2.27478 0.00000 0.30000 0.30000 10.00000 0.00400 0.00000 0.00000 BYS4
76.43200 42.81100 -0.86430 2.46792 0.00000 0.30000 0.40000 10.00000 0.00300 0.00000 0.00000 BUZ4
79.05300 42.26100 1.22376 9.89090 0.00000 0.40000 0.40000 10.00000 -0.00100 -0.00000 -0.00000 BUR4
75.02000 41.18600 -1.34630 8.47961 0.00000 0.40000 0.40000 10.00000 0.00400 0.00000 0.00000 BTR4
70.76500 40.04800 -0.55587 2.42256 0.00000 0.60000 0.60000 10.00000 0.03300 0.00000 0.00000 BTK4
70.52000 42.56900 -1.45139 1.15819 0.00000 0.60000 0.60000 10.00000 0.01800 0.00000 0.00000 BRL4
71.28300 43.77700 0.22455 0.96259 0.00000 0.70000 0.70000 10.00000 0.00400 0.00000 0.00000 BOST
73.23500 41.64800 -1.34709 4.19177 0.00000 0.40000 0.40000 10.00000 0.01100 0.00000 0.00000 BOR4
83.98400 49.03800 -2.01493 0.16197 0.00000 0.70000 0.70000 10.00000 0.00700 0.00000 0.00000 BOL4
75.42600 40.75700 -0.49084 10.49171 0.00000 0.70000 0.70000 10.00000 0.02000 0.00000 0.00000 BKE4
79.41600 45.13700 -1.42114 2.19168 0.00000 0.70000 0.70000 10.00000 0.03600 0.00000 0.00000 BIN4
75.03000 40.64600 -0.38439 9.18271 0.00000 0.40000 0.40000 10.00000 0.00500 0.00000 0.00000 BET4
70.52400 40.35700 -1.92350 5.35923 0.00000 0.60000 0.60000 10.00000 0.00800 0.00000 0.00000 BESH
75.79500 42.81800 -0.54328 2.19245 0.00000 0.30000 0.30000 10.00000 0.00600 0.00000 0.00000 BES4
75.65700 42.95700 -0.72702 2.35505 0.00000 0.50000 0.50000 10.00000 0.01400 0.00000 0.00000 BER4
67.04600 38.17500 -1.87878 5.23126 0.00000 0.60000 0.60000 10.00000 0.01700 0.00000 0.00000 BAYS
75.08300 41.07900 -1.15632 8.19725 0.00000 0.40000 0.40000 10.00000 0.00700 0.00000 0.00000 BAY4
75.01900 41.57600 -0.51794 4.87960 0.00000 0.40000 0.40000 10.00000 0.00300 0.00000 0.00000 BAU4
77.61600 42.00800 0.13832 9.79404 0.00000 0.50000 0.50000 10.00000 0.03600 0.00000 0.00000 BAR4
73.26800 39.51300 -2.79254 10.10110 0.00000 0.60000 0.60000 10.00000 0.02800 0.00000 0.00000 BAB4
77.11400 43.89700 0.11416 1.85589 0.00000 0.40000 0.50000 10.00000 0.00300 0.00000 0.00000 AZO4
76.96600 43.05900 -0.65931 3.31437 0.00000 0.50000 0.50000 10.00000 0.00900 0.00000 0.00000 AST4
78.14800 43.31000 0.33177 3.04053 0.00000 0.50000 0.50000 10.00000 0.00200 0.00000 0.00000 ASS4
81.10500 50.09100 -1.23429 -0.43962 -0.00000 0.70000 0.70000 10.00000 0.02700 0.00000 0.00000 ASR4
73.49400 42.70000 -1.97141 0.86334 0.00000 0.50000 0.50000 10.00000 0.01700 0.00000 0.00000 ASP4
73.53800 40.07500 0.63050 7.47478 0.00000 0.70000 0.70000 10.00000 0.05800 0.00000 0.00000 ASK4
72.98200 41.24400 -2.86761 4.62327 0.00000 0.40000 0.50000 10.00000 0.01200 0.00000 0.00000 ARS4
74.82700 40.83800 -0.76408 8.12767 0.00000 0.40000 0.40000 10.00000 0.00800 0.00000 0.00000 ARP4
76.66500 41.69300 0.23870 8.73230 0.00000 0.70000 0.70000 10.00000 0.02000 0.00000 0.00000 ARC4
77.75000 41.86000 0.92317 9.73042 0.00000 0.40000 0.40000 10.00000 -0.00400 -0.00000 -0.00000 ARA4
70.08200 41.10200 -0.84895 3.83997 0.00000 0.60000 0.60000 10.00000 0.00300 0.00000 0.00000 ANGR
69.51400 39.73700 -1.21678 4.18753 0.00000 0.70000 0.60000 10.00000 0.06000 0.00000 0.00000 AND4
77.60300 42.79000 0.10213 4.48991 0.00000 0.30000 0.30000 10.00000 0.01400 0.00000 0.00000 ANA4
74.24400 40.33100 -2.07829 13.36682 0.00000 0.40000 0.40000 10.00000 0.00600 0.00000 0.00000 ALUN
77.76300 43.90800 -0.40385 1.03456 0.00000 0.40000 0.40000 10.00000 0.00300 0.00000 0.00000 ALT4
69.73000 40.82900 -1.15124 2.94459 0.00000 0.50000 0.50000 10.00000 -0.02700 -0.00000 -0.00000 ALM1
76.16700 42.31300 0.10326 4.79422 0.00000 0.40000 0.40000 10.00000 0.01300 0.00000 0.00000 ALB5
76.85400 42.88500 0.02928 2.88323 0.00000 0.40000 0.40000 10.00000 0.00400 0.00000 0.00000 AKK4
78.54200 41.79500 1.59800 10.54960 0.00000 0.40000 0.40000 10.00000 -0.00500 -0.00000 -0.00000 AKH4
76.95600 42.07300 0.56119 8.51127 0.00000 0.30000 0.30000 10.00000 0.00600 0.00000 0.00000 AKB4
79.96900 42.89600 1.25820 6.94445 0.00000 0.40000 0.40000 10.00000 0.00300 0.00000 0.00000 AIB4
70.02300 40.80000 -1.46831 4.62341 0.00000 0.60000 0.60000 10.00000 0.00800 0.00000 0.00000 ADRA
72.05000 41.78400 -2.38811 1.97009 0.00000 0.30000 0.30000 10.00000 0.01000 0.00000 0.00000 ABD4
73.75500 42.16800 -0.12561 3.63394 0.00000 0.30000 0.30000 10.00000 0.00400 0.00000 0.00000 AAC4
76.87000 43.33700 -0.58138 3.42739 0.00000 0.66000 0.55000 10.00000 0.03700 0.00000 0.00000 ATAK
75.29000 42.68000 -1.65645 1.90334 0.00000 0.33000 0.38000 10.00000 -0.02000 -0.00000 -0.00000 IV12
75.15000 42.65000 -1.80895 1.81992 0.00000 0.34000 0.37000 10.00000 -0.03000 -0.00000 -0.00000 IV11
75.03000 42.75000 -1.53269 1.83471 0.00000 0.30000 0.34000 10.00000 -0.03000 -0.00000 -0.00000 IV05
74.87000 42.81000 -3.42924 0.50110 0.00000 0.29000 0.32000 10.00000 -0.04000 -0.00000 -0.00000 IV04
74.58000 42.66000 -2.91307 1.86219 0.00000 0.32000 0.36000 10.00000 -0.02000 -0.00000 -0.00000 IV14
74.48000 42.66000 -1.18574 3.00819 0.00000 0.36000 0.38000 10.00000 -0.08000 -0.00000 -0.00000 IV20
74.48000 42.59000 -2.19064 3.16819 0.00000 0.42000 0.44000 10.00000 -0.01000 -0.00000 -0.00000 IV21
74.42000 42.78000 -1.70569 0.92058 0.00000 0.60000 0.69000 10.00000 -0.04000 -0.00000 -0.00000 IV13
74.07000 42.68000 -2.01737 1.74508 0.00000 0.36000 0.37000 10.00000 -0.04000 -0.00000 -0.00000 IV18
89.93800 48.98200 2.41298 3.20365 0.00000 0.68000 0.32000 10.00000 0.10600 0.00000 0.00000 ULGI
91.19800 51.33400 -0.08940 0.77753 0.00000 0.65000 0.32000 10.00000 0.08100 0.00000 0.00000 CHAD
91.62900 47.76300 -0.05573 5.16629 0.00000 0.84000 0.47000 10.00000 0.07600 0.00000 0.00000 HOVD
92.07800 49.97100 1.22249 2.39225 0.00000 0.81000 0.39000 10.00000 0.08200 0.00000 0.00000 ULAA
90.38000 37.36000 6.62039 17.35018 0.00000 0.50000 0.50000 10.00000 0.00200 0.00000 0.00000 QMTC
