85.54246 38.09851 -0.69447 10.66901 -0.92504 0.34629 0.44766 0.49383 0.01350 0.00000 0.00000 JB46
88.17338 39.02253 1.47338 8.96402 -1.12949 0.60522 0.40225 0.51229 0.00557 0.00000 0.00000 I034
87.61025 43.80687 2.54623 7.43636 1.02509 0.18795 0.39785 0.36977 -0.00678 0.00000 0.00000 IN01
95.77998 40.51401 2.11131 3.48882 -0.62723 0.49276 0.17012 0.41576 0.01275 0.00000 0.00000 JB28
84.87721 44.32970 3.15646 6.52962 0.37070 0.31262 0.48552 0.21833 0.00900 0.00000 0.00000 XJDS
75.24402 39.72897 -0.41992 12.68058 -0.11142 0.28876 0.26879 0.46833 0.00180 0.00000 0.00000 I078
90.28899 43.81482 3.40178 5.66426 0.35378 0.32568 0.21842 0.44725 0.00275 0.00000 0.00000 XJML
81.01318 44.96358 0.62183 3.80272 0.90187 0.22929 0.27966 0.60634 0.00660 0.00000 0.00000 I040
74.96147 38.65640 -4.74180 20.07482 1.36655 0.27797 0.24863 0.54447 0.00200 0.00000 0.00000 XJBL
89.52628 46.99675 1.01482 5.20497 0.24891 0.20375 0.31258 0.30406 -0.00440 0.00000 0.00000 I011
86.86899 47.69941 1.07481 4.39354 -0.32503 0.25904 0.35602 0.24006 0.00625 0.00000 0.00000 XJBE
82.87547 46.82377 0.18521 1.88637 0.61262 0.17460 0.36888 0.38833 0.00975 0.00000 0.00000 XJTC
80.35712 42.68296 2.49718 7.44889 0.57250 0.27573 0.22983 1.39500 0.01000 0.00000 0.00000 XJZS
77.46822 37.85828 -1.79546 19.73286 -0.41441 0.22829 0.20995 0.41543 -0.00300 0.00000 0.00000 !!!!
66.88564 39.13459 -0.87448 1.47954 -0.76053 0.52638 0.63488 0.63783 -0.05929 0.00000 0.00000 KIT3
90.26161 42.89512 3.59860 7.08601 -0.60743 0.28895 0.57422 0.33450 0.00200 0.00000 0.00000 XJSS
74.71305 42.68555 -1.51746 2.97533 0.63272 0.24694 0.23281 0.40851 -0.02640 0.00000 0.00000 MAEV
94.77525 36.14596 8.15884 8.49352 0.08759 0.18441 0.24074 0.31895 -0.02300 0.00000 0.00000 QHGE
86.18953 41.79170 2.49404 9.83357 0.91344 0.30448 0.28633 0.38891 0.00400 0.00000 0.00000 XJKE
83.25732 43.39804 1.59964 7.69220 1.25540 0.34638 0.20067 0.51619 0.00333 0.00000 0.00000 XJXY
82.98553 41.71263 2.85652 11.09811 -1.73926 0.44940 0.34358 0.43880 0.00500 0.00000 0.00000 XJKC
89.89814 38.42234 3.27492 9.35641 -1.75000 0.19868 0.21811 0.72000 0.02250 0.00000 0.00000 KLSA
94.80535 40.16991 1.97540 4.19809 -0.57000 0.49525 0.25727 0.57000 0.00860 0.00000 0.00000 G161
75.21767 37.79217 -3.73235 21.40014 0.36063 0.44462 0.25069 0.36742 0.02200 0.00000 0.00000 TASH
88.13492 47.85541 0.63213 5.35118 0.46551 0.32715 0.34475 0.50080 0.00167 0.00000 0.00000 XJAL
79.20976 41.20230 1.18862 14.63171 0.42367 0.23332 0.22953 0.72002 0.00675 0.00000 0.00000 WUSH
94.87594 36.42344 7.48083 8.56653 -0.34250 0.83218 0.36305 0.33472 0.00350 0.00000 0.00000 JB30
94.68369 40.14264 1.98287 4.13221 -0.78824 0.17161 0.21901 0.36593 0.01575 0.00000 0.00000 GSDH
78.77286 39.81353 0.31105 16.61121 0.02969 0.24733 0.24885 0.48437 -0.00200 0.00000 0.00000 XJBC
94.35573 38.80807 5.88814 5.40117 1.87500 0.51553 0.22075 0.47500 0.00133 0.00000 0.00000 G167
93.48802 39.64528 2.13840 5.40606 -1.80000 0.31909 0.20097 1.80000 0.00700 0.00000 0.00000 G163
93.33139 38.74420 5.63909 6.54904 2.39940 0.31480 0.47533 0.44725 0.00133 0.00000 0.00000 QHLH
84.88808 45.61815 2.93676 4.17293 7.47043 0.61531 0.51398 0.36136 0.01767 0.00000 0.00000 I039
83.65937 38.96880 0.11306 12.25653 -0.35000 0.18834 0.18141 0.40561 0.01167 0.00000 0.00000 XJTZ
69.19968 38.04093 -5.71210 4.74478 -0.56000 1.50071 1.04437 1.00000 0.00000 0.00000 0.00000 !!!!
94.85689 39.51346 3.18645 4.82857 0.84500 0.35994 0.42852 0.54500 0.00900 0.00000 0.00000 G164
94.55482 39.71576 2.07132 4.66596 -0.46000 0.36131 0.29398 0.56000 0.00325 0.00000 0.00000 G162
93.00315 39.28736 3.03510 6.08132 -1.50500 0.44723 0.18599 2.50500 0.00300 0.00000 0.00000 G165
83.80782 37.59211 -1.97208 12.32034 0.46500 0.40477 0.45653 0.28443 0.00675 0.00000 0.00000 I066
83.71566 42.82914 3.00825 8.02773 1.54500 0.20463 0.24646 0.71948 -0.00150 0.00000 0.00000 XJBY
81.66043 36.84052 -3.62708 14.05698 0.52000 0.43837 0.30941 0.47563 0.01333 0.00000 0.00000 I068
79.96971 37.09943 -3.55784 15.71461 2.20000 0.34094 0.26955 0.80000 0.02600 0.00000 0.00000 I087
78.72686 36.20640 -3.07913 17.31692 -0.32000 0.29667 0.36382 0.43658 0.02200 0.00000 0.00000 J301
94.99112 38.06345 6.11361 5.92416 0.58500 0.29166 0.26116 0.52193 0.00100 0.00000 0.00000 1327
94.25973 39.42081 4.43519 5.13565 1.56000 0.22776 0.25337 0.39778 0.01450 0.00000 0.00000 1303
87.17731 43.47111 3.22765 7.35744 0.76551 0.14068 0.12103 0.18331 -0.00925 0.00000 0.00000 GUAO
95.60655 39.70957 2.71213 4.03678 -0.63500 0.47184 0.37533 0.53500 0.01033 0.00000 0.00000 G145
94.99804 40.54932 2.32660 3.88007 -0.42000 0.35953 0.25099 0.42000 0.01033 0.00000 0.00000 G160
94.67226 43.24209 3.27109 3.30888 0.90500 0.22644 0.27869 0.79500 0.00733 0.00000 0.00000 I001
94.33583 42.84887 3.90581 4.15450 0.22029 0.15306 0.22640 0.39875 -0.00250 0.00000 0.00000 XJJJ
94.31754 39.60785 2.76173 4.06900 1.40000 0.08805 0.31550 0.20000 0.01900 0.00000 0.00000 G311
93.49927 37.90185 6.53267 8.42871 0.01000 0.32082 0.40626 0.43000 -0.00500 0.00000 0.00000 G170
93.40846 38.80731 5.65534 6.29567 0.90000 0.42784 0.24350 0.50000 0.00467 0.00000 0.00000 JB31
92.99731 43.60159 3.30173 4.45358 -0.61500 0.30807 0.47967 0.31500 0.00400 0.00000 0.00000 I002
91.47352 43.48482 3.37236 5.05481 0.36000 0.26801 0.25412 0.34000 0.00400 0.00000 0.00000 I003
90.80788 38.28313 7.32251 10.24101 -1.13000 0.21230 0.13752 0.73000 -0.00550 0.00000 0.00000 G171
90.80169 38.48692 6.51739 10.51244 0.07433 0.19723 1.21762 0.65524 0.00100 0.00000 0.00000 QHMY
89.19577 38.71718 0.72970 8.76840 0.22500 0.32478 0.39043 0.20591 0.00133 0.00000 0.00000 G172
86.97689 38.50802 0.03633 8.99711 -2.35500 0.34467 0.44332 2.35500 -0.01400 0.00000 0.00000 I035
86.71924 42.92285 3.78909 8.21864 1.09480 0.15475 0.17531 0.31352 -0.00200 0.00000 0.00000 XJWL
86.17108 37.59262 2.08040 12.22668 -1.81000 0.47829 0.30602 1.41000 -0.00050 0.00000 0.00000 I408
86.10609 44.20807 3.13978 6.10507 0.92751 0.16603 0.23713 0.24568 -0.00250 0.00000 0.00000 XJSH
84.33722 40.21691 0.73609 10.49420 -3.44500 0.39229 0.49726 2.74500 0.00750 0.00000 0.00000 I063
81.96906 36.43284 -4.74851 14.68642 -0.65165 1.21071 0.73061 0.49602 0.00400 0.00000 0.00000 XJYT
81.52626 43.97241 2.06062 6.35821 0.12403 0.33639 0.41440 0.61672 -0.00250 0.00000 0.00000 XJYN
81.47821 36.45501 -3.68572 14.59744 -1.25500 0.51968 0.47120 0.25500 0.01733 0.00000 0.00000 I070
79.04553 37.16189 -2.76622 17.87616 0.05153 0.23579 0.35103 0.63309 0.00000 0.00000 0.00000 XJHT
79.03528 40.50338 1.22342 14.46532 -0.51500 0.39694 0.35524 0.81500 0.00833 0.00000 0.00000 I073
78.03688 39.71398 -0.36675 17.10643 -0.46500 0.21821 0.31924 0.27042 0.00933 0.00000 0.00000 I075
77.00462 36.58292 -3.37840 20.42278 1.00000 0.52351 0.32103 0.30000 0.00867 0.00000 0.00000 J047
76.88892 40.20440 0.74680 13.48954 -1.67000 0.25737 0.23555 0.47000 0.00533 0.00000 0.00000 I074
76.73425 39.49698 0.90685 17.10387 -4.56000 0.35892 0.28012 1.06000 0.00167 0.00000 0.00000 I079
77.01690 43.17873 -0.56200 2.62554 0.20880 0.18212 0.12461 0.33140 0.00000 0.00000 0.00000 SELE
94.30569 39.17400 5.85801 4.60808 0.70000 0.19373 0.24112 0.20000 0.00800 0.00000 0.00000 G314
95.70917 40.08333 2.05003 3.79014 0.40000 0.57650 0.32783 0.20000 0.01250 0.00000 0.00000 G131
95.48424 37.21947 8.18956 8.27393 0.25500 0.25108 0.38558 0.74500 -0.00900 0.00000 0.00000 G341
95.46368 41.07009 2.77393 3.32355 -0.46500 0.27873 0.13919 0.66500 0.00500 0.00000 0.00000 G123
94.61035 38.33165 6.74819 4.97759 -0.43000 0.18615 0.30165 0.73000 -0.00450 0.00000 0.00000 G325
90.09838 38.35747 6.26660 10.45863 -2.56000 0.20032 0.23846 0.74000 0.01500 0.00000 0.00000 G326
89.61905 43.99558 3.13111 5.43752 -2.48000 0.34838 0.31015 0.88000 0.00833 0.00000 0.00000 I020
88.31799 43.35326 2.84694 6.37881 1.51000 0.15116 0.47830 0.69000 0.00667 0.00000 0.00000 I025
88.25065 40.26753 1.73519 8.53473 -1.69000 0.44516 0.18340 0.52000 0.02650 0.00000 0.00000 I033
87.17087 43.26530 2.43078 7.71810 1.18000 0.17954 0.35187 0.38000 0.00767 0.00000 0.00000 I026
86.36309 42.35039 3.26995 8.28815 0.66500 0.29785 0.29219 0.34004 0.01933 0.00000 0.00000 I028
85.51803 41.90806 2.82085 8.89330 -2.03000 0.22845 0.44574 1.13000 0.01600 0.00000 0.00000 I030
84.54152 43.26862 2.09440 7.53662 0.05000 0.20815 0.32635 1.25000 0.00867 0.00000 0.00000 I051
84.15656 43.02901 2.88922 7.95056 1.40000 0.35734 0.48072 0.80000 0.02433 0.00000 0.00000 I053
83.12881 42.13558 2.88106 7.85135 1.57000 0.63273 0.28865 0.33000 0.01167 0.00000 0.00000 I054
82.99350 36.72967 -2.72636 12.63607 0.80000 0.53744 1.06813 0.30000 0.01500 0.00000 0.00000 I069
82.78542 41.21634 1.89937 13.14768 -2.26500 0.27364 0.32562 0.26215 0.01467 0.00000 0.00000 I060
82.69867 37.03617 -2.69568 13.25685 0.40000 0.67913 0.54917 0.20000 0.01650 0.00000 0.00000 I067
82.22475 43.47155 2.05734 6.67816 -0.28000 0.27464 0.31717 1.28000 0.01167 0.00000 0.00000 I050
81.80280 41.81490 3.37004 7.12218 2.28500 0.52870 0.39554 0.48795 0.00167 0.00000 0.00000 I055
80.39245 40.64296 1.09662 14.43169 -0.47500 0.14821 0.37130 0.34889 0.01967 0.00000 0.00000 I062
78.45139 40.94160 1.31449 14.98672 0.37000 0.27033 0.39602 0.57000 0.00933 0.00000 0.00000 I072
78.07242 36.32942 -3.41790 18.73596 0.30000 0.28197 0.37214 0.20000 0.03000 0.00000 0.00000 I419
77.94886 40.87689 1.14597 13.84658 2.40000 0.31793 0.35827 0.30000 0.02950 0.00000 0.00000 I388
77.62493 38.90400 -1.01807 17.95841 -0.27000 0.26455 0.47524 1.07000 0.00367 0.00000 0.00000 I082
77.27711 38.17394 -2.32805 19.56380 -0.81500 0.34309 0.37438 0.98500 0.00500 0.00000 0.00000 I084
76.51240 39.80626 1.84629 14.35705 -0.80000 0.48944 0.18467 0.50000 0.09500 0.00000 0.00000 I077
76.17408 38.93539 -0.11496 19.54424 -3.20500 0.45829 0.18171 0.29585 0.00733 0.00000 0.00000 I083
75.89869 39.19550 1.35043 18.94307 0.34500 0.50763 0.36562 0.75500 0.00733 0.00000 0.00000 I081
75.44655 36.85057 -3.72543 20.88590 0.55500 0.43350 0.40202 0.74500 0.00300 0.00000 0.00000 I088
75.37005 40.50390 -0.12573 10.68324 -1.61000 0.12189 0.27420 2.71000 0.00950 0.00000 0.00000 I392
74.33638 39.84188 -0.60891 13.54462 1.64500 0.16906 0.10849 0.20591 0.00267 0.00000 0.00000 I089
95.80136 37.50955 8.30751 8.86948 1.00000 0.54260 1.21271 0.20000 -0.00300 0.00000 0.00000 G151
95.45652 39.25036 5.27656 3.98893 1.83500 0.16980 0.24057 1.53500 0.01400 0.00000 0.00000 G315
95.09931 42.48861 3.98879 3.04635 0.88500 0.12014 0.17486 0.48500 0.00900 0.00000 0.00000 G302
93.62019 36.74587 6.57120 9.31149 -2.98000 0.25926 0.22001 0.86000 0.00400 0.00000 0.00000 G346
93.41636 38.52291 5.49592 6.54870 0.70000 0.20412 0.37021 0.20000 -0.02400 0.00000 0.00000 G323
92.41421 38.07885 6.89704 9.37611 0.00000 0.13473 0.40068 0.20000 -0.02300 0.00000 0.00000 G332
91.68464 37.86536 7.64247 10.81007 -0.40000 0.14001 0.31815 0.20000 -0.00100 0.00000 0.00000 G335
91.49690 38.75788 4.99265 8.09011 -1.20500 0.16734 0.21545 0.90500 -0.00250 0.00000 0.00000 G319
90.97888 46.15072 2.49570 5.00461 0.02965 0.47330 0.20301 0.46418 -0.00200 0.00000 0.00000 XJQH
89.79379 47.20126 1.17656 4.86784 0.91500 0.52504 0.40071 0.43658 0.00667 0.00000 0.00000 I010
89.55672 38.51681 2.34453 9.24854 -0.55000 0.21365 0.25910 1.25000 0.02050 0.00000 0.00000 G322
89.00492 44.92233 1.00050 4.05559 2.44500 0.13795 0.33349 0.75500 0.00767 0.00000 0.00000 I019
88.93079 38.98804 1.04709 8.09938 -0.34000 0.21229 0.24728 0.74000 0.03000 0.00000 0.00000 I400
88.62182 42.81309 2.59276 7.05380 -1.70000 0.30021 0.48045 0.40000 -0.00100 0.00000 0.00000 I027
88.21398 39.27620 1.35227 8.71178 0.17500 0.21410 0.26308 0.62500 0.03250 0.00000 0.00000 I398
87.93883 44.15167 1.99960 6.21861 -3.14500 0.19674 0.37276 1.04500 0.02767 0.00000 0.00000 I021
87.51517 47.13415 0.96278 4.74036 0.54000 0.18840 0.42134 0.46000 0.01833 0.00000 0.00000 I012
87.19366 40.83480 2.17475 9.08885 -1.04000 0.52305 0.42424 0.48000 0.00400 0.00000 0.00000 I032
86.22340 44.29448 2.66037 6.48242 -0.58500 0.14504 0.42459 0.38500 0.00833 0.00000 0.00000 I023
85.87002 47.43570 0.71827 3.48525 0.26500 0.29147 0.40877 0.63500 0.02067 0.00000 0.00000 I014
85.70603 46.79132 1.72954 3.37101 0.30000 0.35703 0.47700 0.50000 0.01100 0.00000 0.00000 I016
85.49973 43.11335 3.37150 7.11881 1.43000 0.12990 0.33634 0.40746 0.02200 0.00000 0.00000 I368
84.52392 37.13326 -1.13530 12.27863 0.67500 0.38741 0.46962 0.47500 0.02950 0.00000 0.00000 I412
84.24523 41.78033 2.11434 11.40855 -13.67000 0.24186 0.45210 0.46000 0.01400 0.00000 0.00000 I056
83.91138 44.47201 2.10462 5.35846 0.07500 0.10566 0.52455 0.82500 0.01567 0.00000 0.00000 I043
83.60042 36.72269 -1.56220 13.83611 -0.41500 0.56546 0.73950 0.25005 0.00000 0.00000 0.00000 I415
83.59451 45.93665 1.35803 3.10128 0.10500 0.17552 0.36444 0.99500 0.02000 0.00000 0.00000 I038
82.12806 44.90013 1.05067 4.98496 0.30000 0.21109 0.36563 0.40000 0.02733 0.00000 0.00000 I041
81.12528 43.14168 1.63045 6.55362 1.53000 0.10476 0.29627 0.80000 0.01467 0.00000 0.00000 I052
80.85945 44.06492 0.82954 5.47740 -0.64000 0.27805 0.43353 1.04000 0.02267 0.00000 0.00000 I048
79.99011 36.39937 -3.31556 16.86258 0.82000 0.53105 0.38347 0.42000 0.01550 0.00000 0.00000 I418
78.24623 37.55870 -2.51052 18.68674 0.35000 0.34483 0.31557 0.45000 0.01100 0.00000 0.00000 I086
76.98305 36.84524 -2.53587 20.44192 2.11000 0.35839 0.35265 0.73000 0.01100 0.00000 0.00000 I413
76.00858 39.56039 1.02895 16.63994 -4.90000 0.42973 0.50035 3.80000 0.02100 0.00000 0.00000 I396
74.42703 39.02493 -5.07287 18.29898 2.28000 0.33501 0.24362 0.78000 0.00767 0.00000 0.00000 I399
94.92326 43.78750 3.22859 3.06021 0.84500 0.10458 0.24601 0.37845 0.00700 0.00000 0.00000 I352
94.10761 43.98646 3.45906 5.55363 1.74500 0.30334 0.18117 0.64500 0.00850 0.00000 0.00000 I347
93.70431 43.11247 3.77671 3.93706 1.04500 0.24567 0.16730 0.43174 0.01700 0.00000 0.00000 I420
92.36372 43.25741 4.02907 5.10949 1.12000 0.22082 0.19909 0.39778 0.01850 0.00000 0.00000 I366
91.88568 37.03796 7.56444 12.31087 2.48000 0.20829 0.24635 0.95000 -0.01050 0.00000 0.00000 G347
91.32100 41.01210 3.26927 6.44874 1.10000 0.20584 0.19775 0.10000 0.02400 0.00000 0.00000 I389
91.17167 43.75584 3.51295 5.13516 0.92500 0.23190 0.28291 0.44635 0.00900 0.00000 0.00000 I334
90.91794 37.02489 6.93749 12.46872 3.05000 0.17616 0.20880 0.77000 -0.00350 0.00000 0.00000 G339
90.72796 38.86911 2.67935 7.90386 -1.66000 0.09286 0.14110 0.73000 -0.00100 0.00000 0.00000 G316
90.34275 46.68262 1.35386 3.98921 0.71000 0.31731 0.27453 0.60000 0.01167 0.00000 0.00000 I015
90.26893 38.28555 6.72190 10.77296 0.32000 0.21184 0.14305 0.90000 0.01150 0.00000 0.00000 G328
90.15379 46.05931 1.95269 5.50700 -0.15000 0.22642 0.37253 0.49000 0.00567 0.00000 0.00000 I017
89.64478 42.82429 3.11256 6.17692 0.00000 0.10583 0.23190 0.42688 0.01300 0.00000 0.00000 I370
89.31010 43.20935 3.29217 5.74902 1.31000 0.14650 0.23990 0.41716 0.02050 0.00000 0.00000 I364
89.05015 43.85794 2.52602 5.13406 1.39500 0.22260 0.29312 0.99500 0.01950 0.00000 0.00000 I351
88.51182 43.12134 3.42059 5.59771 1.70000 0.14246 0.34305 0.60000 0.03550 0.00000 0.00000 I367
88.20012 42.24943 3.19376 6.72706 -0.34500 0.22127 0.32531 1.14500 0.02250 0.00000 0.00000 I379
87.85445 42.81690 3.24819 6.67810 1.28500 0.26444 0.17180 0.39778 0.02900 0.00000 0.00000 I371
87.43587 41.29198 2.44215 8.24403 -1.57000 0.18002 0.30345 2.57000 0.03300 0.00000 0.00000 I387
87.40895 43.50588 3.55196 6.32652 1.90000 0.23899 0.25768 0.47247 0.01350 0.00000 0.00000 I359
86.60865 47.09656 1.19138 4.29874 0.51000 0.24932 0.31161 0.72000 0.01333 0.00000 0.00000 I013
86.48077 43.90086 3.75288 6.73237 3.82500 0.18459 0.24367 1.02500 0.03050 0.00000 0.00000 I350
86.40500 48.06580 0.37816 3.28366 0.80000 0.28348 0.49731 0.30000 0.01750 0.00000 0.00000 I008
86.05844 43.03402 3.08993 7.18055 1.60000 0.22111 0.32993 0.80000 0.03750 0.00000 0.00000 I361
85.59655 43.95036 3.28102 6.91560 2.41500 0.22469 0.26633 1.21500 0.03500 0.00000 0.00000 I348
84.42643 42.77487 3.22600 8.35562 0.70500 0.19117 0.34879 0.59500 0.02900 0.00000 0.00000 I373
84.42535 42.05483 3.19478 7.88686 -0.58500 0.10341 0.37681 2.28500 0.02650 0.00000 0.00000 I378
83.68641 42.69233 2.97587 8.07638 -1.22000 0.11706 0.37904 3.22000 0.01750 0.00000 0.00000 I376
83.18845 41.08195 2.07485 12.30856 -4.51500 0.26063 0.28693 4.71500 0.02000 0.00000 0.00000 I390
83.04116 41.95804 3.53011 8.11775 -0.22000 0.22263 0.27137 1.72000 0.02700 0.00000 0.00000 I382
82.84485 43.25463 1.80077 7.25652 -1.48000 0.32077 0.48888 3.78000 0.01800 0.00000 0.00000 I363
82.44019 41.85769 2.84533 11.23499 -0.10000 0.42294 0.42063 0.30000 0.02250 0.00000 0.00000 I383
81.91099 43.02728 2.78582 6.76037 2.10000 0.15907 0.19849 0.20000 0.02050 0.00000 0.00000 I375
81.74184 43.64962 2.17270 6.15386 0.60000 0.23651 0.40248 0.30000 0.03150 0.00000 0.00000 I354
81.30324 40.49498 2.36250 14.74977 -1.31500 0.20058 0.39495 0.61500 0.05250 0.00000 0.00000 I391
80.06542 41.66351 2.08475 9.56523 1.50000 0.29260 0.36037 0.20000 0.02600 0.00000 0.00000 I385
79.91453 36.82523 -2.94512 16.65415 0.58500 0.45169 0.32752 0.48500 0.01250 0.00000 0.00000 I414
79.71525 41.66150 2.24609 11.08495 1.70000 0.17153 0.33574 0.20000 0.04450 0.00000 0.00000 I384
79.43470 40.03501 0.65419 15.96934 0.10000 0.16100 0.37203 0.10000 0.03700 0.00000 0.00000 I394
77.44418 39.63086 0.88400 16.69215 2.02000 0.29345 0.21694 0.96000 0.03550 0.00000 0.00000 I395
77.04131 37.13924 -2.26059 19.73904 1.51000 0.43807 0.35902 0.85000 -0.01300 0.00000 0.00000 I411
76.66065 38.38013 -1.16370 19.60103 -2.14500 0.10267 0.35268 1.84500 0.02450 0.00000 0.00000 I404
76.16153 38.66847 -0.61247 20.25306 -3.45000 0.43463 0.34429 4.15000 0.02350 0.00000 0.00000 J307
75.38271 37.35356 -3.19388 21.14422 0.10000 0.25967 0.34297 0.20000 0.01200 0.00000 0.00000 I410
80.74050 42.72828 2.04868 7.30251 -2.14500 0.22479 0.30336 2.74500 0.02150 0.00000 0.00000 I372
81.39100 43.92603 1.22160 6.14334 0.60000 0.25192 0.62627 0.20000 0.01750 0.00000 0.00000 I047
78.19568 41.86609 2.60468 9.28419 3.63523 0.83063 1.13200 0.21686 0.00000 0.00000 0.00000 KMTR
95.36678 36.95493 8.44399 8.07989 -3.93000 0.25178 0.29381 0.74000 -0.00150 0.00000 0.00000 G344
93.99967 43.41433 3.32341 3.20554 0.00000 0.19832 0.30770 0.20000 0.02100 0.00000 0.00000 I360
90.82498 46.17003 2.76160 4.09273 1.03000 0.17776 0.18090 0.49031 0.00500 0.00000 0.00000 I321
90.51121 44.48081 3.54664 5.13350 -0.74500 0.27426 0.35283 1.44500 0.01250 0.00000 0.00000 I329
90.43260 46.28960 2.64167 4.16288 1.00000 0.37970 0.32264 0.20000 0.00350 0.00000 0.00000 I319
90.21503 45.55927 1.93695 5.04994 0.79500 0.14758 0.31163 0.50500 0.01100 0.00000 0.00000 I327
90.14489 45.91949 1.95916 5.29900 0.12500 0.30145 0.51630 0.97500 0.01250 0.00000 0.00000 I324
89.98626 44.61695 2.24295 5.27869 1.24000 0.11470 0.23219 0.44635 0.01600 0.00000 0.00000 I336
89.43019 45.39342 2.11753 5.31032 1.60000 0.23255 0.31279 0.47424 0.02400 0.00000 0.00000 I328
88.65027 47.55266 1.35994 3.45883 -0.10000 0.13674 0.47853 0.30000 0.01850 0.00000 0.00000 I309
88.16560 47.77647 0.84293 4.07817 0.10000 0.14901 0.29417 0.40000 0.03650 0.00000 0.00000 I306
87.97244 43.51167 3.27182 5.49829 2.00000 0.12998 0.20517 0.20000 0.03200 0.00000 0.00000 I358
87.93408 46.50911 1.33701 4.64246 1.29000 0.13169 0.18578 0.50500 0.02600 0.00000 0.00000 I318
87.81908 45.67131 2.61962 4.38172 1.60000 0.12781 0.18871 0.30000 0.03300 0.00000 0.00000 I325
87.78704 47.74643 0.86006 3.70707 0.00000 0.16818 0.27225 0.30000 0.02750 0.00000 0.00000 I308
87.52089 47.74283 0.69856 3.89962 -0.60000 0.16426 0.24780 0.40000 0.02350 0.00000 0.00000 I307
87.27926 42.24790 3.34649 7.82849 -0.28500 0.12906 0.22777 0.38500 0.01800 0.00000 0.00000 I029
87.16492 48.11094 0.72371 3.28247 -0.70000 0.28181 0.32868 0.40000 0.02750 0.00000 0.00000 I305
86.97867 43.50733 3.13848 6.47120 1.80000 0.13705 0.28233 0.30000 0.01300 0.00000 0.00000 I355
86.60543 42.04934 3.90266 8.32870 -0.65000 0.09342 0.33184 0.80000 0.02950 0.00000 0.00000 I380
86.37297 46.27562 2.09642 4.28848 -0.50000 0.12500 0.38097 0.30000 0.02500 0.00000 0.00000 I320
86.30103 45.44530 2.22109 3.99734 0.60000 0.12054 0.31016 0.20000 0.01350 0.00000 0.00000 I323
86.26052 42.64100 3.83804 7.48415 2.35000 0.19939 0.34463 0.91000 -0.01050 0.00000 0.00000 I374
86.08091 46.48275 1.87985 3.92060 0.10000 0.16087 0.32614 0.30000 0.02250 0.00000 0.00000 I316
85.40163 44.24813 3.26004 5.66032 1.82500 0.24635 0.25932 1.07500 0.02600 0.00000 0.00000 I341
84.78804 44.16812 2.72311 5.31367 1.83000 0.22658 0.25995 0.48541 0.01400 0.00000 0.00000 I345
84.39388 44.21580 2.15857 5.20193 0.43500 0.19166 0.42698 0.50767 0.02400 0.00000 0.00000 I349
83.69315 44.34842 2.30402 4.66358 1.55500 0.13693 0.28857 0.45610 0.02400 0.00000 0.00000 I422
83.60979 39.01511 -0.31439 12.16204 0.03000 0.25844 0.14820 0.77000 0.00967 0.00000 0.00000 I064
82.78330 44.26043 1.47017 5.39176 2.00000 0.13120 0.25050 0.30000 0.02050 0.00000 0.00000 I346
82.61985 45.20109 1.27609 3.28326 0.00000 0.23021 0.28767 0.30000 0.01950 0.00000 0.00000 I331
81.64871 45.18101 0.83022 3.24685 0.10000 0.19892 0.28591 0.20000 0.04700 0.00000 0.00000 I330
81.32569 44.52297 0.99606 4.40613 1.00000 0.16158 0.35990 0.20000 0.03050 0.00000 0.00000 I340
81.11467 43.49333 1.60600 6.06537 1.00000 0.18689 0.35760 0.20000 0.02600 0.00000 0.00000 I356
80.43908 44.17030 0.85860 3.66107 1.50000 0.14804 0.50625 0.20000 0.03350 0.00000 0.00000 I343
80.30054 37.89088 -2.25933 15.70591 -1.11000 0.38549 0.29904 0.88000 0.02200 0.00000 0.00000 I406
78.54008 39.77649 -0.59756 16.88171 -1.11000 0.53727 0.20587 0.63000 0.01667 0.00000 0.00000 I076
75.57865 39.32092 1.85552 18.93393 -0.91000 0.28053 0.30118 0.97000 0.03200 0.00000 0.00000 I397
75.40136 38.96021 1.05576 21.00226 -4.29000 0.21397 0.40998 0.66000 0.00600 0.00000 0.00000 I401
74.91478 38.21611 -3.47774 19.91325 1.40000 0.20613 0.43040 0.20000 0.03500 0.00000 0.00000 I403
74.82100 38.87400 -3.91543 19.72680 2.40000 0.21360 0.37639 0.20000 0.03800 0.00000 0.00000 I402
83.47270 43.52085 1.08948 5.98876 -0.18000 0.14573 0.33089 1.28000 0.02550 0.00000 0.00000 I369
81.89139 43.15506 2.41583 6.71368 1.90000 0.22708 0.31222 0.30000 0.02650 0.00000 0.00000 I365
84.07651 43.31766 1.68681 7.46880 -1.73500 0.14740 0.39003 3.53500 0.02300 0.00000 0.00000 I362
89.86141 43.60304 4.04635 6.17139 1.89000 0.28461 0.21089 0.44635 0.01150 0.00000 0.00000 I357
93.85394 41.88747 3.07594 3.93126 0.71500 0.23897 0.25079 0.41231 0.00900 0.00000 0.00000 G304
74.75110 42.99850 -1.19252 0.90838 -0.06360 0.36866 0.13979 0.25500 0.00175 0.00000 0.00000 CHUM
92.21913 44.18787 3.65787 4.62710 -0.10000 0.13655 0.17827 0.30000 0.02400 0.00000 0.00000 I344
90.09850 45.08275 2.29447 4.78873 0.80000 0.10021 0.30263 0.20000 0.01400 0.00000 0.00000 I335
89.91987 46.98638 0.76634 3.56806 1.40000 0.22316 0.26280 0.30000 0.02400 0.00000 0.00000 I421
89.69301 46.43296 2.07894 4.78228 0.73000 0.20566 0.23720 0.90000 0.01700 0.00000 0.00000 I317
89.51741 46.08581 1.75978 5.13706 0.15000 0.17570 0.25205 0.90000 0.01000 0.00000 0.00000 I322
88.83012 47.09263 0.89336 4.37406 0.70000 0.13193 0.23591 0.20000 0.01700 0.00000 0.00000 I312
87.47387 48.58563 -0.00586 3.58011 0.70000 0.17775 0.21074 0.30000 0.03700 0.00000 0.00000 I302
86.80587 48.69537 -0.66055 2.35728 1.30000 0.25395 0.38849 0.30000 0.02400 0.00000 0.00000 I301
85.62687 48.20737 -0.03094 1.84357 0.50000 0.18664 0.46441 0.30000 0.02200 0.00000 0.00000 I303
84.31024 46.89954 1.07866 2.06079 0.90000 0.16128 0.27497 0.40000 0.02550 0.00000 0.00000 I313
83.83050 45.51138 1.98803 3.10922 0.20000 0.27500 0.42163 0.30000 0.00000 0.00000 0.00000 I326
83.61205 46.56013 0.80791 2.06943 0.69500 0.11431 0.38160 0.49336 0.02450 0.00000 0.00000 I314
82.34580 41.48505 1.51589 12.93002 -0.64000 0.55413 0.16431 0.72000 0.04000 0.00000 0.00000 I058
81.70700 44.67575 1.23920 4.28972 0.70000 0.32422 0.34713 0.20000 0.03900 0.00000 0.00000 I337
75.92177 39.51803 1.61043 17.09947 0.60000 0.24003 0.56991 0.20000 0.01000 0.00000 0.00000 JB48
77.83829 37.39437 -3.22958 18.50001 0.64500 0.22013 0.25643 0.54500 0.02250 0.00000 0.00000 I416
79.17143 36.00429 -3.06921 16.46179 -0.20000 0.51131 0.44729 0.20000 0.00000 0.00000 0.00000 J302
84.98200 46.52200 1.76973 3.38535 1.80000 0.35355 0.48873 0.30000 0.04600 0.00000 0.00000 I315
81.60610 42.05640 3.34909 7.05612 -5.43000 0.12144 0.47914 0.90000 -0.00100 0.00000 0.00000 I381
86.61567 48.28483 0.01337 2.70658 2.10000 0.60000 0.70000 0.50000 0.03700 0.00000 0.00000 I304
87.41550 44.60500 2.05652 4.55333 -1.70000 0.22919 0.43150 0.20000 -0.02700 0.00000 0.00000 I339
84.88138 44.58575 4.52619 4.61324 -44.24000 0.33794 0.47752 0.94000 0.01300 0.00000 0.00000 I338
85.23013 45.06397 3.34875 3.47740 -2.33000 0.27507 0.25337 0.96000 0.03300 0.00000 0.00000 I332
72.21045 42.44547 -1.03911 1.43118 1.16810 0.18196 0.10450 0.19180 -0.11025 0.00000 0.00000 TALA
68.12278 37.56210 -5.03307 2.69965 -1.84297 0.13354 0.32396 0.27476 -0.12450 0.00000 0.00000 SHTZ
79.48491 43.32751 1.17250 4.78278 0.69813 0.09614 0.10499 0.18839 0.00000 0.00000 0.00000 PODG
72.77175 40.52861 -1.15171 6.34517 -0.00035 0.30337 0.20040 0.30335 0.00325 0.00000 0.00000 OSHK
71.68043 37.54230 -9.48625 14.77979 1.54520 0.19263 0.27560 0.35558 -0.07300 0.00000 0.00000 MANM
73.94351 41.38494 -1.41708 6.07205 1.19797 0.17042 0.21956 0.23326 0.00000 0.00000 0.00000 KAZA
70.31668 39.00647 -1.54578 3.79041 -0.98310 0.19066 0.37739 0.42923 -0.14733 0.00000 0.00000 GARM
89.65000 47.34820 0.72625 4.39868 1.50000 0.22361 0.26926 0.20000 0.00500 0.00000 0.00000 I310
69.29565 41.32804 -2.36592 0.68265 0.04065 0.41837 0.22817 0.29609 -0.05250 0.00000 0.00000 TAS1
73.99711 44.20813 -1.38558 0.60063 0.32310 0.09387 0.15843 0.21156 0.00000 0.00000 0.00000 SUMK
78.35010 42.77767 0.16707 4.73128 -2.50850 0.19837 0.24592 0.95350 0.00233 0.00000 0.00000 KRB1
70.85101 39.22382 -2.57114 4.14792 6.54000 0.69443 1.52104 0.21000 -0.14100 0.00000 0.00000 USTA
77.80363 41.72182 0.50921 9.51789 0.12833 0.31797 0.34212 0.40801 0.00000 0.00000 0.00000 TAR7
78.58039 42.49944 -0.30042 9.54437 -3.67845 0.30900 0.40000 2.59545 0.00000 0.00000 0.00000 KRGT
76.94264 43.28758 0.14997 2.21041 -1.93600 0.47254 0.32312 0.44100 0.00000 0.00000 0.00000 ALA2
78.61907 50.71395 -0.89854 0.21755 0.02300 0.22125 0.13629 0.52500 0.00000 0.00000 0.00000 KRTV
69.23037 38.37735 -11.40081 3.35218 17.38000 0.05000 0.21000 0.76000 0.00000 0.00000 0.00000 GF20
74.53312 42.85413 -0.84739 1.90038 0.87105 0.17500 0.22100 0.43400 0.00000 0.00000 0.00000 BIK0
68.53007 38.33047 -7.64980 3.43684 -1.02000 0.59975 0.78745 0.52000 0.01200 0.00000 0.00000 LNSB
70.41011 40.76983 -1.56502 2.18049 4.98000 0.26498 0.73952 0.91000 0.00800 0.00000 0.00000 SH01
63.00000 51.75973 -2.09756 2.17353 0.55900 0.21300 0.21400 0.79800 0.00000 0.00000 0.00000 OREN
94.45472 51.71964 -0.70000 0.58678 0.00500 0.27700 0.40300 1.00000 0.00000 0.00000 0.00000 KIZ1
72.48320 38.31140 -8.73000 16.82000 -34.37000 0.12000 0.40000 0.37000 0.00000 0.00000 0.00000 BRCB
