29.02132 41.10371 -0.87641 -1.30527 -0.00734 0.22434 0.24460 0.45573 -0.00300 0.00000 0.00000 ista
26.69527 39.31412 -20.39598 -11.89950 -0.48636 0.26381 0.27843 0.57199 -0.00081 0.00000 0.00000 ayvl
32.75851 39.88732 -22.84166 -1.17779 -1.34652 0.31572 0.18190 0.60812 0.00143 0.00000 0.00000 ankr
29.61235 41.17549 0.20425 -1.03266 -0.60291 0.29934 0.62353 0.74519 -0.01179 0.00000 0.00000 slee
39.75348 40.99860 -0.46655 2.30172 -0.27778 0.12158 0.17716 0.74655 0.00569 0.00000 0.00000 trbz
41.56507 43.78839 -0.54742 0.73055 0.96077 0.15493 0.17636 0.88055 0.00436 0.00000 0.00000 zeck
33.39645 35.14099 -6.47040 3.26474 0.12958 0.11190 0.08964 0.24545 0.00719 0.00000 0.00000 nico
29.45068 40.78673 -5.02498 -1.22341 -1.15100 0.36496 0.19154 0.35129 -0.00273 0.00000 0.00000 tubi
43.76092 38.99358 -0.20108 9.24419 0.72600 1.08863 0.66280 1.41100 -0.01244 0.00000 0.00000 mrad
27.96080 40.96894 0.11125 0.79100 -1.08000 0.53778 0.43221 1.04000 -0.01045 0.00000 0.00000 mer1
31.72171 38.81832 -21.38946 -2.87375 -1.33100 0.19048 0.44307 0.66500 0.00245 0.00000 0.00000 yunk
26.37835 38.30701 -19.54205 -22.05040 -1.22116 0.24793 0.27267 0.39584 -0.00400 0.00000 0.00000 cesm
27.98682 40.33915 -19.49928 -5.22276 1.54301 0.17382 0.22755 1.03980 -0.00145 0.00000 0.00000 band
25.42525 36.43419 -18.64297 -29.93625 1.05856 0.37221 0.38684 0.57723 0.00000 0.00000 0.00000 san6
26.12557 44.46070 -0.46094 -1.43359 1.75141 0.23850 0.26503 0.64606 -0.00060 0.00000 0.00000 bucu
43.07756 40.58486 1.34311 4.45867 0.93500 0.20120 0.30001 0.59200 0.00150 0.00000 0.00000 kars
27.81452 40.39571 -18.48927 -5.20224 -0.25000 0.65956 0.48121 0.61000 0.00150 0.00000 0.00000 erdt
34.82340 39.81696 -20.22211 4.30805 0.26680 0.27703 0.17320 0.68335 -0.01050 0.00000 0.00000 yozt
28.65674 39.03972 -23.10975 -7.49347 -0.66039 0.33382 0.37615 0.95661 0.00020 0.00000 0.00000 deir
29.68936 37.15781 -17.17978 -10.10645 1.06483 0.17699 0.40555 0.96025 -0.00350 0.00000 0.00000 cavd
25.40994 36.41137 -17.64233 -28.82199 -0.41141 0.51701 1.83580 1.53665 0.00000 0.00000 0.00000 mkmn
29.14313 40.63947 -16.23095 0.11641 -2.07000 0.41670 0.61014 1.79000 -0.03056 0.00000 0.00000 cina
37.10809 36.69294 -7.04832 12.81409 -0.83500 0.64390 0.40380 0.78300 -0.01376 0.00000 0.00000 kili
43.02897 39.71826 0.22043 7.47068 0.62600 0.22629 0.63444 0.83500 -0.01044 0.00000 0.00000 argi
26.38169 40.91884 -1.31837 -1.43518 -0.13645 0.29620 0.25207 0.63916 -0.00456 0.00000 0.00000 ipsa
27.25490 39.93499 -19.08557 -9.19269 -0.68243 0.35125 0.35179 0.64293 -0.00675 0.00000 0.00000 yen1
28.88166 40.48057 -19.51165 -1.28287 -3.80000 0.44932 1.97125 1.67000 -0.01567 0.00000 0.00000 fstk
44.50293 40.22646 1.98539 7.24788 0.09960 0.11721 0.12449 0.63223 0.00425 0.00000 0.00000 nssp
34.25585 36.56639 -11.83219 4.21232 0.15600 0.49427 0.18140 0.60500 0.00325 0.00000 0.00000 mers
39.25498 38.64255 -15.47949 10.45807 -1.32400 0.44312 0.40180 1.62900 -0.01850 0.00000 0.00000 gmkv
27.49206 40.95811 -1.20840 -2.89748 -0.53574 0.30144 0.35331 0.54409 -0.00250 0.00000 0.00000 tekr
34.37248 40.15531 -20.51010 2.76206 -0.57025 0.37289 0.29846 1.34530 -0.00143 0.00000 0.00000 sunl
31.53589 39.44606 -22.48244 -2.83357 0.54981 0.16785 0.12165 0.58010 0.00143 0.00000 0.00000 sihi
29.12377 36.62621 -14.48365 -16.00774 -2.34090 0.41055 0.17235 0.57379 -0.00325 0.00000 0.00000 feth
33.61408 40.61057 -19.49081 1.06401 0.38500 0.39352 0.31278 0.57100 -0.01000 0.00000 0.00000 cank
26.21032 35.12356 -16.26509 -28.24328 -0.84737 0.24832 0.20723 0.91778 -0.06612 0.00000 0.00000 zkro
25.18057 39.89722 -15.74672 -13.37297 -0.17234 0.26232 0.30505 0.43664 -0.00338 0.00000 0.00000 lemn
27.78079 35.95149 -9.07396 -28.76779 -0.71959 0.23745 0.22149 0.48130 -0.00050 0.00000 0.00000 katc
26.87974 40.39579 -17.06467 -8.21226 0.91000 0.69144 0.54551 1.35000 -0.01000 0.00000 0.00000 sevk
27.76346 40.05858 -21.66344 -5.28620 -0.94000 0.55310 0.62778 1.70000 -0.00525 0.00000 0.00000 kocb
28.29294 41.47416 -0.13062 -0.23974 0.18000 0.34294 0.51213 1.26000 -0.00413 0.00000 0.00000 yali
29.28820 40.48414 -19.56690 -1.28182 -0.93000 1.01253 0.75307 1.80000 -0.02588 0.00000 0.00000 kute
30.13026 40.74533 -7.50379 -1.36575 -1.02000 0.46164 0.52274 1.19000 -0.00829 0.00000 0.00000 sisl
27.22256 35.49501 -13.24781 -30.26632 0.50684 0.32124 0.21812 0.70148 -0.07625 0.00000 0.00000 krpt
36.33476 41.30437 -1.49330 1.98697 0.27400 0.35306 0.23992 0.81300 -0.00157 0.00000 0.00000 sams
38.23020 37.74634 -8.25434 13.04195 -2.12500 0.27467 0.22130 0.90400 0.00343 0.00000 0.00000 adyi
29.37189 40.56553 -19.76429 -1.77447 -1.02000 0.28524 0.48345 0.53000 -0.00314 0.00000 0.00000 dum2
28.78204 40.53439 -17.55430 -3.28592 -1.08489 0.23104 0.60951 0.53172 -0.00500 0.00000 0.00000 bozt
29.40430 38.67919 -22.67798 -7.41093 -1.72942 0.55832 1.06687 3.97729 -0.00486 0.00000 0.00000 usak
36.21555 38.26058 -14.64497 6.82738 -0.08969 0.28279 0.24015 1.04811 0.00000 0.00000 0.00000 tufa
36.55726 40.33102 -18.30606 7.07249 -1.27218 0.17012 0.13860 1.33140 0.00000 0.00000 0.00000 toka
27.91644 41.44297 0.03393 -1.21148 -0.27944 0.19986 0.44978 0.39194 -0.00414 0.00000 0.00000 sary
28.36319 37.21606 -19.13486 -18.52661 0.00419 0.20386 0.23136 0.60743 -0.00014 0.00000 0.00000 mugl
27.21795 41.73812 0.10621 -0.72935 -0.16653 0.19732 0.38539 0.39527 -0.00529 0.00000 0.00000 kirl
28.68277 41.34712 -0.06584 -1.06364 -0.05210 0.21718 0.46010 0.53534 -0.00286 0.00000 0.00000 karb
27.08182 38.39481 -22.20008 -16.80648 -0.22587 0.15717 0.14039 0.33768 -0.00071 0.00000 0.00000 izmi
28.83164 40.99096 -0.97373 -0.83225 -0.85055 0.28999 0.57707 0.36823 -0.00357 0.00000 0.00000 istn
30.14641 36.30222 -9.96527 -5.54005 -0.93681 0.19111 0.82961 0.59091 -0.00343 0.00000 0.00000 fini
29.09213 37.76210 -21.37545 -12.07026 4.22578 0.50786 0.76886 0.72127 -0.00714 0.00000 0.00000 deni
27.69184 36.70857 -14.26684 -27.44072 -1.85020 0.27928 0.27058 1.69619 -0.00471 0.00000 0.00000 datc
29.01523 40.21425 -21.42126 -3.29919 -1.72418 0.26592 0.26367 0.54506 -0.00314 0.00000 0.00000 burs
31.60324 40.73716 -12.71523 0.27254 2.23614 0.41151 0.15071 1.35853 -0.00200 0.00000 0.00000 bolu
27.89349 39.63796 -21.00678 -6.25241 -0.20500 0.21182 0.15524 0.57772 -0.00257 0.00000 0.00000 balk
27.83965 37.84274 -20.98608 -16.58701 -0.99722 0.15017 0.10788 0.60043 0.00100 0.00000 0.00000 ayd1
30.66643 36.88845 -13.32638 -5.70707 -0.96588 0.15772 0.32172 0.54592 -0.00214 0.00000 0.00000 antl
30.56100 38.73836 -21.30211 -3.93973 -0.69512 0.25876 0.20035 0.50277 -0.00729 0.00000 0.00000 afyn
28.98591 40.86833 -3.58924 0.23164 1.21773 0.23540 0.43660 0.97838 -0.00067 0.00000 0.00000 ysst
27.39365 36.38043 -12.43995 -29.81998 -0.89908 0.18623 0.22300 0.59064 -0.00014 0.00000 0.00000 tilo
26.70531 37.79280 -19.75054 -23.40732 0.01563 0.36445 0.28683 0.89890 -0.02657 0.00000 0.00000 sam3
26.26557 39.24574 -19.37369 -13.50164 -0.01243 0.14956 0.20495 0.52586 -0.00214 0.00000 0.00000 prkv
25.61037 35.26135 -17.32452 -28.21062 -0.49510 0.21323 0.31849 0.47642 0.00086 0.00000 0.00000 nea1
26.55380 39.10010 -18.99687 -12.11444 0.42945 0.68768 0.79777 0.68111 -0.01743 0.00000 0.00000 les4
29.28424 40.82986 -3.38807 -0.21888 -1.04000 0.37697 0.64919 1.21000 -0.02543 0.00000 0.00000 tuzl
26.70645 40.73927 -3.93789 -2.74507 -2.41000 0.47633 0.41034 1.15000 -0.00914 0.00000 0.00000 dode
27.30124 40.38099 -18.11594 -7.41049 -1.00000 0.38248 0.60720 1.35000 0.00086 0.00000 0.00000 kabi
27.42021 37.03030 -17.06821 -26.34942 1.83000 0.28250 0.23705 1.40000 -0.02886 0.00000 0.00000 bdrm
27.90643 39.72167 -21.73918 -5.60490 -1.92000 0.35019 0.36038 1.52000 -0.01214 0.00000 0.00000 bali
27.96276 36.77181 -15.11951 -27.12739 0.48000 0.25096 0.41168 1.25000 -0.01657 0.00000 0.00000 marm
29.04772 37.56590 -21.70289 -14.50251 -0.03000 0.32908 0.39877 1.95000 -0.00829 0.00000 0.00000 tava
30.76109 40.58886 -16.41704 -1.88515 -0.87000 0.99501 0.29004 1.51000 -0.00629 0.00000 0.00000 agok
35.67437 34.11499 -5.13171 9.38318 0.12200 0.43402 0.27965 1.02900 0.01312 0.00000 0.00000 laug
38.81802 37.19190 -8.30023 13.82082 -0.50800 0.36242 0.34231 0.79300 0.01177 0.00000 0.00000 hrr0
38.10388 39.39432 -16.07765 9.56563 -0.74800 0.36979 1.08414 1.22100 -0.00660 0.00000 0.00000 divr
28.33257 40.26526 -20.37111 -3.92245 -0.57000 0.16764 0.42059 0.45000 -0.00550 0.00000 0.00000 kart
41.54507 40.53087 0.39966 2.92965 1.22249 0.25454 0.22285 1.62709 0.00167 0.00000 0.00000 uder
42.28835 38.52709 -4.61442 15.05359 -0.00622 0.57121 0.34496 1.12182 0.00000 0.00000 0.00000 tvan
38.07855 40.16349 -12.82762 6.57117 0.94355 0.32182 0.24517 1.05580 -0.01533 0.00000 0.00000 sseh
35.15321 42.02905 -0.66238 1.39959 -1.92700 0.15164 0.12318 0.68000 0.00200 0.00000 0.00000 sinp
33.93883 36.37786 -10.98210 2.96767 -1.48700 0.22139 0.27164 0.63100 -0.00467 0.00000 0.00000 silf
38.77183 39.90865 -13.58803 6.46876 0.08200 0.20114 0.21447 0.92200 -0.01850 0.00000 0.00000 rhiy
42.53732 39.14499 -2.13451 9.24968 -1.82080 1.67477 0.65698 3.29683 0.00167 0.00000 0.00000 mlz1
27.67221 39.10599 -22.24467 -10.60705 0.29282 0.16809 0.11774 0.53556 -0.00300 0.00000 0.00000 kika
29.95094 40.80198 -5.06333 -1.42309 -0.08598 0.25885 0.37156 0.47104 -0.00383 0.00000 0.00000 izmt
32.49941 39.43411 -22.10015 -1.16662 -1.94600 0.76845 0.54940 0.76600 0.00000 0.00000 0.00000 hymn
30.74075 40.79499 -6.11048 -1.27517 -0.72167 0.17124 0.14964 0.45892 -0.00360 0.00000 0.00000 hend
29.15276 39.67774 -22.39999 -4.17057 -0.67246 0.17612 0.13019 0.34003 -0.00267 0.00000 0.00000 harc
30.46361 39.74569 -22.95425 -3.52504 -0.08280 0.15653 0.12327 0.40846 -0.00100 0.00000 0.00000 esks
30.16634 38.06946 -20.46588 -6.09261 -1.30608 0.15960 0.22742 0.45075 -0.00367 0.00000 0.00000 dina
27.26866 37.37213 -19.26041 -24.67344 -2.02043 0.18898 0.14595 0.34316 0.00133 0.00000 0.00000 didi
26.41434 40.11121 -17.67087 -8.98171 0.47806 0.20172 0.20146 0.62794 -0.00250 0.00000 0.00000 cana
34.79630 41.46026 -2.38449 0.56762 0.29500 0.16241 0.33391 0.58600 0.00200 0.00000 0.00000 boyt
29.97739 40.14146 -22.61290 -3.58000 -0.22126 0.17361 0.45989 0.55855 0.00017 0.00000 0.00000 bile
42.69906 41.11126 0.33408 2.72217 1.50400 0.28373 0.47977 0.59900 0.00133 0.00000 0.00000 ardh
35.84273 40.67095 -14.48205 6.91234 -0.44100 0.32345 0.30764 0.86300 -0.00667 0.00000 0.00000 amas
31.78750 37.04772 -13.07651 -3.31553 -0.75700 0.41432 0.36665 1.03100 -0.00767 0.00000 0.00000 aksi
25.35708 36.35765 -16.76414 -27.45562 1.23641 0.29466 0.28840 0.78197 -0.00867 0.00000 0.00000 sntr
26.92942 43.27789 -0.66799 -1.15883 1.23200 0.41742 0.38971 1.17400 -0.00017 0.00000 0.00000 shum
26.03928 44.34898 -0.86300 -1.55518 -0.30100 0.41934 0.44650 1.06200 -0.00217 0.00000 0.00000 magu
48.53431 34.86909 -2.30542 13.14337 0.87000 0.37934 0.38202 0.89600 -0.00300 0.00000 0.00000 hamd
28.65749 44.16139 -0.68213 -0.52710 0.00900 0.26182 0.29300 0.52500 0.00000 0.00000 0.00000 cost
27.47872 42.49067 -0.47536 -0.94403 0.11000 0.50693 0.35305 1.57700 -0.00383 0.00000 0.00000 bur3
27.88020 39.00295 -23.35771 -11.08206 -0.75000 0.53112 0.28973 0.72000 0.00500 0.00000 0.00000 akga
30.32434 40.61137 -20.23510 -1.49473 0.31000 0.58469 0.41037 1.35000 -0.04917 0.00000 0.00000 sefi
30.63704 39.65758 -24.25884 -2.74356 -0.78000 0.77774 0.38339 1.80000 -0.00983 0.00000 0.00000 eski
46.59930 38.16485 2.60687 10.57366 -0.80000 0.33382 0.40870 0.70000 -0.00080 0.00000 0.00000 varz
43.67304 34.60079 -3.17229 18.24751 -3.10245 0.60435 0.77138 1.88981 0.00938 0.00000 0.00000 issd
44.01094 36.15985 -4.16272 17.65717 -7.51600 0.25386 0.63082 0.68700 0.00882 0.00000 0.00000 iser
43.13482 42.46840 0.50114 2.66342 3.46000 0.37407 0.49459 1.44000 -0.01860 0.00000 0.00000 gr06
33.99098 44.41326 -0.51666 -0.02944 -0.46900 0.20530 0.28996 0.60500 0.00000 0.00000 0.00000 crao
29.11790 40.85212 -2.37737 -0.22748 -0.83000 0.30177 0.50401 1.41000 -0.00120 0.00000 0.00000 bad1
28.72456 40.98830 -4.62503 0.32364 -9.04000 1.18758 0.71841 1.31000 -0.01660 0.00000 0.00000 avct
31.77817 41.44953 -0.26501 0.31445 -5.61000 0.16112 0.17052 0.75000 -0.00250 0.00000 0.00000 zong
39.75067 37.23204 -6.89655 14.66141 2.57425 0.30087 0.16951 1.72823 0.00400 0.00000 0.00000 vira
35.46666 41.13800 -5.20997 2.49149 0.49000 0.16128 0.09067 0.75100 0.00250 0.00000 0.00000 vezi
32.61726 36.69665 -13.24999 1.30187 -1.41600 0.40666 1.57765 0.76100 -0.00700 0.00000 0.00000 sarv
28.12355 38.48309 -24.13645 -11.27047 -6.56124 0.25445 0.15177 0.54334 -0.00060 0.00000 0.00000 salh
34.70451 38.61955 -17.71955 4.87941 0.58388 0.16932 0.20105 1.50260 0.00400 0.00000 0.00000 nevs
31.33209 40.17330 -22.83067 -2.55781 1.27100 0.17553 0.09721 0.58100 0.00000 0.00000 0.00000 naha
29.89886 39.48087 -22.66642 -3.98451 -0.66696 0.15069 0.14713 0.59622 -0.00100 0.00000 0.00000 kuta
32.71774 41.84613 -0.74872 1.09436 -0.46600 0.16459 0.08123 0.56800 0.00000 0.00000 0.00000 kuru
33.77551 41.37123 -2.04913 1.46677 -0.63500 0.18265 0.16455 0.58100 0.00000 0.00000 0.00000 kstm
32.67593 41.23162 -2.25122 0.86293 0.52600 0.17605 0.10606 0.61700 0.00000 0.00000 0.00000 krbk
33.51788 39.84327 -19.72052 2.27939 0.03200 0.31537 0.21749 0.55500 0.00000 0.00000 0.00000 kkal
33.22027 37.19323 -13.61817 2.74211 -11.32000 0.26056 0.30891 0.79300 -0.00320 0.00000 0.00000 kamn
30.56698 37.78509 -19.37528 -6.33227 -1.79200 0.73291 0.56404 0.83900 -0.00700 0.00000 0.00000 ispt
33.76452 41.97820 -1.04360 1.56262 -1.82700 0.29089 0.82554 1.74200 -0.00250 0.00000 0.00000 ine1
36.15340 36.20662 -7.24131 10.45380 0.01600 0.26645 0.19740 0.96900 0.00200 0.00000 0.00000 hata
36.07568 39.18471 -19.77830 6.23755 -0.72500 0.47225 0.60905 0.72300 -0.01200 0.00000 0.00000 geme
37.18781 38.05870 -14.03902 8.89359 -0.41095 0.26911 0.20020 1.51755 0.00400 0.00000 0.00000 ekiz
26.55101 41.67671 -0.45949 0.50896 -1.96892 0.44596 0.45464 0.62163 -0.00360 0.00000 0.00000 edir
34.98220 40.57041 -16.94022 3.60625 -0.20500 0.17946 0.12186 0.76100 0.00000 0.00000 0.00000 coru
32.47452 40.49097 -20.93122 -2.30630 0.29400 0.17318 0.08058 0.62000 0.00250 0.00000 0.00000 cmld
32.92241 38.65039 -19.11769 0.50287 -2.66300 0.30590 1.08027 0.46800 -0.00700 0.00000 0.00000 ciha
35.25350 39.19356 -18.23635 6.02834 -2.14800 0.43882 0.36306 1.21500 0.00000 0.00000 0.00000 bogz
40.50117 38.88781 -10.78163 11.60669 2.87393 0.22673 0.20664 2.25369 0.00400 0.00000 0.00000 bing
31.74655 37.67730 -16.67711 -3.19673 -0.32400 0.20277 0.19205 0.56000 -0.00340 0.00000 0.00000 beys
40.19144 40.25015 -0.50149 2.48150 0.23100 0.13766 0.11899 0.99800 0.00600 0.00000 0.00000 bayb
32.86511 36.06902 -10.02391 1.17178 -0.43000 0.37686 1.28258 0.60200 -0.00100 0.00000 0.00000 anmu
31.42974 38.36927 -22.05875 -5.31135 -5.04200 0.78186 0.17612 0.65100 -0.00700 0.00000 0.00000 akhr
35.87153 39.66022 -19.45400 6.35165 -0.33616 0.17490 0.14473 0.70347 0.00400 0.00000 0.00000 akdg
26.12895 38.36773 -19.33241 -22.99726 -1.18824 0.36516 0.24644 0.66029 -0.04400 0.00000 0.00000 xios
27.92512 43.20401 0.08078 -1.22418 -1.89600 0.42915 0.45139 0.86000 0.00000 0.00000 0.00000 varn
25.38034 37.09895 -17.47062 -26.02542 -0.82463 0.47315 0.42506 0.93107 0.00000 0.00000 0.00000 naxo
28.57604 43.80957 -0.25106 0.09204 -1.96919 0.42080 0.51413 0.74459 0.00000 0.00000 0.00000 mngm
32.50539 38.02212 -17.94736 1.15432 0.39400 0.35893 0.55190 0.77900 0.00080 0.00000 0.00000 kony
26.97332 36.95704 -16.70951 -25.76657 -0.26000 0.54141 0.50542 0.76771 0.00000 0.00000 0.00000 kaly
25.79723 35.05307 -16.12767 -27.40620 -0.50000 0.63210 0.28855 1.10000 0.04000 0.00000 0.00000 iera
44.39216 39.37922 4.84412 7.84762 -0.59968 0.41717 0.90912 1.07667 -0.00020 0.00000 0.00000 bzgn
30.60930 36.82860 -12.88933 -6.81463 -3.16800 0.25479 0.66482 1.59400 -0.01620 0.00000 0.00000 anta
29.68138 40.36165 -22.56636 -2.40159 -1.57000 0.55309 0.89344 1.46000 -0.00320 0.00000 0.00000 derb
29.97311 41.03354 0.65090 -0.84547 0.86000 0.39562 0.58438 1.67000 -0.03260 0.00000 0.00000 akco
46.34330 38.05570 0.68906 11.61150 3.80000 0.48553 0.50154 0.70000 -0.00020 0.00000 0.00000 tabz
46.00920 36.93000 -2.14037 13.92798 -7.20000 1.17600 0.38715 0.80000 -0.08540 0.00000 0.00000 mndb
47.09420 37.57620 -1.17916 13.91008 0.90000 0.31931 0.43305 0.70000 0.01000 0.00000 0.00000 hstd
47.17515 41.22018 -0.09327 5.28610 -2.54800 0.16350 0.22838 0.73400 0.00450 0.00000 0.00000 sekc
49.24319 39.40434 2.53793 7.28003 -6.05100 0.56082 1.41777 0.64800 0.01000 0.00000 0.00000 neft
49.81442 40.37217 3.28248 1.13519 2.17100 0.23020 0.23850 0.57200 0.00450 0.00000 0.00000 baku
29.96240 40.84552 -0.15817 0.47899 -0.90000 0.91833 0.77812 0.73000 -0.00125 0.00000 0.00000 ucg2
39.54563 39.10967 -15.03853 9.82621 0.64600 0.16256 0.14906 1.38500 0.00750 0.00000 0.00000 tnce
37.00250 39.74370 -18.78439 7.52877 -0.32100 0.16470 0.09218 0.78800 0.00500 0.00000 0.00000 sivs
39.32927 37.75240 -7.29609 13.51880 1.26300 0.17571 0.27648 1.01800 0.00500 0.00000 0.00000 sive
41.93557 37.93191 -6.24891 13.99880 -0.34200 0.13442 0.30577 1.68300 0.00500 0.00000 0.00000 sirt
40.49732 41.03461 -1.78764 2.47527 -2.95000 0.68207 0.40879 1.33000 0.00250 0.00000 0.00000 rze1
37.33567 40.38524 -11.27383 5.56577 -0.69900 0.19110 0.21434 1.00000 0.00250 0.00000 0.00000 rdiy
34.87166 37.42211 -13.93831 5.04390 0.78700 0.19725 0.13200 0.79900 0.00500 0.00000 0.00000 poza
43.98868 38.65731 -2.54708 15.56068 0.31200 0.17748 0.48127 0.87700 0.00500 0.00000 0.00000 ozal
36.25386 37.10219 -12.20607 7.78696 -0.89400 0.21436 0.25999 0.66100 0.00250 0.00000 0.00000 oniy
34.67944 37.95877 -15.50154 4.81582 0.11200 0.15266 0.08132 0.51900 0.00500 0.00000 0.00000 nigd
41.50711 38.79365 -4.91926 13.67714 0.41700 1.65377 0.84198 1.55200 0.00000 0.00000 0.00000 muus
34.60259 36.78100 -12.54212 4.20780 -0.55200 0.23407 0.13955 0.58500 0.00500 0.00000 0.00000 mrsi
41.35740 37.41740 -6.37613 15.09541 2.33400 0.19723 0.11310 0.76300 0.01000 0.00000 0.00000 midy
40.72829 37.31050 -6.34582 14.57361 2.36700 0.18767 0.12096 0.67900 0.01000 0.00000 0.00000 mard
38.21689 38.33770 -14.43310 10.58866 0.22000 0.23612 0.14268 1.14100 0.00500 0.00000 0.00000 maly
33.06536 39.07910 -19.59960 0.80159 0.23700 0.19202 0.19010 0.48000 0.00000 0.00000 0.00000 kluu
34.15549 39.16463 -19.75062 2.25688 -1.43300 0.18169 0.12458 0.74400 0.00250 0.00000 0.00000 kirs
35.52446 38.70837 -16.53080 6.11415 -2.04600 0.19060 0.11114 0.80900 0.00500 0.00000 0.00000 kays
42.16733 40.04165 0.12201 6.82656 0.25100 0.42891 0.34313 0.86100 0.00750 0.00000 0.00000 hors
41.69579 39.36879 -0.09502 7.49775 0.00300 0.41388 0.47285 0.99000 0.00250 0.00000 0.00000 hini
34.18338 37.44508 -14.20639 4.36509 -0.09100 0.16132 0.14919 0.62800 0.00500 0.00000 0.00000 halp
37.30787 38.71735 -16.22395 8.68244 -1.01400 0.27436 0.14565 0.86700 0.00500 0.00000 0.00000 guru
39.51617 40.43707 -1.15623 2.19779 1.40900 0.20628 0.13271 0.99900 0.00500 0.00000 0.00000 gumu
38.38816 40.92263 -1.05365 2.58766 -1.97800 0.19625 0.13042 1.07800 0.00250 0.00000 0.00000 girs
35.91233 37.81512 -14.05432 7.01519 -1.53100 0.19715 0.14545 0.84500 0.00500 0.00000 0.00000 feek
37.48475 41.04553 -2.02018 2.28846 -0.32200 0.47427 0.14463 1.34300 0.00000 0.00000 0.00000 fasa
41.25547 39.90561 -0.67874 4.00385 1.80500 0.23419 0.13060 0.84600 0.00500 0.00000 0.00000 erzr
39.75819 38.26961 -8.18716 14.45449 -0.06100 0.23255 0.20578 1.02600 0.00500 0.00000 0.00000 ergn
31.14403 39.02219 -21.96774 -3.14054 -0.80500 0.17181 0.10131 0.83700 0.00250 0.00000 0.00000 emir
40.18749 37.95442 -7.62899 14.36195 -0.25600 0.20138 0.17594 1.17000 0.00500 0.00000 0.00000 diyb
43.06069 38.00735 -3.69344 14.64003 -0.13500 0.23072 1.62967 1.17900 0.00250 0.00000 0.00000 catk
41.15449 37.86360 -6.90529 14.93467 1.79000 0.21675 0.13236 0.99100 0.00750 0.00000 0.00000 btmn
38.48732 39.04059 -15.78581 10.30242 -0.02800 0.26051 0.16588 1.34000 0.00250 0.00000 0.00000 arpk
37.37361 37.06496 -7.64234 12.65822 -1.38000 0.25197 0.13029 0.76200 0.00500 0.00000 0.00000 ante
32.84620 39.85597 -21.95709 -0.05485 -0.20200 0.19289 0.10069 0.82500 0.00000 0.00000 0.00000 anrk
33.99815 38.37039 -18.80860 3.69199 -4.73900 0.17714 0.14539 0.50600 0.00500 0.00000 0.00000 aksr
25.44458 36.38616 -17.39133 -31.41862 4.06087 1.29467 0.88371 0.83220 0.00000 0.00000 0.00000 wnry
28.16166 36.29260 -10.38428 -25.09596 0.66031 0.49283 0.60000 0.67581 0.00000 0.00000 0.00000 rodo
27.16105 35.54707 -13.51399 -30.67105 0.80000 0.40351 0.33369 1.40000 0.00000 0.00000 0.00000 krps
26.35224 36.54610 -14.80661 -28.61827 0.05789 0.49673 0.44906 0.82163 0.00000 0.00000 0.00000 asty
28.67358 41.30307 -0.30775 0.02253 -0.49000 0.21086 0.69524 1.09000 -0.00450 0.00000 0.00000 terk
26.16846 40.69141 -1.00152 -2.66259 -2.05000 0.37564 0.92678 1.60000 -0.01525 0.00000 0.00000 cvus
26.31950 40.25967 -19.14518 -8.35037 -2.99000 0.93766 0.77644 1.52000 -0.00050 0.00000 0.00000 kcmn
30.45336 40.35061 -23.79695 -1.72125 -1.33000 0.53433 0.67840 1.40000 -0.02350 0.00000 0.00000 seyh
30.57041 40.02786 -24.68723 -2.86321 -0.87000 0.66715 0.40838 1.48000 -0.04175 0.00000 0.00000 mhgz
30.91635 40.11795 -25.32450 -2.44839 1.93000 1.31044 0.46852 1.27000 -0.05375 0.00000 0.00000 cmln
30.40452 40.88001 -1.39322 -0.30127 -0.19000 3.07155 1.76985 1.74000 -0.01975 0.00000 0.00000 cltk
25.10975 39.85700 -15.66975 -12.13981 -2.40000 0.29733 0.49163 0.80000 -0.00225 0.00000 0.00000 limn
45.06150 39.35140 4.49568 9.75073 1.20000 0.24610 0.25408 0.60000 -0.00125 0.00000 0.00000 pold
45.11440 38.99880 4.28297 9.59003 0.20000 0.30685 0.50968 0.50000 0.00025 0.00000 0.00000 nzsf
44.15990 39.33230 4.17684 8.08022 1.60000 0.40543 0.50165 1.30000 0.00100 0.00000 0.00000 kkdy
45.19330 38.49150 2.64423 13.66591 1.00000 0.26794 0.20349 0.50000 0.00075 0.00000 0.00000 vldn
28.96321 41.08633 -1.07401 -0.23264 -0.55000 0.18944 0.69061 1.09000 -0.00800 0.00000 0.00000 iski
44.48767 42.44600 -0.30242 3.08770 0.79000 0.28782 0.34799 0.28000 0.01167 0.00000 0.00000 guda
39.52763 39.07245 -16.30651 10.00879 3.12500 1.34433 0.99726 1.75400 -0.00100 0.00000 0.00000 tunc
43.28292 38.56535 -4.51795 12.79683 -0.45100 0.35073 0.19419 1.65300 0.00000 0.00000 0.00000 vaan
44.57389 37.30515 -5.33431 15.59580 1.10600 0.44673 0.56228 1.30300 0.00000 0.00000 0.00000 semd
36.25564 41.34400 -0.19040 -0.35170 -0.37600 0.40494 0.56951 1.24500 0.00000 0.00000 0.00000 samn
33.90739 35.14582 -6.36726 4.83542 -0.09500 0.29376 0.16060 0.59800 0.00667 0.00000 0.00000 mgos
33.35290 35.19505 -6.40398 3.45624 -0.44300 0.21938 0.12335 0.56500 0.01000 0.00000 0.00000 lefk
33.52693 37.71467 -16.76786 5.13467 -7.69000 1.44409 0.63795 1.17400 0.00000 0.00000 0.00000 kapn
44.01825 39.92920 2.71005 5.95002 -0.23600 0.21357 0.35857 0.90800 0.00000 0.00000 0.00000 igir
32.98947 35.20125 -5.56447 1.58915 -2.40000 0.39412 0.19647 0.93300 0.00333 0.00000 0.00000 gyur
34.19467 35.53690 -7.96959 4.32502 -4.49000 0.27550 0.20238 1.17100 0.00333 0.00000 0.00000 dipk
44.01731 38.04345 -4.58797 15.93234 0.63800 0.17399 1.05662 1.13900 0.00000 0.00000 0.00000 bask
41.81832 41.17510 4.83606 5.45165 -2.35100 0.29988 0.26901 0.84800 0.00333 0.00000 0.00000 artv
42.66429 43.74211 -1.31290 1.48091 3.55000 0.68458 0.43001 1.53000 -0.00333 0.00000 0.00000 kisl
26.10609 35.20479 -15.32704 -26.54863 -5.40000 0.59190 0.58157 0.90000 0.00000 0.00000 0.00000 sit1
25.34356 36.45498 -17.54771 -28.20253 1.71019 1.59075 0.77889 1.64184 0.00000 0.00000 0.00000 riba
26.54580 41.41419 -0.29950 -1.10472 0.08074 0.25858 0.29809 0.46249 0.00000 0.00000 0.00000 ore1
25.65191 41.47349 -0.12979 -0.86230 0.22593 0.24206 0.27502 0.54157 0.00000 0.00000 0.00000 kru1
25.34811 36.41784 -16.70008 -28.28724 0.78219 0.80300 0.35121 1.12640 0.00000 0.00000 0.00000 kera
25.14150 35.32413 -16.35129 -27.03971 -2.20918 0.18270 0.23348 1.32170 0.00000 0.00000 0.00000 hera
39.69403 39.71324 -11.09475 4.20926 -0.85200 0.43254 0.51836 1.82500 -0.02767 0.00000 0.00000 erz2
44.54980 38.44580 -0.30765 13.70702 0.40000 0.29319 0.65126 0.70000 0.00300 0.00000 0.00000 zari
45.41420 38.67210 4.13147 10.69047 1.20000 0.24815 0.39655 0.50000 0.00167 0.00000 0.00000 ykkz
47.03230 38.86870 4.65702 12.44335 1.40000 0.28778 0.47821 0.60000 0.00167 0.00000 0.00000 klbr
44.56470 39.03060 4.02932 10.27686 -0.90000 0.45819 0.60584 0.80000 0.00100 0.00000 0.00000 kblg
45.73160 38.67400 4.31844 10.70270 1.60000 0.25523 0.24445 0.50000 0.00233 0.00000 0.00000 bsof
47.28840 37.91900 1.11926 12.80958 0.80000 0.20590 0.23635 0.60000 0.00133 0.00000 0.00000 brmn
47.65010 37.82880 0.79743 12.76014 0.70000 0.24312 0.42897 0.80000 0.00067 0.00000 0.00000 ardh
46.15520 38.23120 1.97464 11.18833 2.10000 0.29911 0.20286 0.50000 0.00100 0.00000 0.00000 amnd
47.04970 38.46820 2.84855 10.43447 1.40000 0.55471 0.60687 0.90000 -0.00033 0.00000 0.00000 ahar
45.36060 38.31600 -0.07881 13.99557 1.40000 0.22023 0.49025 0.40000 0.00200 0.00000 0.00000 tasj
46.12290 37.93320 -0.22199 12.70721 0.80000 0.17879 0.22317 0.50000 0.00233 0.00000 0.00000 skoh
44.77100 37.98505 -2.34941 13.73046 -1.10000 0.40502 0.94785 0.80000 0.00050 0.00000 0.00000 mmkn
26.58727 40.46833 -13.15895 -6.80252 0.45000 0.45395 0.58215 1.13000 -0.00133 0.00000 0.00000 yent
29.11272 40.81972 -2.32224 0.79710 1.43000 0.55177 0.78943 1.43000 -0.00600 0.00000 0.00000 yant
26.48568 40.38407 -13.74409 -7.03278 -0.90000 0.21126 0.85561 0.49000 -0.00800 0.00000 0.00000 tyf1
28.08341 41.08022 -0.52305 0.34655 -0.34000 0.33094 0.90671 1.30000 -0.00233 0.00000 0.00000 svri
26.99851 40.95073 -1.83718 -1.53920 0.46000 0.21252 0.62235 0.93000 -0.00700 0.00000 0.00000 krdt
28.77976 41.00275 -1.60487 0.06614 -1.24000 0.27886 0.95138 1.25000 -0.00567 0.00000 0.00000 kcek
29.31022 40.92680 -0.16525 -0.78053 2.04000 0.37855 0.79011 1.90000 -0.05100 0.00000 0.00000 harm
28.55090 38.75191 -23.61985 -8.97126 -1.46000 0.17938 0.22412 0.85000 -0.00100 0.00000 0.00000 bort
26.52361 40.12569 -17.59025 -8.45713 1.04000 0.23747 0.86820 0.59000 -0.00667 0.00000 0.00000 atht
27.56331 40.08302 -19.07430 -6.30912 -0.39000 0.25670 0.79564 1.13000 -0.00633 0.00000 0.00000 atct
27.69580 40.18644 -19.58385 -5.27865 -0.78000 0.27377 0.85322 0.77000 -0.00600 0.00000 0.00000 alat
29.53923 40.97974 0.36744 -1.09635 -0.47000 0.31082 0.86025 1.70000 -0.04233 0.00000 0.00000 ovct
28.65969 40.98540 -0.36208 -1.27052 -3.27000 0.37086 0.84406 2.00000 -0.05333 0.00000 0.00000 n104
29.32082 40.86602 -1.59342 -1.26215 -3.05000 0.40800 0.86251 1.46000 -0.02667 0.00000 0.00000 ibbt
30.46175 40.47787 -24.04593 -1.89564 -0.36000 0.45814 0.84496 1.71000 -0.04133 0.00000 0.00000 dgct
29.03304 39.89917 -22.42438 -3.86766 -2.74000 0.32009 0.94767 1.95000 -0.05333 0.00000 0.00000 blot
27.09140 40.20343 -17.43332 -7.68042 -1.05000 0.38450 0.68723 1.76000 -0.07133 0.00000 0.00000 bkct
43.49260 41.41012 1.68562 4.33075 -1.70000 0.36894 0.43861 0.49000 -0.00050 0.00000 0.00000 akal
43.18280 42.17402 0.15993 3.25447 4.08000 0.40264 0.45134 1.88000 -0.04900 0.00000 0.00000 gr03
42.50047 43.27498 -1.57058 1.07934 4.36000 0.40580 0.27937 0.70000 0.00000 0.00000 0.00000 trsk
39.06805 44.10437 -1.19282 0.75016 0.59500 1.29813 0.54562 0.97300 0.00000 0.00000 0.00000 23tu
28.66614 43.99024 -0.51624 -0.04710 -0.36100 0.17352 0.15967 0.96000 0.00000 0.00000 0.00000 tuzl
28.41233 44.45728 -0.20302 -0.28074 0.23500 0.12098 0.13023 0.75800 0.00000 0.00000 0.00000 tirg
28.68288 44.34616 -0.39930 -0.34219 -0.48400 0.13905 0.13117 0.74600 0.00000 0.00000 0.00000 midi
25.38923 36.46087 -19.11916 -32.34217 -0.70000 0.50132 1.63055 1.10000 0.00000 0.00000 0.00000 dsln
28.64531 44.21383 0.30992 -0.50970 0.54000 0.27661 0.18811 0.87000 0.00000 0.00000 0.00000 conb
28.83850 44.49412 -0.71486 -0.22674 -1.51000 0.13610 0.12480 0.74600 0.00000 0.00000 0.00000 chiu
44.08559 40.28571 1.72962 6.05357 0.98800 0.12212 0.11184 0.71000 0.00000 0.00000 0.00000 aruc
28.64194 44.08654 -0.37609 -0.19124 -1.01800 0.11866 0.13203 0.69400 0.00000 0.00000 0.00000 agig
27.96286 44.09410 0.02554 -0.38684 0.81000 0.50365 0.55665 1.41400 0.00000 0.00000 0.00000 adcs
25.33100 37.46450 -17.51946 -26.11863 -1.80000 0.43973 0.57864 1.10000 -0.04500 0.00000 0.00000 mykn
47.39280 37.57940 -0.36864 12.77865 1.40000 0.27890 0.16010 0.60000 0.00150 0.00000 0.00000 tkce
27.39112 38.31378 -21.78003 -16.25061 0.22000 0.21181 0.26496 0.76000 -0.00200 0.00000 0.00000 trbt
27.81555 37.58214 -21.36065 -22.07652 -1.36000 0.24026 0.27166 0.80000 -0.00050 0.00000 0.00000 krpt
28.66741 37.82766 -22.66651 -15.12345 -0.31000 0.31837 0.31530 1.38000 -0.00050 0.00000 0.00000 krct
27.19424 38.37510 -21.50079 -17.57167 -2.79000 0.34703 0.38381 0.94000 -0.00050 0.00000 0.00000 izmt
29.10617 38.42497 -21.71693 -8.06106 -1.87000 0.36070 0.39187 1.27000 -0.00050 0.00000 0.00000 esmt
29.40376 37.99182 -21.28092 -8.22310 -0.47000 0.26857 0.33391 0.88000 -0.00050 0.00000 0.00000 calt
28.04087 38.12027 -22.03022 -14.44110 -2.41000 0.21211 0.30090 0.59000 -0.00100 0.00000 0.00000 bmli
25.73724 35.00379 -16.30859 -28.14029 -1.42000 0.24821 0.29108 1.49000 0.00950 0.00000 0.00000 ier0
25.26890 35.13400 -16.02868 -27.01962 -0.70000 0.38829 0.31725 0.90000 0.00000 0.00000 0.00000 arkl
25.85325 40.84910 -0.81544 -1.52496 0.70000 0.44859 0.28888 0.60000 0.00000 0.00000 0.00000 ale1
25.40096 41.12096 -0.95865 -1.56486 0.09091 0.35384 0.36232 0.78579 0.00000 0.00000 0.00000 komo
41.63100 42.96800 0.71000 2.78000 0.39000 0.20000 0.28000 0.25000 0.00200 0.00000 0.00000 akha
44.96800 42.11000 0.09000 3.60000 0.88000 0.17000 0.26000 0.39000 0.00300 0.00000 0.00000 tian
44.80700 41.70200 0.95000 5.27000 0.81000 0.14000 0.18000 0.44000 0.00600 0.00000 0.00000 tbil
44.10200 41.53900 0.42000 3.67000 0.69000 0.15000 0.17000 0.42000 0.00300 0.00000 0.00000 trlt
43.35300 42.32400 0.23000 2.43000 3.02000 0.25000 0.26000 0.93000 0.00700 0.00000 0.00000 sark
44.50900 41.68900 1.03000 5.53000 1.01000 0.40000 0.46000 1.59000 -0.02500 0.00000 0.00000 gk06
43.66560 41.31739 1.84000 4.02000 -1.69000 0.42000 0.48000 1.62000 -0.01200 0.00000 0.00000 gj06
26.19617 41.76092 1.32399 -1.02788 -0.83400 0.40600 0.35300 1.32700 0.00000 0.00000 0.00000 svil
25.62800 42.41271 -1.59879 0.58953 -0.80500 0.22800 0.30500 0.84200 0.00000 0.00000 0.00000 star
48.47694 40.00942 5.15718 11.62089 2.28800 0.34900 0.35000 1.52200 0.00000 0.00000 0.00000 sabd
43.05876 44.03738 -0.82727 0.36543 0.90500 0.21000 0.23000 0.80200 0.00000 0.00000 0.00000 ptgk
42.72756 41.50906 -1.18429 4.15770 2.34900 0.46200 0.48800 1.38900 0.00000 0.00000 0.00000 posf
49.89882 40.56222 1.83398 0.63992 1.79100 0.24400 0.32200 1.03800 0.00000 0.00000 0.00000 pirs
48.59530 40.78020 2.53771 3.45691 2.51200 0.34100 0.37300 1.06000 0.00000 0.00000 0.00000 pirg
26.85109 44.44222 -0.21771 -0.37218 -2.66300 0.29700 0.36700 0.95400 0.00000 0.00000 0.00000 lehl
36.86150 37.59338 -11.55640 9.63254 4.83000 0.67200 0.63900 1.70700 0.00000 0.00000 0.00000 kahr
25.90346 40.19716 -17.97413 -9.11578 0.17000 0.59600 0.56600 1.92000 0.00000 0.00000 0.00000 goda
46.36131 40.68037 3.03027 9.96383 -2.60700 0.26400 0.31100 1.63600 0.00000 0.00000 0.00000 ganj
44.79748 39.65511 4.39624 9.10654 -1.17400 0.61000 0.70600 1.91600 0.00000 0.00000 0.00000 dluc
28.03124 44.34208 -0.62817 -0.19328 -0.61500 0.20400 0.20600 0.87900 0.00000 0.00000 0.00000 crnv
35.80954 40.65694 -14.50882 6.80405 0.47200 0.65800 0.43700 1.63300 0.00000 0.00000 0.00000 ama3
25.32665 43.96994 0.23398 -1.64710 -2.19400 0.42100 0.38500 1.42700 0.00000 0.00000 0.00000 alxr
38.26124 37.76058 -8.78384 14.16597 2.08800 0.48000 0.44700 1.35700 0.00000 0.00000 0.00000 ady1
46.84700 43.12500 -1.60839 3.81733 0.00000 0.55000 0.55000 2.00000 0.00000 0.00000 0.00000 zura
46.84200 43.02600 1.02951 3.63830 0.00000 0.55000 0.55000 2.00000 -0.00400 0.00000 0.00000 dubk
26.97300 37.75800 -17.74121 -21.44139 1.10000 0.40000 0.50000 0.90000 0.00000 0.00000 0.00000 samu
25.15400 37.08600 -16.85950 -25.54537 0.90000 0.40000 0.40000 1.00000 0.00000 0.00000 0.00000 paro
25.48800 35.19800 -15.81604 -26.59058 -6.50000 0.50000 1.30000 2.00000 0.00000 0.00000 0.00000 orop
26.52900 41.52000 -1.37594 0.38316 -0.30000 0.30000 0.40000 0.90000 0.00000 0.00000 0.00000 oreu
25.26900 39.87400 -14.71713 -13.32655 0.20000 0.40000 0.50000 1.00000 0.00000 0.00000 0.00000 moud
26.44900 39.03100 -18.30782 -13.13036 0.10000 0.40000 0.50000 0.90000 0.00000 0.00000 0.00000 lesu
26.85500 37.13600 -17.39635 -25.56152 -0.70000 0.40000 0.40000 1.00000 0.00000 0.00000 0.00000 lero
26.27300 37.60500 -17.55892 -25.25999 -1.80000 0.60000 0.70000 1.80000 0.00000 0.00000 0.00000 ikau
33.91100 35.03700 -8.52053 7.73961 -1.10000 0.30000 0.40000 0.90000 0.00000 0.00000 0.00000 fren
25.90600 40.85400 -1.67629 -1.92136 0.00000 0.40000 0.40000 1.10000 0.00000 0.00000 0.00000 aleu
25.71800 35.19200 -16.54815 -27.25259 0.40000 0.70000 0.50000 1.20000 0.00000 0.00000 0.00000 agni
