29.91589 40.43329 -21.09821 -2.91793 0.44128 0.31379 -0.03827 iyum
27.58618 40.59849 -17.06208 -6.00803 0.35791 0.42452 0.00364 madt
30.13403 40.68972 -15.03834 -0.75507 0.45476 0.46302 -0.00360 smas
29.58526 40.66713 -15.15321 -1.07095 0.30911 0.67496 -0.01411 oluk
30.67803 40.54862 -18.30132 -1.61779 0.57506 0.42504 -0.00056 bozs
29.13488 40.10671 -22.08816 -3.59654 0.58035 0.74418 0.00029 ulut
28.36534 41.05183 -0.95570 -0.25705 0.37742 0.50606 -0.01738 selp
28.37327 40.39790 -19.75249 -3.34863 0.28456 0.60930 -0.01963 yeni
30.80065 40.38662 -22.42524 -2.19543 0.92891 0.34254 -0.02087 gnuk
46.16200 36.90800 -2.41644 13.89949 0.37581 0.40608 0.00544 mian
36.28523 33.51020 -4.09859 11.71104 0.28559 0.27260 0.01166 udmc
44.10086 40.17800 1.93129 6.58908 0.25552 0.35871 -0.01043 mmor
27.08396 38.01927 -21.27047 -19.80473 0.34918 0.31764 -0.04367 ozde
27.39281 40.81074 -3.62073 -4.91202 0.36464 0.48691 -0.03943 yeko
27.39387 36.68142 -13.96922 -30.04216 0.56500 0.43395 0.00814 knid
28.82587 36.76230 -15.92743 -19.97980 0.40113 0.31083 -0.00586 dlmn
29.39199 37.44830 -20.82461 -11.15706 0.32102 0.41156 -0.01443 gkpn
29.43915 36.71953 -15.46500 -11.68099 0.53233 0.27882 -0.01600 sira
29.64786 36.19365 -9.81519 -9.97359 0.33697 0.37292 -0.00629 kaso
30.64294 40.61819 -13.80633 -1.18379 0.53646 0.35367 -0.01267 kkap
26.87121 40.60084 -12.25492 -4.58483 0.75297 0.61572 -0.02686 kvak
36.13742 36.89942 -11.69756 9.26137 0.27026 0.35507 0.00388 dort
36.18007 36.53991 -9.17558 10.26754 0.42822 0.57798 -0.01552 iske
36.46507 36.53105 -7.71564 11.10021 0.41651 0.52881 0.00542 abak
36.52351 36.78796 -8.11856 10.25957 0.27010 0.34034 0.00603 hasa
36.64326 37.08757 -9.01345 10.15025 0.36573 0.40665 -0.00263 fevz
36.99579 37.52164 -10.25713 10.07945 0.31466 0.32151 0.00457 mrst
37.88612 37.54145 -8.07125 12.79880 0.41196 0.31065 0.00022 ckrh
38.99678 37.17478 -7.79477 14.54692 0.22719 0.36026 0.00072 hrrn
36.07295 37.39410 -13.09445 8.64781 0.61907 0.93702 0.06473 kdrl
36.32984 37.57249 -11.12850 7.55041 1.13970 0.65894 -0.00548 andr
48.38800 38.95200 4.71686 12.62540 0.33892 0.37581 -0.00200 yard
41.05682 38.95880 -6.76722 13.17690 0.54607 0.50980 -0.03217 solh
37.95850 39.45422 -17.09711 10.30995 0.28183 0.26972 -0.02217 sinc
39.16386 39.61333 -14.73997 8.72600 0.95398 0.24512 -0.04117 kmah
34.87290 40.45432 -18.88699 4.30360 0.45703 0.35852 -0.01833 kkir
48.41900 38.70600 4.46737 12.25312 0.31032 0.32268 -0.00183 gosm
29.06288 41.06266 -1.30164 0.14234 0.74959 0.80322 -0.00840 kant
34.80796 39.79424 -19.64563 4.24615 0.19779 0.07071 0.00000 yzgt
39.50609 39.74573 -11.21794 5.60252 0.50795 0.18153 0.00000 erzi
26.17415 39.97309 -18.26431 -9.94553 0.45502 0.25667 -0.01033 suba
27.21747 39.89727 -20.01299 -9.28826 0.45485 0.63356 -0.00183 kire
27.31632 39.02404 -22.15803 -13.49072 0.60487 0.36112 0.00500 kini
27.42449 39.78469 -21.79362 -9.55788 0.61318 0.44572 -0.00600 alan
27.77943 41.82633 -0.32388 -1.17411 0.41235 0.50256 -0.00683 dmky
27.83584 37.19568 -18.47530 -24.11868 0.38952 0.53175 -0.02133 camk
28.08062 37.60921 -21.62060 -21.35209 0.24230 0.34576 -0.03250 cine
28.42719 37.17524 -18.52729 -20.61175 0.60288 0.38185 -0.04100 mula
30.02435 40.45703 -19.06155 -1.50658 0.67748 0.51490 -0.00383 mekc
30.30284 40.78435 -5.28032 0.91286 0.80062 0.58104 -0.05417 kazi
30.64437 38.76888 -22.33400 -3.11418 0.51230 0.28936 0.00050 afyo
30.82664 40.73478 -8.63840 -1.87489 0.43542 0.75784 -0.05920 kder
47.93000 36.23200 -2.39381 13.19907 0.49368 0.46819 0.00333 bija
25.40200 41.54494 0.72828 -2.42452 0.38000 0.35082 -0.00983 momc
25.84633 41.88444 0.19571 -1.51486 0.33607 0.60326 -0.00500 harm
28.62368 41.03456 1.29313 -0.26417 0.36236 0.65513 0.00717 n110
36.97194 37.19047 -8.68006 11.13768 0.18961 0.26019 0.00696 sakz
37.43587 37.51766 -8.31903 11.93844 0.19000 0.23769 0.01078 alar
37.90234 37.23678 -7.74060 13.80481 0.19839 0.26724 -0.00444 arga
46.42700 33.64800 -2.84658 16.89051 0.62473 0.54315 0.01478 ilam
37.71620 36.24649 -6.14827 13.70353 0.18526 0.28270 0.00920 khbz
36.10416 35.59798 -6.71619 10.70147 0.34579 0.42869 0.01842 doha
47.12300 37.36800 -2.68365 13.35010 0.58530 0.67333 0.01714 khor
37.57409 36.90110 -7.44397 12.81337 0.34979 0.47911 0.00514 gazi
42.54686 38.48805 -5.18190 14.57496 0.62822 0.51654 -0.02380 resd
42.91031 39.23215 -2.30536 9.15807 0.32224 0.24524 -0.01840 ptns
46.09300 39.53600 3.72921 10.21047 0.37504 0.42135 0.00760 nora
42.14944 39.71415 -1.79718 9.37411 0.43438 0.55549 -0.00860 kryz
45.66100 39.83700 4.14476 9.84918 0.36183 0.48619 -0.00880 jerm
41.33461 41.36844 -0.51723 2.68286 0.40643 0.44919 -0.01140 hopa
48.92200 37.76400 1.89132 11.66039 0.41653 0.39595 -0.00700 hash
37.22002 38.17898 -14.34842 9.77389 0.21673 0.46646 -0.02500 elbi
34.80324 39.10605 -19.31889 5.77914 0.66166 0.35688 -0.01560 abdi
38.42520 38.32776 -14.10648 11.13172 0.42268 0.27159 -0.00480 mlty
27.71236 40.02446 -21.20874 -6.45455 0.39209 0.69205 -0.00020 gone
29.53526 37.18532 -18.19120 -12.04732 0.73094 0.65749 -0.01575 ysfc
30.11406 38.01626 -22.21378 -7.15636 0.69311 0.51639 0.00800 tkin
30.29356 41.04825 1.55032 0.19247 0.31685 0.78062 -0.03880 kanr
30.29743 37.68907 -19.13417 -8.93353 0.32699 0.40014 -0.01960 burd
31.12088 37.76155 -17.30291 -5.69003 0.28313 0.45665 -0.02760 aksu
31.43864 40.93700 -4.60604 0.70364 1.05335 0.86438 -0.00320 yigi
31.81305 39.56331 -21.94552 -2.48441 0.38960 0.38646 0.00600 sivr
32.15983 36.43085 -12.09899 -0.39862 0.25549 0.25513 -0.04700 seki
32.57499 40.87817 -7.95261 0.22433 0.47207 0.31753 -0.00200 isme
29.13610 37.94050 -22.05708 -8.63218 0.40709 0.53594 0.00520 pamu
29.81013 36.97140 -20.90967 -8.06015 0.32819 0.41480 -0.00160 kybs
45.88700 38.22800 1.27799 12.23949 0.32069 0.37134 0.00500 shab
48.23100 38.47700 4.16581 12.20164 0.34578 0.34765 -0.00160 arbi
27.45387 42.60955 0.33721 -1.57961 0.47894 0.47098 -0.00200 burg
32.65740 40.87240 -11.57389 -0.74805 1.59408 0.44669 -0.06940 isp6
25.29600 42.92595 -0.02310 -1.73680 0.14912 0.27766 -0.01000 gabr
43.80726 40.09727 2.19850 6.25177 0.25220 0.39779 0.00160 sa24
43.95094 40.10820 2.21753 6.77090 0.26159 0.36054 0.00240 sa14
43.78196 41.12119 1.45659 6.09208 0.24774 0.38029 0.00060 bav4
31.01400 40.57400 -14.65011 -3.25411 0.71814 0.67716 0.00000 0025
28.67133 41.02673 -1.97836 2.41821 1.12317 0.87285 -0.01060 n103
35.76880 35.65938 -6.53919 10.72254 0.24991 0.32045 0.01575 rshm
35.87050 36.39678 -8.52790 10.19682 1.56162 0.84534 -0.00267 ulcn
35.95440 34.83802 -5.58529 10.57132 0.25734 0.34700 0.01895 mjdl
36.03320 34.91536 -5.20693 10.81532 0.26705 0.33710 0.01955 hbab
36.09120 35.24727 -5.37146 11.01393 0.24938 0.37940 0.02128 bath
36.13113 36.04960 -6.40177 9.76080 0.33100 0.30748 0.01228 senk
36.15560 34.88156 -5.27770 11.80098 0.24037 0.32289 0.02067 ajsh
36.20392 35.09003 -5.09744 11.74057 0.24382 0.30094 0.01995 bnab
36.26890 34.88498 -5.42434 10.73426 0.26105 0.31728 0.02427 msht
36.26950 35.21452 -5.32742 11.24292 0.28394 0.33384 0.02785 daly
36.34300 34.95690 -6.03410 11.59934 0.27046 0.30960 0.01540 bmra
36.39950 33.87871 -3.24555 12.30101 0.25914 0.33139 0.00452 asal
36.40408 34.94800 -4.12275 11.70265 0.26517 0.35998 0.01383 bars
36.41870 35.11837 -5.07440 11.51045 0.30761 0.31212 0.02098 ders
36.50320 34.96550 -5.14844 11.97213 0.25023 0.31425 0.01020 hmry
36.50803 36.14603 -6.48726 11.95557 0.28840 0.35805 0.01702 harm
36.55000 34.05906 -3.76843 12.59777 0.34771 0.35801 0.00770 mshr
36.56980 35.63779 -5.41443 12.61403 0.24788 0.30744 0.01410 hass
36.57310 34.93373 -5.04566 12.66737 0.24193 0.31303 0.01752 telf
36.57790 35.44888 -5.07597 12.63788 0.26690 0.32925 0.01425 khas
36.68070 36.66353 -7.12057 11.63467 0.29995 0.29811 0.01792 rajo
36.75390 34.91386 -5.24928 12.79341 0.32132 0.33121 0.02027 blan
36.88120 35.64858 -5.37241 12.83240 0.25015 0.28960 0.01027 katr
36.96550 35.04861 -4.22844 13.41061 0.23613 0.32569 0.01760 salm
37.63370 35.79988 -5.46707 13.31940 0.26401 0.34352 0.01567 akil
37.86870 34.64322 -3.79276 14.95828 0.24085 0.41755 0.01283 jhar
39.33560 37.63620 -8.33745 15.28307 0.44584 0.67801 -0.01947 aktp
40.65048 37.24610 -6.82654 15.50396 0.39619 0.53988 -0.00440 kiz2
40.76090 35.75376 -4.50414 16.12081 0.23400 0.36157 0.01188 mrqd
40.59630 36.58415 -5.64511 16.04401 0.23383 0.36808 0.01107 hmeh
38.75710 36.46071 -5.86571 14.57973 0.27103 0.34993 0.01360 dbss
38.48090 35.78223 -5.06372 14.54508 0.24100 0.37083 0.00978 krin
36.97360 36.23296 -5.84544 13.11256 0.23405 0.33981 0.01645 howr
36.92888 36.89503 -7.80349 11.21924 0.92783 0.80484 0.03033 pt36
35.76180 34.08864 -7.05416 9.20936 0.93619 0.78883 0.02898 hayt
35.82940 34.01505 -5.80127 9.91986 0.47416 0.56725 0.01773 frya
36.14310 34.19398 -5.62043 10.87065 0.45298 0.51394 0.00267 brka
36.36860 34.41213 -6.12318 11.28851 0.87039 0.51146 0.02438 hrml
36.46670 34.17369 -5.64309 12.15206 0.52207 0.69775 0.01215 arsl
35.76600 33.52100 -6.80017 10.74961 0.36729 0.52254 0.00917 mchk
38.43700 33.57100 -3.28492 15.71769 0.56484 0.35978 0.01112 kbdd
35.40600 33.64600 -7.02632 9.52126 0.49602 0.60435 0.01192 jiye
35.58400 33.55000 -6.53143 9.52889 0.49335 0.51647 0.02205 jzin
35.88000 33.86144 -7.09558 11.62151 0.43667 0.50023 0.01298 hzrt
35.92190 33.73983 -6.32762 11.27655 0.50302 0.43014 0.01365 anjr
35.79544 36.80771 -10.57991 7.44493 0.93000 0.55182 -0.00548 yumu
35.01822 36.82399 -15.04177 7.05587 0.51813 0.89298 -0.00680 slch
35.07589 37.22083 -14.38360 8.89718 0.60978 1.08576 -0.00085 krhy
35.68522 37.37615 -14.40183 8.42112 0.76504 0.90317 -0.01453 koza
35.36931 37.56012 -16.55196 7.12201 0.50992 0.56359 0.00255 kbsk
35.34004 36.54268 -12.98533 9.12285 0.54564 1.04968 -0.00478 kart
35.83945 37.05454 -12.13462 8.27933 0.58110 0.63019 -0.00425 ceyh
39.10000 37.86310 -8.11154 14.16461 0.48564 0.53834 -0.01097 buck
41.45432 39.18641 -5.68070 9.64272 0.77920 0.49357 -0.01350 vart
41.51233 39.64338 -2.39549 6.16679 0.60403 0.99180 -0.02175 tkmn
38.68265 38.09243 -10.10240 12.34182 0.43175 0.40939 -0.02125 tepe
49.12000 41.06600 0.25267 0.87117 0.42649 0.56082 0.00225 siye
49.42600 40.02500 4.38389 1.93148 0.70222 0.43524 0.00475 shik
36.24493 38.23127 -14.75000 8.46042 0.27068 0.65713 -0.01850 pnlr
41.99179 40.54929 0.73354 3.76135 0.40302 0.50348 -0.00500 oltu
43.89110 41.53702 0.60909 3.93622 0.30975 0.38563 -0.00900 nino
34.55206 36.90001 -13.05898 4.67925 0.30437 0.44756 -0.01250 mer0
43.75300 42.97798 0.56056 -0.22214 0.50845 0.74163 -0.02575 mats
41.79373 38.75356 -5.61980 13.29066 0.32386 0.49942 0.04325 krkt
49.23700 39.81800 4.44963 6.40911 0.95080 1.00497 0.00000 khid
43.34085 38.54932 -4.88032 13.10427 0.48258 0.34984 0.01100 kal2
40.05221 38.96256 -16.41472 9.32195 0.28992 1.01544 -0.01725 kako
40.80854 40.43651 0.17548 3.12918 0.27452 0.28659 -0.00875 ispi
40.57491 38.75763 -6.95272 15.52714 0.78897 1.31188 -0.03550 genc
38.13900 38.61500 -16.06276 10.18349 0.49811 0.70236 -0.02725 feti
41.30042 39.97347 -1.33820 4.98047 0.44751 0.37201 -0.00250 erzu
48.71700 39.49700 5.14341 12.13950 0.27149 0.27961 0.00000 bile
45.35400 40.11900 3.22405 8.52142 0.76399 0.59668 0.00000 astg
43.95440 40.60902 1.53884 7.19555 0.34438 0.38556 -0.00750 arti
43.76795 40.97218 0.72918 6.27788 0.36065 0.35023 -0.00150 amas
37.86876 38.05035 -13.40377 9.06370 0.31496 0.45336 -0.00525 altp
37.11263 37.74662 -12.60877 7.83347 0.35292 0.27147 -0.01175 abey
31.49492 39.87130 -23.12178 -2.22236 0.63402 0.66583 -0.02200 miha
44.67130 43.05072 -0.15391 1.78937 0.57828 0.50985 0.00000 tngm
29.08871 41.17247 -0.25820 -0.85125 0.34637 0.63339 -0.00025 beyk
26.18948 39.61413 -19.86803 -11.08639 0.44270 0.50067 -0.01625 bder
26.53505 39.57985 -20.88228 -10.66268 0.47131 1.63496 -0.00400 hoba
26.72711 38.38849 -20.73548 -19.98642 1.03277 0.68261 -0.03250 armt
26.88498 39.01003 -21.78105 -13.35633 0.80003 0.80337 -0.02300 diki
27.11210 39.24410 -21.01396 -12.37885 0.79307 0.73557 -0.00350 kob1
27.26941 39.57656 -21.45395 -8.37096 0.41131 1.17229 0.02825 egmi
27.30801 38.71103 -21.83493 -15.01648 1.67966 0.30790 0.00100 bayo
27.59004 39.29499 -21.29871 -11.06505 1.79909 0.90590 -0.01025 kuso
27.62941 40.24532 -20.23868 -6.18201 0.45019 0.46212 0.03600 ukir
28.48360 38.31596 -22.92379 -13.08786 0.44987 0.38851 0.00100 kzlc
29.00344 37.18702 -18.73366 -14.71447 0.39353 0.59082 -0.01075 kzlr
29.36247 41.01709 0.29690 -1.51650 0.48612 0.87707 -0.05550 krdm
29.42217 40.82082 -5.80003 -0.29948 1.70019 0.82154 0.01025 gat1
29.71145 38.45840 -22.35018 -7.47988 0.55643 0.50183 0.00825 svsl
29.88930 40.06710 -22.25837 -4.57529 1.06110 1.04053 -0.01667 kpkl
30.58853 36.89616 -13.69001 -5.51690 0.94447 0.84821 0.00075 bhtl
30.59180 37.81979 -19.70295 -6.03209 0.37392 0.59814 0.01933 isrt
31.22749 38.16344 -20.04747 -5.38268 0.76284 0.69052 -0.00575 srkk
32.16605 40.79521 -13.12799 -0.53710 0.48732 0.60173 0.00000 ge11
33.19125 37.37767 -14.99771 1.78359 0.29142 0.31613 -0.03650 mele
34.81383 40.14543 -20.68109 3.62773 0.39967 0.53782 -0.04975 alac
38.51513 39.61423 -17.58416 9.72641 0.56110 0.49198 -0.06625 ilic
39.42038 40.15072 -3.26702 2.55452 0.44670 0.23769 -0.02950 klkt
49.85100 35.14000 -2.11109 13.32384 0.50725 0.53042 -0.00050 ghar
48.95200 34.25600 -3.62923 15.51932 0.49993 0.52885 -0.00050 joza
45.04900 39.29700 4.62712 10.04833 0.48706 0.54593 -0.00033 jam1
45.60500 38.95200 4.10411 11.42317 0.63406 0.98287 0.00450 jolf
46.26500 38.73600 4.79544 9.78254 0.79046 0.66648 0.00200 khav
47.86900 37.92900 3.20026 13.40526 0.47355 0.50060 0.00267 orta
48.00500 37.16900 -0.77513 12.88821 0.49393 0.97204 0.00850 agka
48.81400 36.76400 -0.47241 11.34532 0.24398 0.32858 0.00100 bada
26.92938 36.75207 -17.06491 -26.97584 0.30443 0.26673 -0.04025 kosi
26.73150 39.65225 -23.36576 -7.44175 0.52289 0.51528 0.02100 kcam
26.40641 36.58563 -15.69637 -29.92285 0.42345 0.28705 -0.03100 astp
25.56620 40.92802 -0.07854 -2.11823 0.42661 0.43616 -0.03567 askt
44.81000 40.15950 1.80648 7.92964 0.32428 0.39324 -0.00700 geg4
45.20900 40.19800 2.60329 8.41187 0.31472 0.34959 -0.00025 era4
44.27600 40.73600 1.20257 6.76118 0.30605 0.45764 -0.00600 cho4
44.28700 40.38100 1.76676 6.78785 0.29204 0.36561 -0.01025 bur4
50.98870 35.08780 -1.50359 11.72552 0.23255 0.36009 0.00425 chsm
30.86577 40.56837 -16.99420 -1.81035 0.74981 0.89405 0.01775 0028
43.40010 42.49586 -0.05685 2.19799 0.68592 0.79124 -0.05433 gr09
43.01627 42.10267 0.59469 2.86590 0.48576 0.75332 -0.00433 gr01
35.94000 36.45600 -10.66284 9.23912 0.51433 0.54159 0.02630 uluc
36.01000 33.62500 -4.71173 12.16414 0.30297 0.36631 0.01583 roza
36.05100 33.61300 -3.37865 12.41605 0.31544 0.38967 0.02087 soba
36.11060 33.78076 -3.57306 12.07399 0.30307 0.37331 0.01880 hoor
42.45746 37.52791 -7.42923 14.31008 2.07000 0.95000 0.00000 srnk
35.59900 37.03100 -12.22582 6.25989 1.33000 1.31000 0.00000 pt47
36.17900 37.16200 -13.15901 9.14703 1.23030 2.50181 0.05000 pt43
36.50200 37.15800 -7.61732 7.93332 1.33000 1.31000 0.00000 pt40
36.59800 37.11400 -8.13741 8.45476 1.33000 1.32000 0.00000 pt39
36.73400 37.00900 -7.93670 9.05681 1.33000 1.31000 0.00000 pt38
36.82900 36.99200 -6.92730 9.52824 1.33000 1.32000 0.00000 pt37
37.00900 36.81200 -5.48866 12.49299 1.26126 1.81060 0.04200 pt35
36.37400 36.53500 -7.18388 9.51140 1.33000 1.31000 0.00000 pt34
36.25700 36.65400 -4.12505 10.13965 1.33000 1.31000 0.00000 pt31
36.23200 36.74100 -12.52650 9.82928 1.36000 1.34000 0.00000 pt30
36.10100 36.24300 -7.43552 8.41733 1.33000 1.31000 0.00000 pt26
36.01900 35.94100 -6.70237 10.63494 1.25791 1.00298 0.04800 pt12
36.34100 36.01700 -4.90795 9.80942 1.70321 1.12720 0.04750 pt09
36.19100 36.16600 -4.09453 9.45128 1.27403 1.01314 0.06000 pt08
35.94100 36.89600 -11.27663 7.20495 1.33000 1.31000 0.00000 pt05
35.64800 36.85700 -11.89295 6.04062 1.33000 1.31000 0.00000 pt02
35.68500 36.94300 -10.97498 5.53116 1.33000 1.32000 0.00000 pt01
35.90900 34.46600 -5.81991 10.20505 0.51685 0.59923 0.03207 adas
36.08400 34.45100 -6.37647 11.08088 0.53649 0.78972 0.02647 habt
44.75000 37.53400 -3.66155 15.33429 0.40123 0.47512 0.01840 bala
34.15478 36.71803 -12.24052 5.63743 0.20533 0.88364 0.00433 eren
35.37483 36.81992 -14.64257 8.43347 0.38564 1.00607 0.00293 dknt
34.68647 37.52535 -14.98466 6.83767 0.20153 0.70236 0.01303 cfth
34.81055 37.20670 -14.06511 6.71639 0.29720 0.71518 0.02027 cama
38.52440 38.29033 -17.32530 12.03826 0.75262 0.58704 -0.04400 yayg
42.47070 42.02184 1.42045 3.23106 0.56070 0.69135 -0.02033 vani
44.36400 41.03100 2.39968 5.37675 0.47696 0.43304 -0.00300 step
39.90985 38.73677 -16.73979 10.88080 0.55493 0.35801 -0.03500 sryb
39.25800 39.35000 -18.60850 5.91199 1.00279 1.70642 -0.04450 srts
35.20530 42.02016 -0.74574 1.59467 0.51953 0.39192 -0.00433 sino
42.13290 41.64773 -0.90611 4.11108 0.64300 0.60511 -0.00967 shua
46.76000 39.75300 4.30542 10.48385 0.37552 0.39779 -0.00200 shou
47.25000 41.13200 0.24373 5.53191 0.31736 0.45704 0.00067 shek
48.52900 41.59500 -0.13610 1.39170 0.44933 0.61087 -0.00067 samu
49.02000 39.67600 5.82406 6.65615 0.80457 0.92085 0.00333 saly
43.40000 42.34889 1.32195 4.92652 0.46165 0.53746 0.01200 sacc
44.52600 41.83100 0.52070 5.94924 0.30166 0.32218 0.00467 nich
40.25425 39.73110 -3.90097 4.62295 0.29350 0.40437 -0.00733 merc
48.55100 40.61400 2.15774 2.30797 0.49784 0.97732 -0.00100 medr
43.53990 42.48545 0.23658 -0.38064 0.54253 0.62163 -0.00267 leso
48.14800 40.33300 3.25028 10.10048 0.48180 0.59697 0.00233 kurd
45.79500 41.95100 -0.71546 4.70203 0.41526 0.39638 -0.00800 kudi
39.80428 37.84664 -8.32871 14.86495 0.76307 0.29478 -0.00300 krcd
47.86300 40.97500 -0.24484 3.97061 0.38655 0.57541 -0.00133 kebe
39.52400 39.82400 -6.81393 -0.10483 0.81567 1.08800 -0.03133 kcmz
46.51100 41.65200 -0.15396 4.90260 0.49652 0.42497 -0.00100 kate
46.75800 40.18400 3.27787 10.63276 0.44818 0.44761 -0.00133 kasp
42.06240 42.72065 -1.01914 2.61666 0.30586 0.37063 -0.00167 ingu
45.13900 40.90700 2.81704 7.14275 0.31966 0.33953 -0.00200 ijev
39.21700 39.07400 -19.16472 12.77989 1.12604 1.31937 -0.06250 hzat
37.86430 38.78320 -17.14518 10.48615 0.54741 0.59601 -0.04533 gzlt
46.36700 39.51100 4.55172 10.43029 0.23684 0.30422 -0.00533 gori
38.90140 37.96810 -8.35350 14.88233 0.50502 0.52897 -0.06667 gndm
44.74200 40.14900 1.73337 8.84004 0.61194 0.79732 0.00133 garn
44.85900 40.52600 0.13209 4.87705 0.67958 0.51999 -0.00500 gaga
40.27588 37.91519 -6.82047 14.60412 1.19115 0.65044 0.00000 dyr2
38.64500 39.31000 -21.01784 10.01095 1.37000 1.67000 -0.08500 dbas
38.93100 39.02600 -17.12172 14.14893 1.42133 1.77146 -0.07450 cmgk
38.70610 38.23358 -12.82091 5.99945 0.55244 0.59677 -0.03300 cayk
39.70170 40.97362 -0.02743 2.10676 0.33491 0.36142 0.00333 akto
35.63177 37.85107 -14.83789 7.84060 0.77207 0.68437 -0.02300 mans
37.30709 37.02986 -7.57530 12.44630 0.50094 0.53668 0.00333 kzh1
29.13536 37.41000 -19.73594 -13.05571 0.40450 0.10871 0.00000 tvas
30.46767 38.53395 -21.38375 -4.90867 0.21103 0.07099 0.00000 shut
28.99386 38.50518 -22.83197 -8.26715 0.32930 0.28907 0.00000 esme
27.95986 37.62885 -20.89801 -20.22177 0.30636 0.55787 0.00000 cinc
30.04872 39.88095 -23.37229 -3.89684 0.62906 0.42207 -0.01000 bozu
30.71791 37.32122 -16.14000 -5.88077 0.46120 0.08188 0.00000 bcak
28.00966 38.96202 -23.09018 -9.29063 0.37330 0.27313 0.00000 akhi
36.93112 37.58076 -11.06237 9.22268 0.26882 0.16532 0.00333 mara
26.71829 38.42772 -21.09263 -19.69664 0.56817 2.28499 -0.00667 mnts
26.79053 38.74073 -22.77474 -17.30124 0.61409 0.63646 -0.00333 yenf
26.82074 38.20653 -20.27200 -19.82288 0.94322 1.63291 -0.02700 sfrh
27.12930 38.49032 -23.04687 -16.23115 0.55247 0.55132 -0.03667 yam2
27.16344 38.59773 -23.51278 -14.32481 0.53507 0.39859 -0.01333 gokt
27.45347 38.56809 -21.99883 -15.03701 1.26067 0.79596 -0.05667 mnsa
27.67323 38.67814 -20.89456 -13.60107 0.66706 0.36832 -0.02333 halj
27.77708 38.05754 -21.82428 -14.16396 0.61294 0.38414 -0.02000 tire
27.86201 38.48319 -20.11453 -16.14016 0.54681 0.55365 -0.03333 akcp
28.63322 39.61035 -23.05016 -5.73850 0.72027 0.49171 -0.03667 durs
29.04097 39.14789 -23.23078 -6.08458 0.58911 1.17243 -0.09000 sima
29.10199 40.13574 -23.08866 -4.10634 0.66690 0.57778 -0.00033 ulud
29.24706 39.33340 -23.18534 -5.64833 0.48518 0.94715 -0.02333 emet
30.38526 39.43337 -22.22795 -1.42161 0.80748 0.92821 -0.20367 trm2
30.61742 39.25950 -22.12716 -3.94485 0.55714 0.61252 -0.13250 krct
31.48069 38.34157 -21.59886 -2.15092 0.84973 1.62112 -0.04600 aksh
31.57075 37.89845 -16.45142 -4.09460 0.28985 0.78592 -0.01267 huyk
31.65823 37.65591 -15.62296 -2.41759 0.52695 0.47622 -0.00700 bysh
32.10667 40.65590 -18.09180 -1.48349 0.41516 0.88009 0.00000 drtd
32.22600 41.52009 0.15737 1.02078 0.43814 1.22380 -0.00733 hali
32.24001 39.09870 -22.99102 -0.60367 0.79956 0.72990 -0.04600 yeme
32.47106 38.23671 -19.50431 1.79764 0.35657 0.58693 -0.04267 sryn
35.11299 40.94944 -14.11624 3.70461 0.59967 1.03450 0.00000 ghac
35.31591 40.66639 -16.28807 5.19224 0.54941 0.63840 -0.02000 gkcb
35.64295 40.91383 -12.76452 4.90272 0.61179 0.97117 0.00000 havz
36.55385 40.23743 -19.29839 8.27804 0.60317 0.54165 -0.02133 cord
37.09509 39.78641 -19.86413 9.44869 0.31946 0.39505 -0.03467 siva
37.75724 39.86690 -18.07172 10.73112 0.46221 0.38006 -0.06000 tekk
44.42800 38.48900 -1.82474 12.12612 0.63492 0.83054 -0.02100 ghot
47.15700 38.98400 5.04279 11.64069 1.44793 0.88694 0.00833 pirm
47.74400 39.51300 6.91187 14.75670 0.30642 0.80336 -0.00700 damo
29.51380 40.16384 -22.21850 -0.34140 0.65174 0.64011 0.04650 hmza
28.92300 39.93000 -24.17259 -0.59959 0.54782 0.52824 0.05233 gire
28.77900 40.16700 -21.15928 -2.61444 0.51604 0.52048 0.05200 haga
28.00000 38.24800 -21.28414 -12.72938 0.53075 0.49288 -0.00967 odme
27.48600 37.81800 -20.32619 -19.12338 0.52458 0.49118 -0.01600 soke
27.21400 40.17100 -20.73800 -9.17618 0.51145 0.51443 0.04333 arak
26.91000 40.02900 -20.45098 -8.78831 0.51523 0.51552 0.03667 bah1
26.31700 39.78500 -20.77047 -9.37962 0.52489 0.55457 0.00033 ezin
26.30910 42.07494 0.20154 -1.38681 0.73588 0.85634 -0.00500 topo
26.21600 39.72600 -21.84100 -9.79701 0.52523 0.54441 0.00033 krke
26.15700 39.73100 -21.60849 -9.36798 0.51640 0.52423 -0.01600 kest
26.08500 38.44300 -20.13401 -23.03142 0.42198 0.38304 0.03200 hios
26.08200 39.50100 -21.54349 -9.28177 0.54866 0.54726 -0.01567 aman
25.51300 40.46600 -2.57260 -3.90778 0.52677 0.41422 0.01400 smtk
44.19000 41.18500 1.36323 4.66712 0.39814 0.50205 -0.00800 kiz4
48.98333 40.86600 1.16582 2.66973 0.73204 0.71667 -0.01800 kiza
49.81200 36.69900 -1.57136 12.35791 0.41231 0.45296 -0.00133 gho1
49.62440 37.32300 -2.30998 12.83156 0.09413 0.24985 0.00367 rsht
48.89100 37.18700 -0.35493 11.04250 0.42381 0.46700 -0.01000 marg
47.27100 38.27000 3.09657 11.77425 0.62619 0.68675 -0.00033 taza
50.05210 34.67600 -1.72498 12.41302 0.23702 0.37169 0.00433 tfsh
44.95400 38.20700 3.54170 13.44187 0.56661 0.38111 -0.00200 ggsh
48.18300 36.60700 0.31042 11.61656 0.40130 0.45623 -0.00900 dand
29.23786 40.91671 -0.20184 -2.14626 0.57586 1.09882 -0.08833 yact
28.67185 41.05651 -4.52151 -0.47852 0.65517 1.01284 -0.00367 n107
28.61529 40.99573 -0.12448 -2.96778 0.75768 1.10449 0.09467 n101
28.47586 41.04091 -1.59893 -0.52917 0.63413 1.05875 -0.04000 kmbt
27.60822 40.15944 -18.55559 -6.50254 0.70807 1.12067 -0.07533 hsbt
28.53580 41.06188 0.24322 -2.05880 0.78604 0.99837 -0.03367 h009
27.47555 40.26550 -19.46819 -6.85372 0.73361 1.08210 -0.08133 gvnt
28.77894 40.97483 -2.28523 -0.49989 0.57804 0.99627 -0.03300 flrt
29.24320 40.31874 -21.91511 -1.40604 0.40920 0.80789 -0.07867 erct
27.20353 40.05449 -18.92544 -8.47983 0.83135 1.10525 -0.01767 asmt
26.32460 42.51848 -0.19512 -1.05359 0.20826 0.21776 -0.02667 kerb
43.54350 42.56341 -0.02194 -0.09300 0.49190 0.51878 -0.05450 gr10
43.28010 42.63684 -0.44143 1.93000 0.59025 0.69322 -0.02400 gr08
43.03880 42.53952 0.69994 1.18476 0.83172 0.54317 0.01450 gr07
42.98610 42.25544 -0.47314 3.03183 0.65589 0.76916 0.04550 gr04
33.32700 35.22300 -6.94848 3.45669 0.11826 0.27964 0.04480 neu1
36.26900 36.11400 -2.99820 11.65306 1.44000 1.51000 0.12800 pt07
44.82600 41.37700 5.09058 4.93127 2.34588 1.09307 -0.00050 shul
38.21520 38.45618 -14.62011 9.94793 1.02051 0.43033 -0.02500 mlt1
46.45900 39.31500 3.23954 12.00201 1.18147 0.74993 0.04300 karm
44.14495 39.55561 2.89473 7.96280 2.51651 0.97441 0.00000 dbyz
39.41702 36.97124 -8.00112 14.02864 1.48441 0.56578 0.00000 ayzc
36.21633 36.37856 -6.93326 10.08842 0.87491 0.56308 0.00000 seri
36.40229 37.21930 -11.62100 6.81418 0.63611 0.62954 0.00000 ellk
36.46013 36.84267 -8.05496 10.05336 0.77621 0.60052 0.00000 crak
36.59880 36.73683 -7.32030 10.32965 0.70040 0.79644 0.00000 akab
36.89217 39.79694 -19.26250 8.30937 0.36485 0.10299 0.00000 svas
34.59256 37.96101 -15.55357 4.58615 0.18392 0.11445 0.00000 ngde
36.14608 36.53803 -8.29895 10.86167 0.41128 0.30566 0.00000 iskn
29.81065 36.78941 -14.45500 -9.57184 0.10638 0.55325 0.00000 elmi
44.09384 42.53309 -1.01841 2.16337 0.81561 0.86069 0.00000 dzmg
44.23651 42.79874 0.77367 1.60175 0.75848 0.68121 0.00000 tlap
44.28985 42.83015 -0.06187 1.28911 0.62302 0.55370 0.00000 kadt
44.66369 42.97333 -0.23926 1.72487 0.87530 0.93186 0.00000 trdn
44.56797 42.97576 -0.57168 2.12706 0.92959 0.97740 0.00000 gavt
44.23092 43.00169 1.24415 0.87818 0.99609 0.94479 0.00000 avbm
44.25489 43.05254 0.71379 1.26134 1.04412 1.02621 0.00000 anbk
44.29099 43.19988 -0.95341 1.57545 0.55629 0.66768 0.00000 ardn
25.27680 42.96291 1.77412 -1.65689 0.87283 1.18280 -0.00500 gab1
26.23337 38.28771 -18.75577 -22.45417 0.80076 0.93491 -0.07000 ckoy
26.47020 38.67056 -21.20531 -19.26565 0.25970 0.31611 -0.03500 kabu
26.49654 38.20466 -20.44289 -21.67526 1.70497 1.27508 -0.03000 zeyt
26.60030 38.44029 -19.58617 -19.76020 0.70659 0.93599 -0.08000 blk2
26.78865 40.98952 0.45000 -1.96000 0.22000 0.26000 0.00000 hemt
26.99750 38.06750 -21.64980 -20.18586 0.60776 0.72122 -0.07500 gmdr
27.12693 38.20919 -24.18198 -19.26415 0.66344 0.85498 -0.06500 knrl
27.18040 37.62755 -18.45924 -23.20391 1.01170 0.36031 -0.03000 dog1
27.21076 38.93518 -21.44475 -12.61045 1.73492 0.36260 -0.07000 yunt
27.37982 37.87807 -20.69074 -19.22739 0.81181 0.58220 0.00500 cmlk
27.61341 38.26320 -22.31622 -15.66377 0.45638 0.90975 0.00000 uctp
27.63949 38.34579 -22.11229 -14.75420 0.98274 0.36839 -0.11000 cali
27.81341 37.69760 -21.52434 -21.03601 0.53223 0.19658 -0.03000 caki
28.22736 38.06673 -22.43917 -14.36765 0.34028 0.37684 0.00000 byda
28.27865 38.97193 -24.24232 -8.49666 0.52245 0.52433 0.00000 gord
28.42045 38.73239 -24.26939 -8.32604 0.53346 0.64664 0.00000 kopr
28.58385 37.57611 -23.57990 -17.81800 0.35712 0.36359 0.00000 thrn
28.74010 38.57402 -23.70243 -8.91398 0.40696 0.59529 -0.00500 kula
28.82181 38.33882 -23.37523 -9.95074 0.87368 0.57141 0.00000 hrdl
28.86021 38.02031 -22.53271 -12.42722 0.59690 0.77465 0.00000 buld
28.91177 38.76259 -24.53554 -7.46510 0.54337 0.61542 0.00000 sele
28.95848 39.41859 -24.50381 -5.46978 0.56427 0.55127 0.00000 daga
29.09638 36.69122 -15.14670 -16.43477 0.39167 0.30572 0.00000 cift
29.23952 38.41685 -23.53821 -8.78798 1.28944 0.87893 0.00500 ulub
29.26274 36.42278 -12.92067 -14.60615 0.40400 0.44907 0.00000 kybl
29.41798 39.04013 -24.08175 -6.11920 0.58226 0.66348 0.00000 esgz
29.55371 38.15027 -22.70988 -7.71505 0.28068 0.39320 0.00000 sllr
29.60873 37.80273 -21.74720 -7.99879 0.43718 1.11072 -0.00500 bzkr
29.78139 38.73164 -23.46473 -7.11471 0.53281 0.54090 0.00000 banz
29.78606 39.56611 -24.01738 -4.78406 1.31375 0.67051 -0.03500 bltp
29.92159 36.65750 -13.93930 -9.22844 0.70369 0.32500 0.00000 ykcf
30.17824 37.04295 -15.15132 -7.43984 0.29748 0.53113 0.00500 krku
30.27214 36.36952 -10.17973 -6.68151 0.56042 0.49467 0.01000 kmlc
30.50261 37.31605 -16.76801 -7.32276 1.38664 0.73787 0.01000 ugur
30.54552 38.50106 -21.06005 -5.26309 0.40634 0.46033 -0.01500 mhmt
30.54841 36.55212 -11.16479 -5.67052 0.29820 0.31433 -0.00500 keme
30.57851 37.44551 -16.99115 -6.36037 0.31165 0.34425 0.00500 buck
30.62108 40.64730 -14.72636 -1.68692 1.98019 0.99526 0.00000 kto2
30.63116 38.10518 -20.30149 -5.62423 0.78497 0.82188 -0.07500 tprk
30.71200 40.82921 -6.04579 -0.28938 0.84541 0.66407 0.00000 henj
31.00132 37.47531 -16.27863 -5.01086 0.38258 0.67548 0.01000 stcl
31.05127 40.55214 -16.36826 0.13808 0.55932 1.05418 0.00000 tk14
31.24650 39.50700 -23.59503 -2.48772 1.13540 1.72537 -0.07600 kym2
31.23992 40.51864 -18.97894 -2.79310 0.54687 0.84438 0.00000 mudr
31.26054 40.60216 -17.05905 -1.05081 2.31643 0.58225 0.00000 abnt
31.33807 40.75854 -9.93978 1.44772 0.88602 1.06515 0.00000 kayn
31.44293 37.43598 -16.49019 -3.57662 0.91122 1.33060 0.00400 kaya
31.45981 40.14816 -24.30878 -0.40542 1.31827 1.02895 -0.03450 nall
31.51973 40.65918 -15.02567 -0.87592 0.52211 0.81852 0.00000 kend
31.68991 40.87785 -5.52237 1.75182 0.51302 1.19199 0.00000 yego
31.77260 36.60613 -11.96946 -2.46655 0.60369 0.87730 0.00650 gzlb
31.89587 38.32588 -20.66403 -1.01103 1.11012 1.38724 -0.08650 ilgn
31.93212 37.61698 -16.77359 -1.16301 0.19736 0.93741 -0.01750 cavs
31.98355 36.79235 -12.74149 -2.09242 0.23310 0.58107 0.00850 gund
32.05078 40.79850 -10.73279 -0.25413 0.72211 0.79423 0.00000 ye03
32.06144 40.98100 -4.06900 1.32397 0.52932 0.61772 0.00000 mngn
32.09935 40.77105 -15.21160 -0.10470 0.61989 0.74530 0.00000 yetp
32.20695 37.20022 -13.48614 -0.21989 0.69606 0.99896 -0.03500 akpn
32.28260 36.28255 -10.53856 -0.27931 0.45877 0.28073 -0.05800 gazi
32.35316 40.01905 -23.61911 -1.38224 1.16120 0.88125 -0.02450 ays2
32.38601 36.96095 -14.03002 0.33862 0.63335 0.94787 -0.01650 byrl
32.42110 40.23592 -23.14849 -0.97327 0.59243 0.69914 -0.02900 gudu
32.57722 39.86901 -22.91111 -0.84804 0.58035 0.67494 -0.02650 mese
32.74439 38.76367 -21.72218 1.87175 0.50514 1.15067 0.00400 kayi
32.75640 40.32235 -24.00733 -1.44845 1.00687 0.30960 -0.02250 pazr
32.75995 38.27688 -19.33106 1.67617 0.26929 1.22675 0.00250 olme
32.80308 36.02496 -8.87394 1.72982 0.46732 0.47121 -0.06450 anmr
32.91015 36.32113 -10.85512 1.50386 0.27585 0.28205 -0.06950 aban
32.96805 37.23960 -12.92870 2.32154 0.34649 0.91095 -0.01200 kzkb
33.00963 38.90111 -22.46124 3.24077 1.21387 1.13408 0.01150 tavs
33.10093 40.24626 -22.21600 0.11393 0.78445 0.74941 -0.02300 cbuk
33.15747 38.44359 -20.69918 4.08900 0.64869 0.93935 -0.01200 tasp
33.20322 37.72917 -16.47223 2.83207 0.45801 0.85369 -0.02250 mrdv
33.25636 39.23833 -22.03784 3.03469 0.94312 1.05521 0.03250 pasd
33.29416 40.48430 -20.34928 -0.49376 0.24699 0.54944 -0.03600 sbnz
33.31188 36.80953 -12.45543 3.48628 0.31939 1.47728 -0.03450 akge
33.31470 36.15181 -11.00755 2.71949 0.29299 0.71876 -0.03450 aydi
33.40480 39.94177 -21.94524 2.31876 0.79350 1.26789 -0.05750 irma
33.60481 38.95104 -21.98531 3.41050 0.93396 0.53524 0.02450 sere
33.66823 38.04993 -17.63307 3.73948 0.47093 0.81259 -0.04050 kolu
33.70299 37.36634 -14.45625 4.02570 0.29974 0.90641 -0.06600 ayrn
33.70324 40.16272 -22.21986 2.47334 0.56727 0.65497 -0.09100 sula
33.74298 41.92954 -0.14168 2.29143 0.52291 0.66771 0.00500 inbo
33.78775 40.43878 -19.88880 1.93906 0.49892 0.32935 -0.03100 ddky
33.84295 39.08423 -20.80364 3.38646 1.41650 1.13307 0.01650 uzun
34.04319 38.04698 -17.87823 4.58194 0.49858 0.57224 -0.02350 alhk
34.25722 37.37681 -13.43556 6.40191 0.29081 1.83459 -0.06900 ksry
34.29633 38.57919 -18.15098 4.97785 0.24412 0.97085 -0.03750 krkv
34.40789 39.57422 -20.30495 4.83121 0.36792 0.65219 -0.07650 cice
34.45846 40.43943 -20.72589 3.70658 0.18069 0.26364 -0.04800 ugrl
34.47745 37.78253 -15.85481 5.96084 0.35905 0.68835 -0.03000 slky
34.68751 39.30282 -20.90932 4.29996 1.21026 1.69733 -0.01150 kaha
34.71117 38.71245 -20.55082 5.90094 0.96247 0.93315 -0.03500 slsr
34.73172 38.00031 -16.21441 5.18297 0.40342 1.04553 -0.03700 akts
34.96381 37.77881 -14.82709 8.02093 0.20269 0.97184 -0.03000 brck
35.03164 39.52340 -21.67372 5.55839 0.82743 0.81875 -0.08700 bttl
35.10460 38.24207 -17.42129 6.76622 1.28497 1.10076 -0.05500 arap
35.26697 40.27244 -20.00011 5.15128 0.26682 0.43601 -0.05000 ortk
35.33410 39.72290 -21.09078 6.03072 0.26891 0.42285 -0.04100 sorg
35.42854 38.81759 -20.66962 6.98342 1.81860 1.39392 -0.02750 erkl
35.49842 40.07716 -19.93951 6.36308 0.31980 0.46806 -0.07000 ckrk
35.54206 38.38157 -15.55833 6.84304 0.23150 1.27194 -0.02700 ayva
35.56769 39.10219 -20.12788 7.79607 0.20230 0.56841 -0.03850 fela
35.60356 40.47108 -18.29000 5.32000 0.22000 0.24000 0.00000 gync
35.65699 39.33854 -20.03667 7.04069 0.25324 0.67412 -0.04000 atek
35.80332 39.85981 -20.79342 7.12692 0.19311 0.47252 -0.03850 dolk
35.82549 38.45513 -17.04529 8.75560 0.29013 0.99765 -0.05700 toma
35.87501 40.35499 -19.65079 7.09103 0.26264 0.79207 -0.04950 krlk
35.88127 38.87002 -17.36957 7.47199 0.24490 0.35819 -0.05800 buny
35.89635 37.77106 -14.54983 8.96698 0.23003 0.79414 -0.01850 akya
36.18838 38.65116 -16.93865 8.60625 0.52736 0.79890 -0.05950 oguz
36.31802 40.13619 -20.07081 7.96139 0.17957 0.33686 -0.03250 tspn
36.32434 39.55344 -19.19545 7.75462 0.39579 0.46482 -0.04400 akck
36.47865 39.30744 -17.59726 7.33384 0.37327 0.29657 -0.04850 ceml
36.48444 38.97103 -19.06406 8.85291 0.24705 0.53674 -0.08400 pnrb
36.52059 38.44748 -15.59713 8.70155 0.59358 0.50909 -0.04150 snck
36.58042 39.89354 -19.68062 8.69551 0.22828 0.36783 -0.03650 yldz
36.69731 37.76148 -11.63879 8.40328 0.29389 0.58904 -0.02650 suct
36.93393 38.79885 -16.41899 9.70916 0.21615 0.76434 -0.03950 yzyr
37.01054 39.43348 -18.32145 8.82918 0.26523 0.40285 -0.06200 ulas
37.05368 40.86314 -1.47392 2.17487 0.43285 1.32964 -0.05200 akks
37.47020 39.28273 -17.28023 9.44983 0.26171 0.41025 -0.00400 kvkk
37.54865 40.22128 -16.66864 8.20434 0.31715 0.25963 -0.04250 dosa
37.60708 38.48829 -15.59309 10.80537 0.25697 0.64888 -0.02050 blbn
37.86950 40.31334 -7.16988 4.79396 0.27044 0.45767 -0.04100 ikyk
38.44750 40.32760 -3.78123 2.25098 0.54179 1.79813 -0.04350 seb3
39.48226 39.79281 -9.01803 2.42928 0.66437 0.65291 -0.04150 er98
39.85349 39.59078 -9.88148 6.24192 1.51368 1.37544 -0.04450 mutu
41.77701 41.26802 -0.31075 3.78782 0.27398 0.30907 0.01000 borc
36.04640 41.06466 -4.56062 3.99900 1.10000 1.29000 0.00000 kvak
35.05390 40.80163 -15.67780 4.15747 0.70733 0.79384 -0.02500 hmmz
34.78040 40.88757 -16.47242 3.00142 0.99937 1.20599 -0.03000 ddrg
34.70730 41.02179 -12.38979 1.15179 0.83000 0.92000 0.00000 osmc
33.55770 41.20826 -3.52857 0.48672 0.66000 0.63000 0.00000 ihgz
34.27230 41.03109 -13.66468 2.73436 0.86983 1.05907 -0.03500 ortc
48.50600 33.77200 -4.60925 14.36636 1.11826 1.11273 0.00450 boru
29.84390 37.54667 -18.93976 -9.10599 0.98254 0.97909 0.01300 yslv
38.74290 40.04670 -9.10464 1.99539 1.25467 1.36834 -0.06900 aydg
38.74320 39.82044 -17.26774 10.13834 0.83743 0.57367 -0.06100 arpy
38.83600 40.13609 -3.97695 3.91148 0.54642 0.78523 -0.07600 krdk
43.38160 42.57828 -0.87222 -0.55470 0.72061 0.63526 0.00150 khur
30.74500 40.65200 -11.97702 0.96088 0.66479 0.67842 0.06950 kmal
29.63500 40.80300 -6.86246 1.07861 0.63408 0.61995 0.03550 yuhe
29.26100 40.20000 -21.91719 -1.49226 0.62646 0.62553 0.04550 cata
29.14600 40.46000 -20.89511 1.67782 0.61859 0.62017 0.03650 geml
29.11100 40.16500 -22.06775 -0.90284 0.62521 0.62907 0.04800 zeya
29.10600 40.27000 -21.63691 0.28768 0.61887 0.62065 0.03650 dtas
26.26800 43.59900 -0.50889 -1.34782 0.79792 0.77210 -0.00250 tsar
28.12100 36.21400 -10.88633 -26.56476 0.28686 0.42618 0.00000 arha
45.90800 40.20400 4.53465 8.67865 0.58216 0.66114 -0.00400 zod0
45.05500 40.30700 2.25916 8.39829 0.58997 0.74949 -0.00100 tsa0
45.68600 40.11700 3.28678 8.94048 0.60650 0.66917 -0.00800 sub0
44.52800 40.75300 2.41928 6.23116 0.56936 0.86732 -0.00450 sha0
44.71800 40.52000 2.05428 6.70375 0.67375 0.66360 -0.00600 raz0
44.55000 40.84000 2.12874 6.43722 0.53104 0.81320 -0.00350 pam0
44.59300 41.05500 2.47099 6.44772 0.52250 0.74949 -0.00300 odz0
44.65700 40.10100 1.78575 7.38866 0.59124 0.66075 -0.00300 kar0
45.09400 40.92000 2.97538 6.57605 0.58228 0.78040 -0.00500 eno0
44.67900 39.84000 4.09666 6.95548 1.08140 0.91602 -0.00100 ara4
45.64500 40.09900 3.42543 8.16132 0.65345 0.65897 0.00100 akh0
27.02400 38.21250 -21.40782 -17.99052 1.48515 1.03944 -0.03200 ykoy
26.90350 38.07650 -20.87349 -16.87950 1.71114 1.18280 -0.00100 kplc
27.18350 38.33050 -20.31861 -16.60351 1.08847 0.75496 -0.07500 gemr
48.04900 39.01300 5.56927 10.99048 0.58398 0.69575 -0.01450 mogh
48.45800 38.00000 3.91628 11.73851 0.57979 0.67912 -0.01750 hefz
49.21100 36.19600 -2.52859 9.47491 0.46121 0.47864 -0.00050 krmd
51.00000 35.49300 -1.16903 12.94248 0.50324 0.53324 0.02100 tn01
50.74500 36.14380 -3.27292 11.38142 0.32390 0.21103 0.00050 tlgn
50.04500 36.40100 -2.38586 11.12857 0.55105 0.60379 -0.00150 neya
50.63200 36.00900 -1.26026 11.28066 0.33098 0.37255 0.00100 mf13
50.54300 35.22700 -1.19781 11.87134 0.31756 0.36942 0.00050 mf06
50.74700 36.00685 -1.88790 11.28761 0.23752 0.25765 0.00750 hsgd
50.84000 35.76490 -1.47384 11.60967 0.30741 0.28010 0.00200 fopm
50.60060 35.58830 -1.68132 11.52146 0.21777 0.21996 0.00550 akht
50.93010 36.78590 -3.30688 9.82508 0.17259 0.20391 0.00700 tkbn
50.73200 36.62300 -1.55266 11.00101 0.53805 0.57255 0.00200 bond
28.41140 39.99144 -17.84003 -5.02904 1.00000 1.20000 0.00000 0082
46.03050 40.89950 3.27428 7.84814 0.74549 0.73087 -0.08300 dash
32.81200 39.66000 -26.96900 -0.19944 0.54563 0.78036 -0.04850 ayag
46.05190 37.36990 -2.34909 12.17993 0.72255 0.44419 0.00000 bnab
30.42600 37.53903 -16.48445 -6.13745 0.63450 0.71644 -0.00200 celt
26.57014 40.93244 1.63241 -2.16937 0.34000 0.36000 -0.03700 bgnt
28.72110 41.31954 1.17409 -0.45970 0.58177 1.40960 -0.00250 ynkt
28.34410 43.43615 -0.37039 -0.52148 0.30942 0.18738 0.00000 kav2
44.68800 42.30400 -0.69000 3.54000 0.75000 0.88000 -0.02200 gk12
44.67200 42.22500 -0.25000 2.99000 0.46000 0.55000 -0.08000 gk11
44.50200 41.55800 2.71000 4.56000 0.59000 0.74000 0.04100 gk04
44.46800 42.52500 0.10000 3.81000 0.59000 0.58000 -0.19800 gk14
44.41800 41.37900 2.38000 4.01000 0.51000 0.57000 -0.06200 gk03
44.32500 41.21600 2.97000 3.72000 0.56000 0.66000 0.06400 gk01
44.31000 41.27400 2.17000 4.48000 0.82000 0.99000 -0.16500 gk02
46.16200 39.12600 0.22220 13.66324 1.33000 0.86000 0.00000 kajr
36.10500 37.22700 -13.06471 6.09739 1.33000 1.32000 0.00000 pt42
36.33900 36.57700 -7.59436 7.98088 1.33000 1.31000 0.00000 pt33
43.77480 42.46077 -0.18655 1.08232 0.85000 0.87000 0.00000 erts
43.64462 42.52383 -0.37433 0.96223 0.88000 0.90000 0.00000 kvys
44.06981 42.29531 0.31112 1.31072 1.38000 1.40000 0.00000 sat2
44.26345 42.50759 0.93122 2.25576 0.84000 0.85000 0.00000 ermn
44.16839 42.70424 0.51365 1.91363 1.50000 1.54000 0.00000 hil2
44.22501 42.74177 0.37112 0.94681 0.85000 0.85000 0.00000 bugt
44.50935 42.84145 2.41879 1.58311 1.20000 1.22000 0.00000 kani
44.59759 43.08795 1.45573 1.03374 1.26000 1.30000 0.00000 tngp
44.40130 43.02614 0.44185 1.98789 1.09000 1.12000 0.00000 fdzf
44.42103 43.06797 -0.14580 0.47249 1.12000 1.15000 0.00000 frsv
44.20406 42.95967 2.45764 1.48193 1.20000 1.27000 0.00000 atam
44.25969 43.13208 0.32038 1.31488 1.14000 1.17000 0.00000 armn
43.59540 43.49573 -0.56861 0.70086 0.88000 0.88000 0.00000 naln
43.91623 42.38236 -0.08163 2.59508 0.94000 0.94000 0.00000 uo01
44.28200 43.75125 -0.56103 0.65008 0.69000 0.69000 0.00000 prtn
40.79910 44.40970 -0.86443 -0.16236 1.08000 1.08000 0.00000 23mo
39.72820 43.58730 -1.42015 1.05180 0.98000 0.98000 0.00000 23s2
44.46140 42.74240 -2.12645 2.32191 0.79000 0.95000 0.00000 krmd
43.93680 42.31540 -1.70120 3.46985 1.15000 1.25000 0.00000 kehv
43.94450 42.40620 -0.07238 1.20163 1.55000 1.82000 0.00000 hvce
43.89650 42.20540 1.05182 3.05051 0.83000 1.02000 0.00000 hetg
44.11940 42.59650 -1.81234 2.73224 0.93000 1.16000 0.00000 rook
44.00370 42.42490 -2.22731 3.98537 1.13000 1.27000 0.00000 mzgm
42.82660 44.29580 -0.77748 1.00431 0.10000 0.12000 0.00000 latz
42.67056 37.11384 -6.01414 16.16169 0.52600 0.40500 0.00000 zaxo
28.88874 41.02324 -0.79275 -0.23359 0.53000 0.57700 0.00000 yldz
25.17401 44.37551 -0.22839 -1.98209 0.32300 0.35600 0.00000 tajo
47.68958 40.95798 0.72967 6.07786 0.72600 0.68400 0.00000 qabl
25.96173 43.88628 1.01023 -1.76107 0.53900 0.65600 0.00000 giug
29.04374 37.77880 -22.01915 -12.91386 0.47700 0.64300 0.00000 dnz1
42.18800 37.32815 -5.67191 15.97506 0.84900 0.62000 0.00000 czre
27.31341 44.20513 -0.09857 -0.52498 0.17900 0.22900 0.00000 calr
38.94821 36.71004 -6.71060 13.40643 0.70600 0.85600 0.00000 akle
28.50401 41.22542 -0.53000 -0.62000 0.27000 0.43000 0.00000 kesy
28.98345 39.90656 -21.80000 -4.63000 0.16000 0.16000 0.00000 orhn
29.50895 40.06861 -21.96000 -1.24000 0.32000 0.33000 0.00000 ngl2
28.43449 40.01980 -21.16000 -5.58000 0.17000 0.18000 0.00000 mkps
28.35116 40.20222 -20.47000 -3.93000 0.19000 0.23000 0.00000 krcy
29.72709 40.44617 -20.84000 -2.56000 0.20000 0.18000 0.00000 iznk
29.11226 40.49256 -18.81000 -1.64000 0.17000 0.24000 0.00000 gmlk
30.16220 40.51655 -19.76000 -2.55000 0.21000 0.25000 0.00000 pmkv
30.31674 41.02122 -1.25000 -0.63000 0.30000 0.23000 0.00000 knrc
30.49528 40.40281 -22.70000 -3.04000 0.33000 0.25000 0.00000 trkl
30.63808 40.76619 -6.28000 0.77000 0.20000 0.39000 0.00000 hndk
30.85039 41.04780 -0.95000 -0.43000 0.21000 0.29000 0.00000 kocl
25.89381 40.23163 -15.47000 -7.23000 0.63000 0.69000 0.00000 gkcd
26.42414 41.17712 -1.14000 -1.98000 0.14000 0.17000 0.00000 meri
26.60093 41.63357 1.53000 -1.30000 0.12000 0.14000 0.00000 edrn
26.60450 39.71489 -19.59000 -9.97000 0.13000 0.15000 0.00000 dede
26.75723 41.94772 1.02000 -2.03000 0.15000 0.16000 0.00000 kcnl
26.80852 41.36121 0.59000 -2.33000 0.19000 0.21000 0.00000 krsh
27.02078 40.00651 -20.09000 -9.02000 0.60000 0.64000 0.00000 kckr
27.08363 40.64152 -11.90000 -7.25000 0.17000 0.20000 0.00000 srky
27.22919 40.44330 -18.03000 -8.52000 0.34000 0.41000 0.00000 bztp
27.29207 40.78526 -5.67000 -5.62000 0.14000 0.17000 0.00000 bulg
27.33924 37.47680 -20.05000 -24.95000 0.32000 0.37000 0.00000 baf1
27.35784 39.04925 -24.37000 -12.34000 0.14000 0.16000 0.00000 oykd
27.36997 41.93174 1.06000 -1.49000 0.13000 0.15000 0.00000 drky
27.46139 37.79027 -18.98000 -18.16000 1.48000 1.43000 0.00000 sok2
27.54598 41.30783 0.37000 -0.78000 0.81000 0.94000 0.00000 bkrs
27.57030 37.65424 -20.92000 -23.28000 0.16000 0.19000 0.00000 trzl
27.66037 37.39535 -19.81000 -23.01000 0.24000 0.27000 0.00000 slmy
27.76084 38.49260 -24.17000 -14.94000 0.21000 0.25000 0.00000 trtl
27.86105 41.45117 -0.01000 -1.93000 0.14000 0.17000 0.00000 yuva
27.91242 40.33545 -20.06000 -4.74000 0.11000 0.13000 0.00000 mrns
27.92769 38.75666 -22.37000 -9.76000 1.02000 1.16000 0.00000 gom2
28.02371 41.88897 0.18000 -0.74000 0.16000 0.18000 0.00000 igne
28.02975 38.20004 -22.82000 -13.98000 0.12000 0.14000 0.00000 odms
28.09184 37.34917 -19.81000 -21.48000 0.20000 0.23000 0.00000 kctp
28.14316 39.38293 -23.08000 -5.43000 0.69000 0.77000 0.00000 bgdc
28.15749 41.24893 0.14000 -1.82000 0.29000 0.34000 0.00000 crky
28.20095 37.78060 -22.24000 -19.09000 0.10000 0.12000 0.00000 ynpz
28.22013 38.98418 -24.29000 -9.19000 0.17000 0.20000 0.00000 krog
28.22466 38.53942 -24.37000 -12.06000 0.25000 0.28000 0.00000 drsl
28.32898 36.89665 -16.85000 -24.42000 0.27000 0.32000 0.00000 bldg
28.39800 36.83689 -16.02000 -22.64000 0.26000 0.27000 0.00000 aksz
28.48471 38.74628 -24.07000 -9.37000 0.17000 0.21000 0.00000 brlu
28.50623 39.37055 -22.84000 -6.99000 0.13000 0.16000 0.00000 bdgi
28.54848 37.87352 -22.63000 -16.90000 0.20000 0.23000 0.00000 astp
28.74456 37.31867 -19.12000 -16.96000 0.18000 0.22000 0.00000 dmcl
28.85396 39.74877 -21.95000 -5.10000 1.02000 1.09000 0.00000 bepi
28.88591 37.80418 -23.48000 -14.52000 1.47000 1.52000 0.00000 bab2
29.04498 38.73116 -23.11000 -7.56000 0.18000 0.20000 0.00000 koca
29.27812 40.66190 -15.25000 2.89000 1.14000 1.63000 0.00000 ylvb
29.41775 36.98351 -16.91000 -12.54000 0.25000 0.28000 0.00000 ibck
29.42032 38.63551 -24.00000 -9.11000 0.12000 0.13000 0.00000 ddtp
29.53799 39.75009 -21.46000 -4.47000 0.77000 0.81000 0.00000 cita
29.65154 36.49490 -12.23000 -10.43000 0.17000 0.18000 0.00000 snbl
29.81769 37.28464 -17.93000 -10.21000 0.15000 0.17000 0.00000 hyky
29.82330 39.16571 -22.44000 -4.78000 0.20000 0.22000 0.00000 bzrg
29.95589 36.26218 -9.72000 -7.68000 0.18000 0.19000 0.00000 grss
30.09592 36.49080 -11.22000 -8.00000 0.22000 0.25000 0.00000 bgbl
30.09845 37.49403 -18.94000 -9.27000 0.13000 0.14000 0.00000 kozu
30.11960 39.06288 -23.70000 -5.40000 0.12000 0.15000 0.00000 altn
30.22679 38.83159 -22.41000 -5.68000 0.15000 0.17000 0.00000 akor
30.32530 39.84484 -22.91000 -3.28000 0.18000 0.21000 0.00000 ckhs
30.74541 38.99971 -22.08000 -3.71000 0.24000 0.29000 0.00000 alyt
30.85305 37.87621 -19.14000 -5.76000 0.21000 0.25000 0.00000 egdr
30.89875 40.66319 -17.18000 -1.92000 0.15000 0.17000 0.00000 dkmn
30.94008 37.13367 -14.97000 -4.99000 0.35000 0.39000 0.00000 cmky
30.98442 38.32592 -20.43000 -4.31000 0.16000 0.19000 0.00000 kmdl
31.04205 39.86137 -23.25000 -2.99000 0.19000 0.23000 0.00000 akba
31.10426 36.90380 -12.99000 -5.13000 0.15000 0.17000 0.00000 serk
31.12070 38.97315 -21.85000 -2.36000 0.20000 0.23000 0.00000 emrd
31.16259 39.20068 -23.95000 -1.80000 0.11000 0.13000 0.00000 ysuf
31.19416 37.16913 -15.38000 -4.74000 0.23000 0.24000 0.00000 bskn
31.19790 41.04456 -1.19000 1.79000 0.24000 0.33000 0.00000 akko
31.39024 36.76774 -12.48000 -3.48000 0.13000 0.14000 0.00000 selm
31.41678 41.20058 -0.57000 1.71000 0.22000 0.27000 0.00000 alap
31.45656 39.84719 -23.14000 -1.77000 0.19000 0.23000 0.00000 mihh
31.47852 40.57981 -19.78000 0.36000 0.16000 0.18000 0.00000 ardc
31.65406 40.65433 -18.97000 0.96000 0.42000 0.49000 0.00000 sebn
31.68918 39.14103 -22.46000 -2.43000 0.13000 0.15000 0.00000 cltk
31.80971 38.47826 -21.18000 -1.54000 0.20000 0.24000 0.00000 kndl
31.83452 40.40026 -21.75000 -0.67000 0.16000 0.19000 0.00000 kibr
31.83902 40.00534 -24.52000 -1.87000 0.19000 0.23000 0.00000 krb1
31.84453 40.93273 -4.80000 1.00000 0.27000 0.32000 0.00000 elmn
31.86587 37.30388 -15.40000 -1.88000 0.20000 0.22000 0.00000 mdnl
31.90349 41.18092 -1.12000 2.12000 0.16000 0.20000 0.00000 devr
31.94039 40.82092 -8.79000 0.63000 0.19000 0.24000 0.00000 post
31.95609 40.25569 -22.92000 -1.26000 0.12000 0.14000 0.00000 teke
31.96870 37.91396 -17.65000 -1.57000 0.19000 0.23000 0.00000 drbn
32.02208 39.77011 -24.82000 -0.64000 0.13000 0.14000 0.00000 pltl
32.06052 41.09843 -2.73000 1.57000 0.18000 0.23000 0.00000 dvlg
32.07098 40.86334 -7.85000 0.84000 0.14000 0.18000 0.00000 ktas
32.08170 38.08532 -17.83000 -1.74000 0.31000 0.37000 0.00000 kzlu
32.16739 41.27736 -0.76000 1.37000 0.15000 0.18000 0.00000 boda
32.26119 41.10515 -2.40000 1.09000 0.14000 0.17000 0.00000 cmyn
32.26279 40.84982 -8.51000 -0.55000 0.76000 0.89000 0.00000 nld2
32.27556 38.50668 -20.51000 -0.70000 0.16000 0.19000 0.00000 klks
32.27773 36.73172 -12.96000 -1.09000 0.60000 0.65000 0.00000 cmal
32.28137 39.63274 -23.08000 -2.14000 0.52000 0.58000 0.00000 kucu
32.30488 41.14349 -1.97000 0.87000 0.13000 0.16000 0.00000 hsrk
32.32084 37.59578 -16.43000 -0.44000 0.19000 0.23000 0.00000 htsr
32.34466 38.90569 -22.05000 -0.28000 0.11000 0.13000 0.00000 slkl
32.37415 41.68975 -0.64000 0.09000 0.95000 1.13000 0.00000 bart
32.39168 41.74432 -0.90000 1.08000 0.32000 0.38000 0.00000 ams2
32.41891 40.92718 -6.54000 -0.15000 0.13000 0.16000 0.00000 imci
32.42311 40.50455 -21.08000 -1.83000 0.11000 0.12000 0.00000 caml
32.43535 40.72294 -16.85000 -1.63000 0.13000 0.16000 0.00000 kvck
32.45410 41.08853 -3.15000 -0.03000 0.13000 0.15000 0.00000 kltp
32.53271 41.52093 1.31000 2.94000 0.16000 0.19000 0.00000 ulus
32.60457 40.65967 -20.11000 -2.04000 0.31000 0.38000 0.00000 kvbs
32.60985 37.32610 -14.57000 0.26000 0.18000 0.21000 0.00000 dnek
32.67277 40.92572 -7.35000 -2.51000 0.17000 0.21000 0.00000 kite
32.67583 37.03157 -13.35000 0.74000 0.23000 0.27000 0.00000 bdml
32.68600 40.76621 -18.26000 -1.21000 0.13000 0.15000 0.00000 krts
32.69392 41.31073 -1.28000 0.94000 0.12000 0.15000 0.00000 safr
32.71298 39.12965 -22.76000 1.03000 0.21000 0.25000 0.00000 buru
32.72992 37.95239 -17.61000 -0.23000 0.20000 0.22000 0.00000 sutc
32.87380 41.30340 -2.09000 1.64000 0.29000 0.36000 0.00000 alrn
32.87600 41.07786 -3.71000 -0.09000 0.18000 0.22000 0.00000 krac
32.92189 41.86401 0.04000 2.43000 0.33000 0.42000 0.00000 cide
32.94027 36.09618 -9.62000 1.75000 0.28000 0.30000 0.00000 boz2
33.00649 36.90300 -12.52000 1.98000 0.21000 0.24000 0.00000 bayk
33.03202 40.83425 -16.18000 -0.11000 0.22000 0.26000 0.00000 atka
33.17143 39.49883 -22.72000 3.14000 0.21000 0.24000 0.00000 bala
33.17982 41.46740 -1.44000 -0.71000 0.37000 0.46000 0.00000 sela
33.22837 37.09142 -14.04000 2.12000 0.14000 0.17000 0.00000 okzy
33.27633 37.90478 -16.96000 2.80000 0.47000 0.50000 0.00000 bsgl
33.28395 38.19820 -18.60000 1.78000 0.18000 0.20000 0.00000 oklv
33.28397 41.66508 0.11000 1.74000 0.13000 0.16000 0.00000 azda
33.30667 41.24833 -2.36000 1.00000 0.17000 0.19000 0.00000 arac
33.38340 40.74360 -17.08000 0.76000 0.41000 0.52000 0.00000 hchs
33.39477 36.32001 -11.93000 2.64000 0.20000 0.22000 0.00000 glnr
33.42107 41.99898 0.23000 1.90000 0.12000 0.14000 0.00000 dgyt
33.46464 36.65123 -12.11000 2.06000 0.15000 0.17000 0.00000 kelc
33.59352 37.72483 -15.41000 6.87000 0.16000 0.18000 0.00000 krpn
33.62159 39.63064 -20.41000 2.28000 0.20000 0.25000 0.00000 cal1
33.62856 36.56355 -12.90000 3.00000 0.20000 0.23000 0.00000 sari
33.62978 36.18831 -11.35000 2.68000 0.23000 0.26000 0.00000 ovac
33.64486 41.80540 0.30000 1.62000 0.16000 0.19000 0.00000 kure
33.66776 40.90451 -15.51000 0.92000 0.31000 0.35000 0.00000 ilgz
33.69401 37.10246 -13.91000 3.51000 0.17000 0.19000 0.00000 pnky
33.70732 39.34718 -22.05000 2.98000 0.17000 0.21000 0.00000 kama
33.81183 41.42894 -1.30000 2.04000 0.14000 0.16000 0.00000 kast
33.81797 41.66898 -0.95000 1.78000 0.25000 0.30000 0.00000 dvkn
33.83597 36.28148 -9.86000 3.24000 0.33000 0.36000 0.00000 tscu
33.83614 38.41151 -18.37000 4.45000 0.20000 0.24000 0.00000 achy
33.84056 36.83808 -12.71000 4.58000 0.36000 0.40000 0.00000 kiro
33.95377 40.70048 -19.46000 2.09000 0.21000 0.25000 0.00000 ikon
33.97706 41.28587 -3.20000 1.54000 0.15000 0.18000 0.00000 akky
33.99056 37.78647 -16.41000 4.18000 0.21000 0.23000 0.00000 kryl
34.02752 39.54464 -21.14000 3.96000 0.21000 0.24000 0.00000 yaku
34.05538 41.07235 -10.69000 1.49000 0.22000 0.25000 0.00000 tosy
34.10102 38.92583 -18.78000 3.77000 0.17000 0.21000 0.00000 orta
34.13075 39.31179 -20.41000 4.22000 0.15000 0.19000 0.00000 cogu
34.13937 40.31680 -19.95000 1.94000 0.36000 0.45000 0.00000 tkll
34.17272 39.07389 -19.56000 4.15000 0.20000 0.24000 0.00000 igde
34.19283 41.59120 -0.31000 2.05000 0.24000 0.28000 0.00000 task
34.20212 40.89542 -14.60000 -0.05000 0.25000 0.31000 0.00000 dgct
34.22217 36.52944 -11.83000 4.07000 0.25000 0.27000 0.00000 trtr
34.25604 37.51700 -15.14000 4.22000 0.20000 0.22000 0.00000 bozd
34.29382 37.03177 -13.44000 4.29000 0.30000 0.35000 0.00000 ars1
34.32620 41.93694 -0.23000 2.67000 0.15000 0.17000 0.00000 turk
34.35056 38.28563 -17.44000 4.35000 0.19000 0.22000 0.00000 guzy
34.36371 41.24358 -3.62000 2.10000 0.26000 0.31000 0.00000 bsko
34.42837 39.88156 -19.95000 5.69000 0.35000 0.41000 0.00000 sgty
34.44844 41.06830 -11.71000 1.27000 0.24000 0.28000 0.00000 karg
34.45853 40.72319 -17.33000 2.06000 0.17000 0.21000 0.00000 iskl
34.54140 41.87543 -0.18000 0.89000 0.19000 0.22000 0.00000 ayan
34.56769 38.93013 -18.71000 5.27000 0.19000 0.22000 0.00000 haci
34.74280 38.41344 -17.62000 5.67000 0.18000 0.20000 0.00000 derk
34.87999 41.66760 -0.20000 0.96000 0.23000 0.26000 0.00000 hdrl
34.91580 40.77350 -12.78000 3.17000 0.46000 0.58000 0.00000 lcin
34.92742 41.12599 -8.92000 3.07000 0.24000 0.31000 0.00000 kaml
35.00667 39.96485 -21.13000 5.50000 0.30000 0.37000 0.00000 drci
35.08672 38.90348 -19.57000 5.65000 0.16000 0.18000 0.00000 himm
35.11668 41.39503 -2.52000 1.09000 0.22000 0.25000 0.00000 drgn
35.19406 38.57064 -18.46000 5.84000 0.19000 0.21000 0.00000 subs
35.39182 39.44733 -18.46000 4.53000 0.12000 0.14000 0.00000 kapi
35.41015 38.07273 -16.72000 6.10000 0.26000 0.30000 0.00000 yahy
35.41835 41.68174 -0.70000 1.17000 0.18000 0.21000 0.00000 yken
35.46162 41.17573 -4.44000 2.01000 0.21000 0.24000 0.00000 vezk
35.53742 37.14078 -13.80000 7.77000 0.76000 0.93000 0.00000 src1
35.55487 38.66535 -17.46000 8.04000 0.30000 0.38000 0.00000 alid
35.70486 41.30833 -2.41000 2.47000 0.34000 0.44000 0.00000 kllk
35.78882 39.67478 -20.73000 6.77000 0.23000 0.27000 0.00000 olkz
35.82071 40.15785 -19.90000 7.29000 0.17000 0.20000 0.00000 yltp
35.82141 38.20550 -16.25000 7.58000 0.28000 0.31000 0.00000 baki
35.84499 41.59381 -1.36000 1.38000 0.18000 0.22000 0.00000 kscu
35.93183 39.44119 -19.39000 7.09000 0.33000 0.39000 0.00000 szir
35.98920 41.09312 -2.50000 2.21000 0.19000 0.23000 0.00000 kavk
36.19615 39.81666 -20.17000 7.62000 0.18000 0.22000 0.00000 yavu
36.28866 40.76076 -9.01000 2.12000 0.36000 0.45000 0.00000 cayy
36.51819 38.05689 -14.32000 8.17000 0.19000 0.21000 0.00000 ortp
36.63746 40.93667 -1.55000 2.27000 0.19000 0.22000 0.00000 ayck
36.66916 41.22045 -0.82000 1.72000 0.22000 0.27000 0.00000 crsb
36.77261 40.03740 -19.44000 8.95000 0.19000 0.23000 0.00000 crcr
36.82635 39.52331 -19.39000 8.06000 0.21000 0.25000 0.00000 srdm
36.84521 38.09242 -14.81000 9.26000 0.22000 0.25000 0.00000 crdk
36.90376 39.20246 -17.33000 8.79000 0.15000 0.17000 0.00000 kurk
36.91442 38.42548 -15.26000 8.55000 0.24000 0.26000 0.00000 tanr
36.99748 40.61848 -4.55000 4.73000 0.18000 0.20000 0.00000 niks
37.09462 40.05325 -18.28000 8.87000 0.20000 0.25000 0.00000 ocik
37.16111 37.41711 -8.63000 10.62000 0.24000 0.26000 0.00000 narl
37.21144 39.02873 -17.08000 8.76000 0.21000 0.25000 0.00000 avsr
37.33545 41.11403 -2.54000 2.62000 0.21000 0.25000 0.00000 unye
37.42334 37.96869 -13.00000 9.31000 0.28000 0.32000 0.00000 nrhk
37.55638 39.84854 -20.16000 10.27000 0.16000 0.17000 0.00000 cano
37.61474 40.62802 -3.57000 2.82000 0.19000 0.21000 0.00000 golk
37.62619 37.30794 -7.85000 12.95000 0.24000 0.26000 0.00000 yvze
37.72774 40.05230 -17.53000 7.94000 0.23000 0.30000 0.00000 krbl
37.84115 40.48013 -3.93000 3.45000 0.22000 0.27000 0.00000 ygkc
37.89416 40.95034 -1.33000 3.18000 0.30000 0.35000 0.00000 ordu
37.91246 38.80837 -16.07000 10.56000 0.17000 0.19000 0.00000 heki
38.00913 36.83305 -6.67000 12.74000 0.20000 0.22000 0.00000 kark
38.09584 40.72826 -1.11000 2.69000 0.18000 0.21000 0.00000 kovl
38.10411 39.85425 -17.69000 8.54000 0.16000 0.17000 0.00000 durc
38.24470 38.97364 -15.81000 9.89000 0.17000 0.19000 0.00000 goce
38.30148 38.04802 -12.23000 12.61000 0.15000 0.17000 0.00000 celi
38.34906 40.50950 -2.12000 3.25000 0.20000 0.22000 0.00000 tamd
38.35478 36.91105 -7.78000 13.45000 0.19000 0.20000 0.00000 murs
38.39381 38.35850 -15.01000 10.46000 0.13000 0.15000 0.00000 mala
38.39950 37.17774 -7.19000 13.42000 0.20000 0.22000 0.00000 akma
38.42659 40.90173 -0.49000 2.64000 0.25000 0.29000 0.00000 gire
38.46055 40.73581 -1.22000 2.09000 0.16000 0.20000 0.00000 dere
38.48606 37.55641 -8.81000 15.25000 0.13000 0.14000 0.00000 ybag
38.56945 37.33301 -7.94000 14.04000 0.34000 0.42000 0.00000 kpln
38.59138 39.14661 -15.92000 10.09000 0.21000 0.24000 0.00000 dutc
38.69690 38.80471 -15.65000 10.90000 0.38000 0.40000 0.00000 keba
38.79868 40.34507 -2.13000 4.00000 0.26000 0.29000 0.00000 aluc
38.80220 40.99921 -0.64000 2.68000 0.36000 0.44000 0.00000 trbl
38.80593 38.40672 -15.49000 11.60000 0.14000 0.16000 0.00000 gule
38.84852 37.16559 -8.77000 13.85000 0.16000 0.17000 0.00000 urfa
38.90435 36.70598 -8.27000 14.08000 0.18000 0.20000 0.00000 akkl
38.97844 39.74535 -14.74000 7.13000 0.25000 0.31000 0.00000 kema
38.99084 40.74244 -0.65000 2.86000 0.23000 0.27000 0.00000 gnyz
39.03192 37.55216 -8.77000 14.50000 0.12000 0.14000 0.00000 arpa
39.29927 38.20676 -8.08000 10.74000 0.18000 0.20000 0.00000 cung
39.31395 40.55070 -0.65000 2.53000 0.19000 0.22000 0.00000 torl
39.33766 37.22071 -7.92000 14.47000 0.15000 0.16000 0.00000 dagy
39.35158 41.06480 -0.70000 2.21000 0.21000 0.24000 0.00000 klky
39.61472 40.83748 -0.56000 1.59000 0.26000 0.31000 0.00000 mack
39.73792 39.97180 -2.06000 3.14000 0.32000 0.41000 0.00000 camr
39.79415 40.19915 -1.78000 3.54000 0.40000 0.52000 0.00000 orns
39.81722 39.17894 -15.10000 9.10000 0.13000 0.14000 0.00000 nzmy
39.83498 37.52620 -8.49000 12.34000 0.20000 0.21000 0.00000 hisa
39.83708 40.58774 -0.07000 2.78000 0.27000 0.32000 0.00000 ygdr
40.02847 36.87363 -6.79000 13.93000 0.17000 0.19000 0.00000 evrp
40.15324 39.84984 -3.88000 4.15000 0.17000 0.18000 0.00000 goze
40.24447 40.93487 -0.33000 3.20000 0.23000 0.27000 0.00000 ofof
40.25837 40.45413 0.25000 2.68000 0.22000 0.25000 0.00000 cgdl
40.26902 37.34312 -7.50000 13.25000 0.16000 0.16000 0.00000 tpbg
40.29847 40.29647 -0.48000 2.71000 0.18000 0.20000 0.00000 yece
40.36456 39.32392 -11.23000 6.56000 0.17000 0.17000 0.00000 kigi
40.59663 40.74383 -0.45000 2.92000 0.33000 0.35000 0.00000 ikiz
40.83061 39.93771 -0.87000 4.33000 0.24000 0.27000 0.00000 cyky
40.87802 37.55039 -6.49000 15.35000 0.19000 0.21000 0.00000 savr
40.94287 40.89652 0.53000 2.31000 0.44000 0.54000 0.00000 mydn
40.94428 41.11387 0.20000 3.22000 0.23000 0.27000 0.00000 paza
40.96994 39.61828 -3.33000 5.43000 0.16000 0.18000 0.00000 caat
40.97632 40.24100 -0.80000 5.64000 0.35000 0.41000 0.00000 topr
41.02366 38.49139 -6.80000 14.13000 0.25000 0.27000 0.00000 kulp
41.02926 39.30056 -10.41000 11.30000 0.17000 0.17000 0.00000 krlv
41.15735 37.99127 -7.48000 15.88000 0.18000 0.20000 0.00000 batm
41.43782 37.71087 -5.57000 16.04000 0.19000 0.20000 0.00000 hskf
41.50354 38.18200 -5.57000 15.29000 0.19000 0.21000 0.00000 kzlk
41.50487 40.26683 -0.50000 3.58000 0.34000 0.45000 0.00000 tsbs
41.53858 40.96114 1.21000 2.86000 0.37000 0.41000 0.00000 sgol
41.67638 39.41181 -1.31000 7.70000 0.18000 0.20000 0.00000 katl
41.68113 39.98204 0.57000 5.57000 0.23000 0.27000 0.00000 pasi
41.84292 37.34966 -6.24000 14.14000 0.36000 0.40000 0.00000 idil
41.86556 40.33210 0.94000 4.66000 0.23000 0.26000 0.00000 narm
42.02248 39.78806 -2.41000 11.23000 0.71000 0.87000 0.00000 ctlr
42.14155 39.33867 -1.38000 9.19000 0.21000 0.24000 0.00000 krcb
42.18670 37.76101 -5.93000 16.07000 0.23000 0.26000 0.00000 eruh
42.22241 41.28165 0.12000 3.86000 0.25000 0.30000 0.00000 savs
42.27931 40.24662 2.19000 6.57000 0.20000 0.24000 0.00000 krug
42.31403 39.06658 -2.45000 11.30000 0.60000 0.67000 0.00000 blnk
42.35008 40.56137 1.18000 2.84000 0.35000 0.39000 0.00000 snky
42.39778 37.23156 -6.74000 16.50000 0.20000 0.22000 0.00000 slop
42.48981 41.28602 1.50000 3.82000 0.93000 1.16000 0.00000 akoy
42.66919 40.34834 2.91000 4.09000 0.28000 0.37000 0.00000 skm1
42.73492 41.47965 0.00000 3.75000 0.22000 0.24000 0.00000 poso
42.76723 39.55410 -0.57000 10.77000 0.41000 0.49000 0.00000 tutk
42.81071 41.39411 -0.11000 3.61000 0.43000 0.44000 0.00000 sytr
42.95375 41.20127 0.43000 3.57000 0.71000 0.89000 0.00000 bork
43.13980 41.08865 0.36000 4.82000 0.22000 0.27000 0.00000 cild
43.16953 40.68534 1.32000 5.66000 0.12000 0.14000 0.00000 karh
43.18629 41.29482 0.24000 4.76000 0.44000 0.48000 0.00000 acil
43.34671 40.86220 0.78000 5.99000 0.23000 0.27000 0.00000 arpc
43.41679 40.37823 1.04000 6.50000 0.37000 0.47000 0.00000 digo
43.58468 37.26364 -4.53000 16.50000 0.48000 0.36000 0.00000 ckrc
43.63264 40.74238 1.43000 5.60000 0.21000 0.24000 0.00000 akyk
43.66118 40.08017 2.60000 6.45000 0.33000 0.43000 0.00000 tzlc
35.16600 41.14600 -8.75756 4.12688 1.01000 1.20000 0.00000 gol1
36.48550 40.61685 -16.83052 5.35410 0.39000 0.46000 -0.09500 kzlu
36.75210 40.47568 -14.06456 7.29940 0.45000 0.54000 -0.09700 gkde
36.76960 40.68015 -5.42125 3.68049 0.41000 0.48000 -0.09000 pbyl
36.80420 40.55662 -13.16673 5.79065 0.48000 0.57000 -0.10300 taln
36.91200 40.44700 -19.59266 6.65318 0.97000 1.28000 -0.08800 atky
37.00100 40.68500 -5.12975 4.63462 0.45000 0.55000 -0.08800 ozdm
37.26450 40.54708 -8.73375 5.75192 0.41000 0.48000 -0.09000 brkt
37.39420 39.92074 -20.90283 6.53357 0.45000 0.54000 -0.09000 ksdr
37.60350 40.77822 -1.76849 1.98762 0.26000 0.24000 -0.02700 gure
37.77050 40.46280 -4.09820 5.56146 0.46000 0.54000 -0.06700 msdy
38.12070 39.88208 -12.96754 8.06924 0.55000 0.69000 -0.10800 imrn
39.34900 39.76222 -13.17551 3.98465 0.61000 0.77000 -0.07800 bhcl
39.36080 39.90250 -3.84835 -0.64528 0.52000 0.64000 -0.09000 ahmd
39.49390 39.65193 -15.18959 5.96743 0.82000 1.07000 -0.05500 bnkc
39.59300 39.73282 -10.12208 3.98896 0.57000 0.73000 -0.09800 eksu
39.72450 39.58224 -11.78715 10.18267 0.54000 0.67000 -0.08400 clyn
40.07860 39.85207 -5.31293 3.35959 0.52000 0.65000 -0.08600 cyrl
42.78700 44.01100 -0.77801 1.13598 0.85000 0.85000 -0.00700 beug
42.19500 43.34900 -1.10541 -0.27349 0.85000 0.83000 -0.00600 ulka
40.27200 43.68100 1.04403 -1.27335 1.68000 1.41000 0.00600 krpo
25.37900 37.44900 -18.54984 -26.14038 0.20000 0.20000 0.00000 mkn2
29.58600 36.15000 -11.13441 -12.79896 0.80000 1.00000 0.00000 kszo
25.47300 40.47600 -2.09002 -3.23911 0.20000 0.30000 0.00000 smtz
27.13100 36.61100 -10.93972 -26.82319 0.20000 0.10000 0.00000 nisi
25.18400 43.58000 0.05827 0.36208 0.90000 0.80000 0.00000 tata
27.94800 42.10200 -2.12466 -1.31158 1.40000 1.20000 0.00000 ahtg
44.57500 39.88100 2.27167 6.42482 1.40000 1.30000 0.04400 kho0
26.65800 38.22900 -20.44879 -19.02265 1.24000 1.35000 -0.01300 yaci
26.94700 38.09200 -21.35914 -16.40676 1.14000 1.19000 -0.02300 urkm
26.78100 38.26500 -21.48150 -19.30927 1.10000 1.16000 -0.03300 turg
26.99600 38.26700 -22.78092 -15.36661 1.17000 1.25000 -0.00200 traz
26.59900 38.18300 -19.17755 -17.91283 1.34000 1.42000 -0.00800 kokr
27.11700 38.29600 -19.34163 -15.91423 1.23000 1.31000 -0.01600 gorc
27.08400 38.15600 -21.71085 -15.09434 1.08000 1.12000 -0.03500 esen
26.86700 38.17400 -21.36935 -15.66801 1.15000 1.22000 -0.03200 aske
27.91000 40.09000 -20.91628 -5.38870 1.00000 1.00000 0.00000 0092
28.09000 39.92000 -20.84006 -5.00311 1.00000 1.00000 0.00000 0089
28.14000 39.23000 -23.21858 -7.60594 1.00000 1.00000 0.00000 0088
28.24000 38.03000 -20.65284 -11.91461 1.00000 1.00000 0.00000 0087
30.52000 40.35000 -17.55232 -5.69653 1.00000 1.00000 0.00000 0040
30.96000 40.60000 -12.43659 -1.93086 1.00000 1.00000 0.00000 0026
31.67000 40.55000 -16.76156 -5.18709 1.00000 1.00000 0.00000 0014
31.68000 40.83000 -6.73084 -0.08805 1.50000 2.00000 0.00000 0013
45.41800 41.11200 1.68889 8.58410 0.70000 0.80000 -0.11000 aqst
45.46600 41.31600 1.00983 8.28141 1.10000 1.40000 -0.10000 salo
45.69700 40.87300 2.96596 8.76888 0.90000 1.20000 -0.09000 magm
46.31400 40.70800 4.25112 10.03685 0.90000 1.20000 -0.13000 shim
46.50200 41.55900 -0.36316 6.42707 1.40000 1.70000 0.01000 mamk
46.53400 40.79600 1.25989 9.12628 1.00000 1.00000 -0.04000 kaha
47.06800 40.57000 3.83955 6.79879 0.90000 1.20000 -0.10000 sama
47.66800 40.48500 3.13099 5.06778 0.90000 1.20000 -0.08000 ucar
47.72900 40.98000 -1.51999 4.26319 1.00000 1.20000 -0.06000 ulud
47.74200 39.73600 4.65608 11.16327 1.40000 1.80000 -0.01000 sult
47.93100 40.39100 1.22140 9.35354 1.40000 1.80000 -0.06000 teze
48.12500 39.71300 2.75389 13.44385 1.20000 1.80000 -0.08000 abis
48.25300 40.40100 2.42355 12.63772 1.40000 2.00000 0.04000 quru
48.29500 39.94200 3.37704 12.83501 1.20000 1.70000 -0.09000 101k
48.37800 41.57400 -1.75931 4.82957 1.10000 1.70000 0.09000 yukh
48.39800 39.27600 4.01015 14.63071 1.20000 1.50000 -0.05000 karo
48.52800 39.74400 4.25762 10.62360 1.40000 1.70000 -0.09000 yast
48.53500 38.76700 5.26022 15.02264 1.40000 1.70000 -0.07000 almu
48.59000 38.57200 2.34187 13.42002 1.50000 1.70000 -0.06000 hamu
48.61300 39.11300 4.79489 12.11918 1.20000 1.50000 -0.12000 pris
48.66200 39.50300 5.03376 12.81651 1.00000 1.30000 -0.06000 shix
48.74900 38.92600 7.07608 16.11311 1.20000 1.50000 -0.12000 shat
48.84800 39.05700 3.08957 12.80679 1.20000 1.70000 -0.09000 qizi
48.85900 38.69600 4.35341 13.50587 1.50000 1.90000 -0.06000 tuta
48.87600 41.47100 -1.16831 3.20298 1.10000 1.70000 0.20000 aziz
48.95400 40.57500 3.44064 1.80052 1.50000 1.70000 0.00000 qinj
48.97000 40.07400 3.29128 3.89963 1.40000 1.60000 -0.01000 gour
49.11000 39.51200 -1.26474 6.69360 0.90000 1.10000 -0.02000 duro
49.84700 40.41800 1.42549 1.45374 0.40000 0.40000 -0.12000 komi
36.08200 37.97700 -11.39612 7.91717 0.30000 0.40000 -0.12900 saim
31.03500 38.69300 -18.10834 -2.68557 0.60000 0.70000 -0.05300 blvd
38.92200 39.05900 -18.19797 12.78939 0.83000 0.98000 -0.08900 dbas
39.95700 39.53800 -11.84466 2.99793 1.52000 1.88000 -0.07500 ktas
40.10500 38.94900 -16.48042 6.32673 0.62000 0.67000 -0.04300 klky
26.72200 38.47200 -16.55945 -22.01945 0.60000 0.80000 -0.14000 uada
26.92600 38.31700 -17.48530 -12.96883 0.70000 0.80000 -0.06000 paym
27.44300 38.28000 -19.24984 -15.44621 0.60000 0.80000 -0.14000 kklr
26.83000 38.13700 -21.57222 -28.49212 0.80000 0.90000 -0.11000 dbey
27.56600 37.69500 -19.66040 -21.81581 0.20000 0.20000 -0.06000 avci
47.01460 35.25520 -3.30000 14.00000 0.37000 0.35000 0.00100 sndj
50.46860 34.48420 -1.62000 13.04000 0.10000 0.09000 0.02000 salf
46.31120 36.22110 -2.44000 15.00000 0.16000 0.23000 0.00400 sagz
47.12470 34.35610 -1.01000 10.44000 1.17000 0.50000 0.00000 kmsh
46.39740 33.58870 -3.55000 16.78000 0.10000 0.10000 0.01600 illm
45.06000 37.62000 -1.49992 16.46220 0.40000 0.30000 0.00000 oryh
47.14300 40.19000 1.44000 10.89000 1.20000 1.25000 -0.01100 ayaq
47.14600 40.62600 -0.25000 4.38000 0.98000 1.01000 -0.01100 yevl
47.28600 40.58000 3.86000 10.50000 1.50000 1.50000 0.00200 mlay
47.64700 40.80000 2.14000 9.84000 1.09000 1.14000 -0.01100 qurd
49.44600 40.20300 5.95000 0.45000 1.06000 1.09000 0.01800 sang
25.53820 42.29828 -0.04360 -0.25593 0.33000 0.35000 -0.03000 arna
27.90726 38.41491 -22.72054 -14.02294 0.57000 0.57000 -0.00000 trgt
33.70560 41.63491 -1.18664 1.31463 0.57000 0.61000 -0.02000 slgm
33.75900 41.32204 -2.90667 1.52350 0.41000 0.45000 -0.00000 kumr
33.78640 41.21663 -4.27667 1.12962 0.60000 0.65000 -0.02000 kayi
34.88060 41.26388 -4.51447 1.52992 0.62000 0.67000 -0.06000 yayl
35.36680 37.06246 -12.81587 6.30287 0.31000 0.31000 0.01000 ckvt
35.73050 33.80212 -4.75181 8.29011 1.41000 1.42000 -0.01000 hmna
35.80850 35.52344 -7.04507 10.10823 0.59000 0.60000 0.00000 tuab
36.23450 33.85952 -4.97057 11.48544 0.74000 0.75000 -0.03000 tfel
36.52260 37.27899 -9.77261 8.04995 0.48000 0.48000 0.00000 dzct
36.70750 34.71333 -4.70874 12.36560 0.59000 0.88000 0.00000 busf
36.80660 37.41434 -10.65918 9.63442 0.47000 0.56000 0.00000 trkt
39.19770 38.68740 -16.63520 10.46844 0.51000 0.48000 0.01000 elzt
39.46100 38.12175 -8.16397 14.50085 0.32000 0.32000 0.01000 crmt
42.75530 41.12601 0.26994 5.00450 0.36000 0.39000 0.01000 ardn
43.03700 42.37697 -0.93648 -1.58430 0.61000 0.93000 -0.03000 gr05
43.29560 41.77900 0.54572 2.82139 0.34000 0.36000 -0.00000 bjmi
43.32070 41.45798 1.22728 2.04113 0.64000 0.70000 -0.00000 gj02
43.86400 41.46125 -2.13459 1.43301 0.66000 0.73000 0.00000 gj08
29.14526 40.90880 -1.50450 0.70114 0.20000 0.66000 -0.01900 drgt
26.60410 44.04790 -0.46965 -0.90861 0.20000 0.22000 0.00000 tutr
27.40750 43.74580 0.53095 0.38468 0.25000 0.35000 0.00000 terv
25.68360 42.42800 0.53533 -1.23237 0.17000 0.22000 0.00000 stza
27.18210 42.34600 0.01506 -1.02624 0.23000 0.24000 0.00000 sred
26.34120 42.67340 -0.06562 -0.42968 0.17000 0.19000 0.00000 sliv
27.26810 44.12090 -0.37007 -0.72589 0.13000 0.17000 0.00000 sili
27.89670 42.95820 -0.16693 -0.72331 0.13000 0.14000 0.00000 shco
25.94940 43.84930 -0.26885 -0.13129 0.15000 0.26000 0.00000 rus1
27.75310 42.26640 -0.06488 -1.02390 0.12000 0.16000 0.00000 prim
26.22230 43.34840 -0.56752 -0.83017 0.21000 0.31000 0.00000 popo
25.38460 41.64670 -1.36227 -1.93359 0.17000 0.20000 0.00000 kar2
26.83090 43.72140 -0.16880 -0.32768 0.21000 0.20000 0.00000 ispe
25.56170 41.93100 -0.16317 -1.03287 0.16000 0.20000 0.00000 hsko
26.58320 42.17700 -1.46426 -0.72869 0.30000 0.32000 0.00000 elh1
25.90040 42.93050 -0.36620 -0.53149 0.17000 0.25000 0.00000 elen
27.83800 43.55850 -0.06864 -0.42355 0.13000 0.15000 0.00000 dobr
25.67200 43.46870 0.03234 -1.23242 0.14000 0.16000 0.00000 biar
25.12470 43.64810 -0.36795 -1.23465 0.16000 0.18000 0.00000 bele
27.24880 42.69960 -0.26599 -0.82597 0.16000 0.21000 0.00000 aito
26.78533 42.10413 -0.19917 -1.37603 0.40000 0.40000 0.00000 mama
28.37337 43.41348 0.18861 -1.05673 0.40000 0.40000 0.00000 kava
