85.54246 38.09851 -0.72265 10.76925 -0.92504 0.33414 0.43195 0.49383 0.01200 0.00000 0.00000 JB46
88.17338 39.02253 1.40262 8.96279 -0.88408 0.55249 0.36720 0.74021 0.00600 0.00000 0.00000 I034
87.61025 43.80687 2.50924 7.44898 0.97466 0.18745 0.38826 0.34734 -0.00610 0.00000 0.00000 IN01
95.77998 40.51401 2.11410 3.51981 -0.04451 0.48028 0.16582 0.73000 0.01133 0.00000 0.00000 JB28
84.87721 44.32970 3.07967 6.61044 0.37070 0.28688 0.44554 0.21833 0.01071 0.00000 0.00000 XJDS
75.24402 39.72897 -0.45325 12.71203 -0.11142 0.28144 0.26199 0.46833 0.00150 0.00000 0.00000 I078
90.28899 43.81482 3.35471 5.65537 0.35378 0.30806 0.20661 0.44725 0.00517 0.00000 0.00000 XJML
81.01318 44.96358 0.61418 3.79945 0.90187 0.21689 0.26453 0.60634 0.01043 0.00000 0.00000 I040
74.96147 38.65640 -4.82923 20.13564 1.36655 0.26370 0.23587 0.54447 0.00167 0.00000 0.00000 XJBL
89.52628 46.99675 1.00885 5.43611 0.24891 0.18600 0.40095 0.30406 -0.00171 0.00000 0.00000 I011
86.86899 47.69941 1.02526 4.56902 -0.32503 0.23508 0.44139 0.24006 0.00783 0.00000 0.00000 XJBE
82.87547 46.82377 0.08736 1.83930 0.61262 0.22803 0.34650 0.38833 0.01850 0.00000 0.00000 XJTC
80.35712 42.68296 2.44781 7.42633 0.57250 0.25996 0.21924 1.39500 0.01540 0.00000 0.00000 XJZS
77.46822 37.85828 -1.95672 19.82609 -0.45503 0.34174 0.28664 0.39167 -0.00300 0.00000 0.00000 !!!!
66.88564 39.13459 -0.87448 1.47954 -0.76053 0.52638 0.63488 0.63783 -0.05929 0.00000 0.00000 KIT3
90.26161 42.89512 3.52600 7.02991 -0.60743 0.26378 0.60325 0.33450 0.00580 0.00000 0.00000 XJSS
74.71305 42.68555 -1.51746 2.97533 0.63272 0.24694 0.23281 0.40851 -0.02640 0.00000 0.00000 MAEV
94.77525 36.14596 8.14991 8.36644 0.08759 0.17583 0.28784 0.31895 -0.02175 0.00000 0.00000 QHGE
86.18953 41.79170 2.46773 9.80916 0.91344 0.28346 0.26656 0.38891 0.00880 0.00000 0.00000 XJKE
83.25732 43.39804 1.59961 7.67109 1.25540 0.32246 0.19714 0.51619 0.01540 0.00000 0.00000 XJXY
82.98553 41.71263 2.79916 11.08991 -1.73926 0.38485 0.38408 0.43880 0.01125 0.00000 0.00000 XJKC
89.89814 38.42234 3.80708 8.94607 -1.75000 0.47610 0.43525 0.72000 -0.00750 0.00000 0.00000 KLSA
94.80535 40.16991 1.89382 4.29863 0.09667 0.42890 0.25521 0.74347 0.00889 0.00000 0.00000 G161
75.21767 37.79217 -4.24513 21.75443 0.36063 0.60268 0.56565 0.36742 0.02637 0.00000 0.00000 TASH
88.13492 47.85541 0.61027 5.36994 0.46551 0.28693 0.46322 0.50080 0.00300 0.00000 0.00000 XJAL
79.20976 41.20230 0.95561 14.62485 0.42367 0.33111 0.19877 0.72002 0.02157 0.00000 0.00000 WUSH
94.87594 36.42344 7.10034 8.40490 -0.34250 0.69625 0.40235 0.33472 0.00275 0.00000 0.00000 JB30
94.68369 40.14264 1.98287 4.13221 -0.63288 0.17161 0.21901 0.49667 0.01575 0.00000 0.00000 GSDH
78.77286 39.81353 0.32467 16.51201 0.02969 0.23680 0.23825 0.48437 0.01333 0.00000 0.00000 XJBC
94.35573 38.80807 5.66332 5.43848 1.18667 0.45215 0.19361 0.74095 0.00267 0.00000 0.00000 G167
93.48802 39.64528 2.05713 5.48676 -1.10000 0.27986 0.17626 1.25300 0.00550 0.00000 0.00000 G163
93.33139 38.74420 5.54736 6.62463 2.39940 0.30015 0.45321 0.44725 -0.00225 0.00000 0.00000 QHLH
84.88808 45.61815 2.84304 4.38798 7.47043 0.53288 0.66617 0.36136 0.02220 0.00000 0.00000 I039
83.65937 38.96880 0.11306 12.25653 -0.35000 0.18834 0.18141 0.40561 0.01167 0.00000 0.00000 XJTZ
69.19968 38.04093 -8.33738 5.34918 -0.56000 2.10640 1.51546 1.00000 -0.01050 0.00000 0.00000 !!!!
94.85689 39.51346 3.10887 4.87495 0.84500 0.31569 0.37583 0.54500 0.00633 0.00000 0.00000 G164
94.55482 39.71576 2.10020 4.76336 -0.46000 0.33235 0.27042 0.56000 0.00400 0.00000 0.00000 G162
93.00315 39.28736 2.97933 6.21859 -1.50500 0.37212 0.17565 2.50500 0.00283 0.00000 0.00000 G165
83.80782 37.59211 -2.03123 12.49061 0.40000 0.36950 0.41676 0.51610 0.00540 0.00000 0.00000 I066
83.71566 42.82914 3.05721 7.76304 1.54500 0.19413 0.51195 0.71948 0.01233 0.00000 0.00000 XJBY
81.66043 36.84052 -3.70505 14.30236 -0.02667 0.41199 0.30050 0.55104 0.00820 0.00000 0.00000 I068
79.96971 37.09943 -3.61844 15.97267 0.51000 0.28836 0.28426 1.69000 0.01450 0.00000 0.00000 I087
78.72686 36.20640 -2.92380 17.31714 0.34000 0.37107 0.30440 0.54161 0.02200 0.00000 0.00000 J301
94.99112 38.06345 5.74946 5.84048 0.58500 0.42116 0.19288 0.52193 0.00220 0.00000 0.00000 1327
94.25973 39.42081 4.03568 5.05639 1.22000 0.51234 0.22345 0.42115 0.01033 0.00000 0.00000 1303
87.17731 43.47111 3.22765 7.35744 0.76551 0.14068 0.12103 0.18331 -0.00925 0.00000 0.00000 GUAO
95.71231 40.07999 1.84440 3.84980 0.40000 0.50535 0.26767 0.20000 0.00850 0.00000 0.00000 G131
95.60655 39.70957 2.52791 4.11452 -0.63500 0.41529 0.30646 0.53500 0.00700 0.00000 0.00000 G145
94.99804 40.54932 2.21683 3.92599 -0.42000 0.31136 0.21736 0.42000 0.00700 0.00000 0.00000 G160
94.67226 43.24209 3.24665 3.66140 0.90500 0.19611 0.35862 0.79500 0.00440 0.00000 0.00000 I001
94.33583 42.84887 3.92683 4.06787 0.22029 0.14521 0.21478 0.39875 -0.00033 0.00000 0.00000 XJJJ
94.31754 39.60785 2.60777 3.91455 0.81667 0.23666 0.28242 0.49477 0.01050 0.00000 0.00000 G311
93.49927 37.90185 6.24781 8.14506 0.01000 0.62819 0.38608 0.43000 0.00033 0.00000 0.00000 G170
93.40846 38.80731 5.95819 6.31223 0.90000 0.53823 0.21088 0.50000 0.00300 0.00000 0.00000 JB31
92.99731 43.60159 3.30505 5.05222 -0.61500 0.26680 0.63177 0.31500 0.00280 0.00000 0.00000 I002
91.47352 43.48482 3.35760 5.53069 0.36000 0.23210 0.50860 0.34000 0.00240 0.00000 0.00000 I003
90.80788 38.28313 7.09606 10.68042 -0.99750 0.37708 0.51879 0.41407 -0.00020 0.00000 0.00000 G171
90.80169 38.48692 6.26053 10.10635 0.11229 0.47745 1.54627 0.60663 0.00233 0.00000 0.00000 QHMY
89.19577 38.71718 0.42882 8.60377 0.22500 0.33184 0.37526 0.20591 0.00260 0.00000 0.00000 G172
86.97689 38.50802 -0.15907 9.21143 -2.35500 0.28222 0.43858 2.35500 -0.00400 0.00000 0.00000 I035
86.71924 42.92285 3.73317 8.07830 1.09480 0.16267 0.28131 0.31352 0.01700 0.00000 0.00000 XJWL
86.17108 37.59262 1.75844 12.31691 -1.81000 0.51912 0.33015 1.41000 0.00125 0.00000 0.00000 I408
86.10609 44.20807 3.11463 6.04970 0.92751 0.15654 0.22357 0.24568 0.00967 0.00000 0.00000 XJSH
84.33722 40.21691 0.59514 11.09354 -3.44500 0.33973 0.64060 2.74500 0.00625 0.00000 0.00000 I063
82.99303 36.73878 -2.99519 13.50049 0.80000 0.55600 1.10595 0.30000 0.01040 0.00000 0.00000 I069
81.96906 36.43284 -4.61008 14.38381 -0.61284 1.14858 0.87515 0.45923 0.02233 0.00000 0.00000 XJYT
81.52626 43.97241 2.00123 6.43777 0.02601 0.31913 0.39314 0.89389 -0.00367 0.00000 0.00000 XJYN
81.47821 36.45501 -3.90796 14.84276 -1.25500 0.52803 0.40223 0.25500 0.01100 0.00000 0.00000 I070
79.04553 37.16189 -2.74501 17.61934 0.05153 0.22056 0.55983 0.63309 0.01967 0.00000 0.00000 XJHT
79.03528 40.50338 1.07898 14.61065 -0.51500 0.36235 0.32429 0.81500 0.00625 0.00000 0.00000 I073
78.03688 39.71398 -0.44904 17.24749 -0.46500 0.22778 0.33589 0.27042 0.00700 0.00000 0.00000 I075
77.00462 36.58292 -3.45670 20.52150 0.81500 0.49915 0.33433 0.69147 0.00650 0.00000 0.00000 J047
76.88892 40.20440 0.68458 13.66716 -1.67000 0.23494 0.30885 0.47000 0.00400 0.00000 0.00000 I074
76.73425 39.49698 0.78081 17.34580 -4.56000 0.32765 0.39316 1.06000 0.00125 0.00000 0.00000 I079
77.01690 43.17873 -0.56200 2.62554 0.20880 0.18212 0.12461 0.33140 0.00000 0.00000 0.00000 SELE
94.30569 39.17400 5.66795 4.66538 0.41333 0.33276 0.25446 0.49944 0.00450 0.00000 0.00000 G314
95.48424 37.21947 8.22248 8.42989 0.29000 0.23245 0.39239 0.45952 -0.00900 0.00000 0.00000 G341
95.46368 41.07009 2.54207 3.48108 -0.46500 0.29166 0.19574 0.66500 0.00400 0.00000 0.00000 G123
94.61035 38.33165 7.06936 4.73139 -0.16333 0.36165 0.38710 0.54101 -0.00300 0.00000 0.00000 G325
90.98733 38.59267 5.74481 9.15168 0.42000 0.63723 0.58275 1.14000 0.00300 0.00000 0.00000 JB32
90.09838 38.35747 6.45893 10.35018 -2.56000 0.38743 0.40927 0.74000 -0.01500 0.00000 0.00000 G326
89.61905 43.99558 3.11606 5.69509 -2.48000 0.31512 0.42531 0.88000 0.00625 0.00000 0.00000 I020
88.31799 43.35326 2.86650 6.46304 1.51000 0.15427 0.45604 0.69000 0.00500 0.00000 0.00000 I025
88.25065 40.26753 1.56518 8.55652 -1.69000 0.38552 0.23620 0.52000 0.01300 0.00000 0.00000 I033
87.17087 43.26530 2.47058 7.76143 1.18000 0.17118 0.33550 0.38000 0.00575 0.00000 0.00000 I026
86.36309 42.35039 3.19439 8.45331 0.66500 0.26942 0.44219 0.34004 0.01450 0.00000 0.00000 I028
85.51803 41.90806 2.72566 9.18856 -2.03000 0.21107 0.61248 1.13000 0.01200 0.00000 0.00000 I030
84.54152 43.26862 2.04890 7.61461 0.05000 0.20381 0.31116 1.25000 0.00650 0.00000 0.00000 I051
84.15656 43.02901 2.81677 8.07260 2.32000 0.34071 0.45835 0.92000 0.01825 0.00000 0.00000 I053
83.12881 42.13558 2.79516 8.17385 1.57000 0.57233 0.44823 0.33000 0.00875 0.00000 0.00000 I054
82.78542 41.21634 1.88016 13.24294 -2.26500 0.26091 0.31800 0.26215 0.01100 0.00000 0.00000 I060
82.69867 37.03617 -2.98145 13.44281 0.40000 0.68893 0.49922 0.20000 0.00900 0.00000 0.00000 I067
82.22475 43.47155 1.97124 6.83446 -0.28000 0.26480 0.28689 1.28000 0.00875 0.00000 0.00000 I050
81.80280 41.81490 3.37862 7.42186 2.28500 0.47823 0.52009 0.48795 0.00125 0.00000 0.00000 I055
80.39245 40.64296 1.09630 14.55618 -0.47500 0.14132 0.38568 0.34889 0.01475 0.00000 0.00000 I062
78.45139 40.94160 1.31392 15.03766 0.37000 0.25882 0.37916 0.57000 0.00700 0.00000 0.00000 I072
78.07242 36.32942 -3.18926 18.77689 0.61000 0.51107 0.32820 0.73186 0.02333 0.00000 0.00000 I419
77.94886 40.87689 1.26672 13.89343 4.18500 0.38898 0.32045 1.78500 0.02950 0.00000 0.00000 I388
77.62493 38.90400 -1.06963 18.27114 -0.27000 0.23929 0.53448 1.07000 0.00275 0.00000 0.00000 I082
77.27711 38.17394 -2.33643 19.66688 -0.81500 0.32712 0.39822 0.98500 0.00375 0.00000 0.00000 I084
76.51240 39.80626 1.69327 14.40627 -0.80000 0.51570 0.16286 0.50000 0.05100 0.00000 0.00000 I077
76.17408 38.93539 -0.25354 19.73590 -3.20500 0.41454 0.28106 0.29585 0.00550 0.00000 0.00000 I083
75.89869 39.19550 1.20606 19.22501 0.34500 0.49223 0.46593 0.75500 0.00550 0.00000 0.00000 I081
75.44655 36.85057 -3.86694 20.99175 0.55500 0.39211 0.36364 0.74500 0.00225 0.00000 0.00000 I088
75.37005 40.50390 -0.09496 10.71332 -1.61000 0.15102 0.26013 2.71000 0.00950 0.00000 0.00000 I392
74.33638 39.84188 -0.66980 13.69063 1.64500 0.17021 0.22384 0.20591 0.00200 0.00000 0.00000 I089
95.80136 37.50955 7.16576 7.21343 1.00000 0.72188 1.06465 0.20000 0.00175 0.00000 0.00000 G151
95.45652 39.25036 4.92584 3.97347 1.83500 0.36577 0.24123 1.53500 0.00967 0.00000 0.00000 G315
95.09931 42.48861 4.11662 2.95442 0.88500 0.20836 0.20094 0.48500 0.00900 0.00000 0.00000 G302
93.62019 36.74587 6.50793 9.21895 -2.98000 0.22865 0.19403 0.86000 0.00133 0.00000 0.00000 G346
93.41636 38.52291 5.05517 6.73440 0.70000 0.46488 0.32061 0.20000 -0.01200 0.00000 0.00000 G323
92.41421 38.07885 6.89237 9.35478 0.00000 0.20745 0.37096 0.20000 -0.02300 0.00000 0.00000 G332
91.68464 37.86536 7.64247 10.81007 -0.45000 0.14001 0.31815 0.55410 -0.00100 0.00000 0.00000 G335
91.49690 38.75788 4.99265 8.09011 -1.20500 0.16734 0.21545 0.90500 -0.00250 0.00000 0.00000 G319
90.97888 46.15072 2.11584 4.77389 0.02965 0.73361 0.45158 0.46418 0.00700 0.00000 0.00000 XJQH
89.79379 47.20126 1.21365 5.20413 0.91500 0.46961 0.44666 0.43658 0.00500 0.00000 0.00000 I010
89.55672 38.51681 2.34453 9.24854 -0.55000 0.21365 0.25910 1.25000 0.02050 0.00000 0.00000 G322
89.00492 44.92233 1.03318 4.45722 2.44500 0.19935 0.39190 0.75500 0.00575 0.00000 0.00000 I019
88.93079 38.98804 0.87823 8.13089 -0.34000 0.31814 0.23130 0.74000 0.03000 0.00000 0.00000 I400
88.62182 42.81309 2.75960 7.06869 -1.70000 0.45269 0.45580 0.40000 -0.00067 0.00000 0.00000 I027
88.21398 39.27620 1.44334 8.92073 0.17500 0.46751 0.29046 0.62500 0.03250 0.00000 0.00000 I398
87.93883 44.15167 2.14361 6.53511 -3.14500 0.26457 0.51697 1.04500 0.02075 0.00000 0.00000 I021
87.51517 47.13415 1.03815 5.12909 0.54000 0.16851 0.54529 0.46000 0.01375 0.00000 0.00000 I012
87.19366 40.83480 2.04616 9.02087 -1.04000 0.47311 0.38374 0.48000 0.00475 0.00000 0.00000 I032
86.22340 44.29448 2.66324 6.54330 -0.58500 0.14832 0.40281 0.38500 0.00625 0.00000 0.00000 I023
85.87002 47.43570 0.63799 3.86800 0.26500 0.26070 0.52084 0.63500 0.01550 0.00000 0.00000 I014
85.70603 46.79132 1.64043 3.79592 -0.40000 0.29872 0.55517 0.86683 0.01125 0.00000 0.00000 I016
85.49973 43.11335 3.31734 7.09695 1.43000 0.14731 0.29662 0.40746 0.02200 0.00000 0.00000 I368
84.52392 37.13326 -1.07598 12.35540 0.67500 0.57192 0.41416 0.47500 0.02950 0.00000 0.00000 I412
84.24523 41.78033 2.12743 11.73803 -13.67000 0.20626 0.49754 0.46000 0.00950 0.00000 0.00000 I056
83.91138 44.47201 2.13613 5.47281 0.07500 0.14540 0.49764 0.82500 0.01175 0.00000 0.00000 I043
83.60042 36.72269 -1.58580 13.68525 -0.41500 0.52351 0.68465 0.25005 0.01200 0.00000 0.00000 I415
83.59451 45.93665 1.27879 3.44505 0.10500 0.23335 0.50911 0.99500 0.01500 0.00000 0.00000 I038
82.92808 44.62256 0.98325 5.98666 -3.29000 0.14243 0.24304 1.20000 0.01125 0.00000 0.00000 I042
82.12806 44.90013 1.01885 5.03595 0.13500 0.20025 0.34686 0.54316 0.02050 0.00000 0.00000 I041
81.12528 43.14168 1.69346 6.80183 1.53000 0.13875 0.37751 0.80000 0.01100 0.00000 0.00000 I052
80.85945 44.06492 0.79068 5.60932 -0.64000 0.26378 0.44085 1.04000 0.01700 0.00000 0.00000 I048
79.99011 36.39937 -3.20494 16.88235 0.82000 0.49675 0.35870 0.42000 0.01550 0.00000 0.00000 I418
78.24623 37.55870 -2.57403 18.84888 0.35000 0.31191 0.33212 0.45000 0.00825 0.00000 0.00000 I086
76.98305 36.84524 -2.55678 20.36400 1.40000 0.31607 0.33846 0.74547 0.01100 0.00000 0.00000 I413
76.00858 39.56039 0.95570 16.53495 -4.90000 0.44904 0.44753 3.80000 0.02100 0.00000 0.00000 I396
74.42703 39.02493 -4.93532 18.50493 2.28000 0.40777 0.36091 0.78000 0.00767 0.00000 0.00000 I399
94.92326 43.78750 3.21077 3.04930 0.84500 0.20024 0.23012 0.37845 0.00700 0.00000 0.00000 I352
94.10761 43.98646 3.43746 5.32238 1.74500 0.28374 0.38399 0.64500 0.00850 0.00000 0.00000 I347
93.70431 43.11247 3.76067 3.86110 1.04500 0.22980 0.17260 0.43174 0.01700 0.00000 0.00000 I420
92.36372 43.25741 4.17661 5.15490 1.12000 0.26529 0.31317 0.39778 0.01850 0.00000 0.00000 I366
91.88568 37.03796 7.52719 12.29138 2.48000 0.54999 0.21995 0.95000 -0.01050 0.00000 0.00000 G347
91.32100 41.01210 3.58377 6.64539 1.10000 0.40646 0.25626 0.10000 0.02400 0.00000 0.00000 I389
91.17167 43.75584 3.60568 5.10565 0.92500 0.27077 0.25707 0.44635 0.00900 0.00000 0.00000 I334
90.91794 37.02489 7.17879 12.34618 3.05000 0.40638 0.27965 0.77000 -0.00350 0.00000 0.00000 G339
90.72796 38.86911 2.76222 7.96292 -1.66000 0.16241 0.22745 0.73000 -0.00100 0.00000 0.00000 G316
90.34275 46.68262 1.43315 4.23468 0.71000 0.28381 0.32140 0.60000 0.00875 0.00000 0.00000 I015
90.26893 38.28555 6.87224 10.80150 0.32000 0.31021 0.13927 0.90000 0.01150 0.00000 0.00000 G328
90.15379 46.05931 1.95548 5.67654 -0.15000 0.21480 0.42456 0.49000 0.00425 0.00000 0.00000 I017
89.64478 42.82429 3.27524 6.20910 0.00000 0.26630 0.21692 0.42688 0.01300 0.00000 0.00000 I370
89.31010 43.20935 3.31237 5.73049 1.31000 0.14595 0.22440 0.41716 0.02050 0.00000 0.00000 I364
89.05015 43.85794 2.56564 5.18954 1.39500 0.20822 0.27419 0.99500 0.01950 0.00000 0.00000 I351
88.51182 43.12134 3.53991 5.54699 1.70000 0.24008 0.32089 0.60000 0.03550 0.00000 0.00000 I367
88.20012 42.24943 3.33547 6.77225 -0.34500 0.29060 0.30430 1.14500 0.02250 0.00000 0.00000 I379
87.85445 42.81690 3.03427 6.54267 1.28500 0.41000 0.26280 0.39778 0.02900 0.00000 0.00000 I371
87.43587 41.29198 2.51144 8.37551 -1.57000 0.37560 0.33516 2.57000 0.03300 0.00000 0.00000 I387
87.40895 43.50588 3.55196 6.32652 1.90000 0.23899 0.25768 0.47247 0.01350 0.00000 0.00000 I359
86.60865 47.09656 1.05242 4.48336 0.51000 0.28604 0.34670 0.72000 0.01000 0.00000 0.00000 I013
86.48077 43.90086 3.75288 6.73237 3.82500 0.18459 0.24367 1.02500 0.03050 0.00000 0.00000 I350
86.40500 48.06580 0.20877 3.74315 0.80000 0.25548 0.54244 0.30000 0.01167 0.00000 0.00000 I008
86.05844 43.03402 2.96741 7.23241 1.60000 0.25071 0.30862 0.80000 0.03750 0.00000 0.00000 I361
85.59655 43.95036 3.32578 6.84242 2.41500 0.21018 0.24913 1.21500 0.03500 0.00000 0.00000 I348
84.42643 42.77487 3.07038 8.39760 0.70500 0.25472 0.30760 0.59500 0.02900 0.00000 0.00000 I373
84.42535 42.05483 3.07684 7.85237 -0.58500 0.22338 0.35247 2.28500 0.02650 0.00000 0.00000 I378
83.68641 42.69233 2.90317 8.09518 -1.22000 0.15447 0.35456 3.22000 0.01750 0.00000 0.00000 I376
83.18845 41.08195 2.02845 12.39904 -4.51500 0.24380 0.28658 4.71500 0.02000 0.00000 0.00000 I390
83.04116 41.95804 3.42786 8.09799 -0.22000 0.26711 0.25384 1.72000 0.02700 0.00000 0.00000 I382
82.84485 43.25463 1.80077 7.25652 -1.48000 0.32077 0.48888 3.78000 0.01800 0.00000 0.00000 I363
82.44019 41.85769 2.95463 11.14143 -3.55500 0.39563 0.39347 3.45500 0.02250 0.00000 0.00000 I383
81.91099 43.02728 2.72171 6.88281 -1.04000 0.20262 0.26464 3.14000 0.02050 0.00000 0.00000 I375
81.74184 43.64962 2.17861 6.22209 0.29500 0.25626 0.35496 0.71100 0.03150 0.00000 0.00000 I354
81.30324 40.49498 2.21167 14.86297 -1.31500 0.30154 0.40129 0.61500 0.05250 0.00000 0.00000 I391
80.06542 41.66351 2.06866 9.42602 3.27000 0.27371 0.40254 1.77000 0.02600 0.00000 0.00000 I385
79.91453 36.82523 -2.89947 16.64569 0.58500 0.39835 0.30808 0.48500 0.01250 0.00000 0.00000 I414
79.71525 41.66150 2.24609 11.08495 1.68000 0.17153 0.33574 0.51481 0.04450 0.00000 0.00000 I384
79.43470 40.03501 0.68207 15.92371 0.10000 0.40714 0.32810 0.10000 0.03700 0.00000 0.00000 I394
77.62431 40.34750 1.56357 14.22582 -0.12000 0.32087 0.39161 1.05000 0.02450 0.00000 0.00000 I393
77.44418 39.63086 0.92215 16.62128 2.02000 0.27667 0.22104 0.96000 0.03550 0.00000 0.00000 I395
77.35099 37.50396 -1.63400 19.65472 0.55000 0.21994 0.36657 0.81002 0.01700 0.00000 0.00000 I409
77.04131 37.13924 -2.26059 19.73904 0.79500 0.43807 0.35902 0.74756 -0.01300 0.00000 0.00000 I411
76.66065 38.38013 -1.09002 19.86806 -2.14500 0.39489 0.43565 1.84500 0.02450 0.00000 0.00000 I404
76.16153 38.66847 -0.55602 20.37827 -3.45000 0.40656 0.33487 4.15000 0.02350 0.00000 0.00000 J307
75.38271 37.35356 -3.19388 21.14422 0.74500 0.25967 0.34297 0.64500 0.01200 0.00000 0.00000 I410
80.74050 42.72828 2.04868 7.30251 -2.14500 0.22479 0.30336 2.74500 0.02150 0.00000 0.00000 I372
81.39100 43.92603 1.14647 7.00054 0.98500 0.26012 1.50932 0.51481 0.01167 0.00000 0.00000 I047
79.79847 37.22367 -2.88599 16.59135 -1.07000 0.56003 0.34618 1.11000 0.00000 0.00000 0.00000 2510
78.19568 41.86609 2.88554 9.63987 3.90698 0.74294 1.02295 0.35291 0.00000 0.00000 0.00000 KMTR
71.61697 36.72762 -9.11854 14.25032 2.43500 0.39421 0.71375 3.37500 -0.03567 0.00000 0.00000 RIN0
95.36678 36.95493 8.44399 8.07989 -3.93000 0.25178 0.29381 0.74000 -0.00150 0.00000 0.00000 G344
93.99967 43.41433 3.39248 3.10514 0.00000 0.18743 0.28488 0.20000 0.02100 0.00000 0.00000 I360
90.82498 46.17003 2.69665 4.12911 1.03000 0.16457 0.17051 0.49031 0.00500 0.00000 0.00000 I321
90.51121 44.48081 3.55546 5.26741 -0.74500 0.25655 0.33004 1.44500 0.01250 0.00000 0.00000 I329
90.43260 46.28960 2.70105 4.17575 -1.23500 0.35153 0.29871 2.23500 0.00350 0.00000 0.00000 I319
90.21503 45.55927 2.11291 4.98290 0.79500 0.31181 0.28851 0.50500 0.01100 0.00000 0.00000 I327
90.14489 45.91949 1.99330 5.31199 0.12500 0.27909 0.47800 0.97500 0.01250 0.00000 0.00000 I324
89.98626 44.61695 2.32971 5.12862 1.24000 0.23937 0.32006 0.44635 0.01600 0.00000 0.00000 I336
89.43019 45.39342 2.15932 5.16915 1.60000 0.21530 0.36675 0.47424 0.02400 0.00000 0.00000 I328
88.65027 47.55266 1.42267 3.51666 0.62500 0.20391 0.44304 0.72500 0.01850 0.00000 0.00000 I309
88.16560 47.77647 0.82103 4.11388 0.30000 0.15727 0.27137 0.60879 0.03650 0.00000 0.00000 I306
87.97244 43.51167 3.27182 5.49829 2.00000 0.12998 0.20517 0.20000 0.03200 0.00000 0.00000 I358
87.93408 46.50911 1.42190 4.44007 1.29000 0.18485 0.34762 0.50500 0.02600 0.00000 0.00000 I318
87.81908 45.67131 2.68574 4.41783 1.90000 0.15474 0.20969 0.54120 0.03300 0.00000 0.00000 I325
87.78704 47.74643 0.82869 3.67665 1.36000 0.20736 0.25206 1.36000 0.02750 0.00000 0.00000 I308
87.52089 47.74283 0.82461 3.92698 0.28500 0.25924 0.22941 0.88500 0.02350 0.00000 0.00000 I307
87.27926 42.24790 3.16911 7.91432 -0.28500 0.29450 0.22046 0.38500 0.01467 0.00000 0.00000 I029
87.16492 48.11094 0.96195 3.10031 0.50000 0.45727 0.31542 1.20000 0.02750 0.00000 0.00000 I305
86.97867 43.50733 3.28828 6.33800 1.80000 0.26781 0.31630 0.30000 0.01300 0.00000 0.00000 I355
86.60543 42.04934 3.79740 8.37653 -0.65000 0.20780 0.31041 0.80000 0.02950 0.00000 0.00000 I380
86.37297 46.27562 2.23043 4.27708 -0.64000 0.25373 0.35271 0.57491 0.02500 0.00000 0.00000 I320
86.30103 45.44530 2.22109 3.99734 0.45000 0.12054 0.31016 0.59349 0.01350 0.00000 0.00000 I323
86.26052 42.64100 3.61579 7.46956 2.35000 0.39688 0.32238 0.91000 -0.01050 0.00000 0.00000 I374
86.08091 46.48275 2.02771 3.96131 -0.15000 0.27939 0.30195 0.53640 0.02250 0.00000 0.00000 I316
85.40163 44.24813 3.18705 5.64144 1.82500 0.24961 0.24009 1.07500 0.02600 0.00000 0.00000 I341
84.78804 44.16812 2.74060 5.34495 1.83000 0.25446 0.28627 0.48541 0.01400 0.00000 0.00000 I345
84.39388 44.21580 2.15857 5.20193 0.43500 0.19166 0.42698 0.50767 0.02400 0.00000 0.00000 I349
83.69315 44.34842 2.40098 4.60162 1.55500 0.25945 0.26717 0.45610 0.02400 0.00000 0.00000 I422
83.60979 39.01511 -0.26952 12.27184 0.03000 0.22382 0.20618 0.77000 0.00760 0.00000 0.00000 I064
82.78330 44.26043 1.62657 5.43011 2.40500 0.28223 0.24865 0.60392 0.02050 0.00000 0.00000 I346
82.61985 45.20109 1.27609 3.28326 0.00500 0.23021 0.28767 0.72567 0.01950 0.00000 0.00000 I331
82.18307 42.91561 2.66902 7.02708 -1.45000 0.17516 0.27433 1.02000 0.01450 0.00000 0.00000 I423
81.64871 45.18101 1.09291 3.44310 0.45500 0.35381 0.31401 0.66753 0.04700 0.00000 0.00000 I330
81.32569 44.52297 1.09352 4.53591 1.16500 0.22072 0.35958 0.65271 0.03050 0.00000 0.00000 I340
81.11467 43.49333 1.46674 6.01410 1.00000 0.30200 0.30969 0.20000 0.02600 0.00000 0.00000 I356
80.43908 44.17030 0.76018 3.73444 0.90500 0.23445 0.46870 0.62308 0.03350 0.00000 0.00000 I343
80.30054 37.89088 -2.19138 15.69565 -1.11000 0.36060 0.27973 0.88000 0.02200 0.00000 0.00000 I406
78.54008 39.77649 -0.47747 17.03548 -1.11000 0.47383 0.22635 0.63000 0.01250 0.00000 0.00000 I076
75.57865 39.32092 1.93706 18.94765 -0.91000 0.26754 0.26562 0.97000 0.03200 0.00000 0.00000 I397
75.40136 38.96021 1.03394 21.11135 -4.29000 0.20015 0.38350 0.66000 0.00600 0.00000 0.00000 I401
74.91478 38.21611 -3.13265 19.96646 1.40000 0.53853 0.39847 0.20000 0.03500 0.00000 0.00000 I403
74.82100 38.87400 -3.64073 19.71930 2.40000 0.46526 0.34847 0.20000 0.03800 0.00000 0.00000 I402
83.47270 43.52085 1.08948 5.98876 -0.18000 0.14573 0.33089 1.28000 0.02550 0.00000 0.00000 I369
81.89139 43.15506 2.41583 6.71368 -1.66000 0.22708 0.31222 3.56000 0.02650 0.00000 0.00000 I365
84.07651 43.31766 1.68681 7.46880 -1.73500 0.14740 0.39003 3.53500 0.02300 0.00000 0.00000 I362
89.86141 43.60304 4.01366 6.31855 1.89000 0.26623 0.31334 0.44635 0.01150 0.00000 0.00000 I357
93.85394 41.88747 3.07594 3.93126 0.71500 0.23897 0.25079 0.41231 0.00900 0.00000 0.00000 G304
74.75110 42.99850 -1.19252 0.90838 -0.06360 0.36866 0.13979 0.25500 0.00175 0.00000 0.00000 CHUM
92.21913 44.18787 3.70791 4.56418 -0.10000 0.18456 0.24384 0.30000 0.02400 0.00000 0.00000 I344
90.09850 45.08275 2.45711 4.63729 0.80000 0.23730 0.36381 0.20000 0.01400 0.00000 0.00000 I335
89.91987 46.98638 1.01328 3.56902 1.40000 0.36770 0.23990 0.30000 0.02400 0.00000 0.00000 I421
89.69301 46.43296 2.01457 4.75267 0.73000 0.19040 0.21960 0.90000 0.01700 0.00000 0.00000 I317
89.51741 46.08581 1.76681 5.17364 0.15000 0.16267 0.23335 0.90000 0.01000 0.00000 0.00000 I322
88.83012 47.09263 0.89336 4.37406 0.70000 0.13193 0.23591 0.20000 0.01700 0.00000 0.00000 I312
87.47387 48.58563 -0.00586 3.58011 0.70000 0.17775 0.21074 0.30000 0.03700 0.00000 0.00000 I302
86.80587 48.69537 -0.48016 2.26982 1.30000 0.34709 0.35464 0.30000 0.02400 0.00000 0.00000 I301
85.62687 48.20737 0.31147 1.87725 0.50000 0.51186 0.42395 0.30000 0.02200 0.00000 0.00000 I303
84.31024 46.89954 1.15434 1.83304 1.45000 0.20916 0.43547 0.55000 0.02550 0.00000 0.00000 I313
83.83050 45.51138 2.25735 3.28174 0.20000 0.34352 0.34426 0.30000 0.00400 0.00000 0.00000 I326
83.61205 46.56013 0.83683 2.08794 0.69500 0.18888 0.35329 0.49336 0.02450 0.00000 0.00000 I314
82.34580 41.48505 1.83352 13.04542 -0.64000 0.45443 0.21325 0.72000 0.02300 0.00000 0.00000 I058
81.70700 44.67575 1.45904 4.35766 0.70000 0.40890 0.31689 0.20000 0.03900 0.00000 0.00000 I337
75.92177 39.51803 1.83338 16.91288 0.60000 0.39275 0.52066 0.20000 0.01875 0.00000 0.00000 JB48
94.32675 39.93437 1.65601 5.63840 1.38200 0.69969 0.62539 0.49820 0.00867 0.00000 0.00000 2178
77.83829 37.39437 -2.98449 19.09570 0.64500 0.59423 0.71754 0.54500 0.02250 0.00000 0.00000 I416
79.17143 36.00429 -3.06921 16.46179 0.51667 0.51131 0.44729 0.71024 0.00000 0.00000 0.00000 J302
84.98200 46.52200 1.81278 3.38167 1.80000 0.36269 0.38741 0.30000 0.04600 0.00000 0.00000 I315
81.60610 42.05640 3.34909 7.05612 -5.43000 0.12144 0.47914 0.90000 -0.00100 0.00000 0.00000 I381
86.61567 48.28483 0.70949 2.63829 2.10000 0.69541 0.55668 0.50000 0.03700 0.00000 0.00000 I304
87.41550 44.60500 2.05652 4.55333 -1.70000 0.22919 0.43150 0.20000 -0.02700 0.00000 0.00000 I339
84.88138 44.58575 4.52619 4.61324 -44.24000 0.33794 0.47752 0.94000 0.01300 0.00000 0.00000 I338
85.23013 45.06397 3.34875 3.47740 -2.33000 0.27507 0.25337 0.96000 0.03300 0.00000 0.00000 I332
72.21045 42.44547 -1.03911 1.43118 1.16810 0.18196 0.10450 0.19180 -0.11025 0.00000 0.00000 TALA
68.12278 37.56210 -5.03307 2.69965 -1.84297 0.13354 0.32396 0.27476 -0.12450 0.00000 0.00000 SHTZ
79.48491 43.32751 1.17250 4.78278 0.69813 0.09614 0.10499 0.18839 0.00000 0.00000 0.00000 PODG
72.77175 40.52861 -1.15171 6.34517 -0.30990 0.30337 0.20040 0.40305 0.00325 0.00000 0.00000 OSHK
71.68043 37.54230 -9.48625 14.77979 1.54520 0.19263 0.27560 0.35558 -0.07300 0.00000 0.00000 MANM
73.94351 41.38494 -1.41708 6.07205 1.19797 0.17042 0.21956 0.23326 0.00000 0.00000 0.00000 KAZA
70.31668 39.00647 -1.60444 3.85435 -1.23073 0.22541 0.30450 0.58945 -0.11050 0.00000 0.00000 GARM
89.65000 47.34820 0.67339 4.27728 1.50000 0.47373 0.33738 0.20000 0.00500 0.00000 0.00000 I310
69.29565 41.32804 -2.36592 0.68265 0.04065 0.41837 0.22817 0.29609 -0.05250 0.00000 0.00000 TAS1
73.99711 44.20813 -1.38558 0.60063 0.32310 0.09387 0.15843 0.21156 0.00000 0.00000 0.00000 SUMK
78.35010 42.77767 0.16707 4.73128 -2.32100 0.19837 0.24592 0.58156 0.00233 0.00000 0.00000 KRB1
93.06925 36.89000 8.30208 11.07954 0.18000 0.66905 0.55877 1.03000 0.01067 0.00000 0.00000 2301
70.85101 39.22382 -2.80254 4.93404 6.54000 0.54283 1.33220 0.21000 -0.09400 0.00000 0.00000 USTA
69.23413 38.36948 -11.55157 4.02875 17.38000 2.60118 0.94697 0.76000 0.00900 0.00000 0.00000 GF20
77.80363 41.72182 0.50921 9.51789 0.12833 0.31797 0.34212 0.40801 0.00000 0.00000 0.00000 TAR7
75.31547 42.62071 3.09359 0.42046 1.50463 1.65108 1.97126 0.90584 0.00000 0.00000 0.00000 SHAS
78.58039 42.49944 0.00916 9.49624 -2.71697 0.51187 0.46519 1.78042 0.00000 0.00000 0.00000 KRGT
76.94264 43.28758 0.14997 2.21041 -3.39547 0.47254 0.32312 0.74149 0.00000 0.00000 0.00000 ALA2
71.66437 37.84071 -10.43797 14.39683 1.10000 0.13395 0.15786 2.01000 0.14800 0.00000 0.00000 KHUF
71.57893 37.49657 -8.99202 13.16395 7.84000 0.20841 0.28899 1.29000 -0.02400 0.00000 0.00000 DASH
87.08067 38.70967 -0.28057 10.52212 1.46000 0.69462 0.75000 1.42000 0.00550 0.00000 0.00000 2547
76.99700 36.45800 -3.61626 20.88360 1.55000 0.44721 0.47170 1.36000 0.01500 0.00000 0.00000 2439
78.61907 50.71395 -0.89854 0.21755 0.02300 0.22125 0.13629 0.52500 0.00000 0.00000 0.00000 KRTV
73.42696 39.22588 -6.16000 15.02999 3.27000 1.27000 1.25000 1.72000 0.00000 0.00000 0.00000 UBLA
74.18464 37.83560 -6.27990 18.32357 3.71000 1.34990 1.37644 0.69000 0.00400 0.00000 0.00000 STSA
74.82845 37.54021 -3.72201 20.74541 6.67000 0.46098 0.47909 1.51000 0.01000 0.00000 0.00000 SHMA
73.63793 38.14584 -5.41000 20.14001 9.81000 0.67000 1.48000 1.72000 0.00000 0.00000 0.00000 MADA
70.05627 38.86909 -2.81205 6.32002 0.14000 0.23717 0.64997 1.03000 -0.32300 0.00000 0.00000 HINA
71.92281 38.09542 -9.75877 15.28683 5.67000 0.49503 0.64904 1.96000 -0.04000 0.00000 0.00000 DRJA
72.66788 39.49471 -2.00937 8.03873 -2.30000 0.38994 0.47873 1.91000 -0.08100 0.00000 0.00000 BRDA
74.53312 42.85413 -0.85477 2.63457 0.87105 0.68065 0.73419 0.43400 0.00000 0.00000 0.00000 BIK0
68.53007 38.33047 -7.55211 4.06711 -1.02000 0.45228 0.77713 0.52000 0.00400 0.00000 0.00000 LNSB
70.55067 40.05806 0.21967 2.57554 -0.19000 0.26349 0.62445 1.10000 0.12400 0.00000 0.00000 SHU0
70.41011 40.76983 -1.56502 2.18049 4.98000 0.26498 0.73952 0.91000 0.00800 0.00000 0.00000 SH01
74.42274 37.52025 -4.23101 21.84128 7.51000 0.28844 0.22984 2.03000 0.04300 0.00000 0.00000 SALA
74.81442 37.47234 -4.00032 21.48277 3.29000 0.20518 0.32882 1.91000 0.03500 0.00000 0.00000 KOZI
92.49050 37.25950 8.56629 11.56092 -0.27000 1.30000 1.10000 1.07000 0.03300 0.00000 0.00000 2294
68.54464 39.38916 1.14609 1.08517 -1.55000 1.89390 0.46349 1.97000 -0.26200 0.00000 0.00000 AINA
72.98172 41.24380 -2.95337 5.08841 -1.19500 0.48378 0.46523 1.53200 0.00600 0.00000 0.00000 ARSL
69.81920 37.92290 -17.46035 7.25125 1.22000 0.13943 0.36208 2.09000 0.00000 0.00000 0.00000 KULC
63.00000 51.75973 -2.09756 2.17353 0.55900 0.21300 0.21400 0.79800 0.00000 0.00000 0.00000 OREN
94.45472 51.71964 -0.70000 0.58678 0.00500 0.27700 0.40300 2.10000 0.00000 0.00000 0.00000 KIZ1
72.48320 38.31140 -8.73000 16.82000 -34.37000 0.12000 0.40000 0.37000 0.00000 0.00000 0.00000 BRCB
70.62520 38.74860 -14.01000 9.15000 -0.57000 1.76000 0.70000 2.06000 0.00000 0.00000 0.00000 GF03
