85.53800 38.08100 -0.98935 10.50728 0.31942 0.37964 0.00283 jb46
90.98200 38.58800 6.10443 8.85879 0.37200 0.36056 0.00109 jb32
95.80100 40.51400 1.61406 3.24821 0.39990 0.23416 0.00330 jb28
93.62600 42.81000 3.45678 4.12827 0.20333 0.43067 0.00220 jb43
84.33400 43.65200 2.25951 6.22339 0.19603 0.34387 0.00390 i045
89.33900 38.11000 6.23704 10.22473 0.30007 0.42297 0.00467 g333
83.15905 38.25744 -2.29425 12.70264 0.32926 0.52177 0.00325 i065
85.57500 38.06500 -0.48452 11.22567 0.35545 0.29482 0.00429 i405
75.76800 37.84000 -2.22048 20.31176 0.25591 0.40590 0.00129 i407
88.74800 44.20400 1.75682 6.37396 0.32388 0.28045 0.00033 i342
87.88700 47.40900 0.51841 4.44016 0.23826 0.32991 0.00167 i311
81.34500 41.60100 2.59977 7.62825 0.66864 0.50837 0.01000 i059
80.23900 41.14300 1.65118 14.92149 0.40572 0.35792 0.00360 i061
86.14800 44.96600 2.50221 3.85644 0.28012 0.28481 0.00567 i333
84.85200 45.63000 1.42193 5.24463 0.29666 0.43084 0.00883 i039
82.51200 43.78825 1.14588 6.49914 0.35522 0.72300 0.00767 i046
82.96900 41.71500 1.63909 10.53566 0.41924 0.59401 0.00167 i057
89.12500 41.64400 3.12940 6.51345 0.60527 0.47882 0.00675 i386
86.31500 37.22725 6.21515 14.11526 0.82381 0.51864 0.00350 at03
73.45965 38.95657 -5.86741 19.89092 0.73564 1.78219 0.00767 krka
73.61774 38.56029 -6.83419 20.00745 1.03789 0.72863 0.00367 akba
71.38148 38.19034 -15.53282 12.14765 3.10763 0.78569 -0.01700 yzgu
71.77781 37.29699 -9.19842 17.42094 0.20002 0.16538 0.05967 brao
86.86700 44.18300 2.61053 8.98376 0.50883 0.53997 0.00400 i022
95.37700 37.83400 8.24294 6.07847 0.50761 0.51160 0.00667 y345
88.15200 39.02967 0.00331 8.22576 0.55904 0.53732 -0.01450 y033
89.05600 38.96800 -0.37007 8.89430 0.58429 0.61184 0.02100 sfee
85.42750 37.58200 -1.83318 12.11201 0.92903 0.92663 0.03250 quis
76.97792 40.84425 0.07983 12.24211 0.33217 0.81560 0.01433 qiqi
88.84900 39.02700 0.40815 9.25365 0.54158 0.61630 0.01650 powr
88.26500 39.44600 0.19638 8.29047 1.26566 0.77415 -0.02150 lobu
89.96800 38.39100 4.98996 8.49477 1.20725 1.23372 -0.01200 hapi
94.75800 40.15700 1.90438 4.11062 0.56534 0.55075 0.01533 gc27
95.31800 39.33300 4.92084 3.73833 0.72715 0.76378 0.01267 ga12
94.32400 39.95500 1.65854 5.59989 0.70579 0.65229 0.00867 ga05
86.16700 37.62000 0.83435 12.19339 0.68404 0.61126 -0.00650 at14
85.64600 37.87100 -1.03891 12.01446 0.59123 0.73178 -0.00200 at12
86.11900 36.02600 5.46878 14.87229 0.61251 0.64143 0.00367 at08
86.05600 36.25300 3.38197 18.33988 0.92130 0.72332 0.01367 at07
86.25000 36.42800 4.42582 16.02729 0.63898 0.93336 0.00350 at06
86.26400 36.99400 4.73661 13.94701 0.62181 0.64701 0.00400 at04
86.32700 37.33600 4.48331 13.63339 0.75602 0.62514 0.00600 at02
86.38000 37.41300 3.65670 13.42091 0.73177 0.64327 0.01350 at01
78.96607 39.87701 0.08593 16.58374 0.24200 0.64895 0.01167 akta
68.60963 38.74163 0.16745 1.72517 0.94488 0.97834 0.02900 tdpa
68.37073 39.08443 -0.77427 2.43939 0.57811 0.53659 -0.01833 srya
71.67505 38.51807 -14.21453 13.33999 1.98008 1.14480 -0.13450 seda
69.27726 38.85301 -2.16101 3.71153 0.73825 1.19914 -0.16300 obga
70.20123 39.12043 -1.47844 3.81569 0.64088 0.43785 -0.05350 kmra
69.57617 37.98390 -4.93275 5.56829 0.64281 0.42185 -0.02900 gf19
71.66297 38.00319 -12.16424 13.35527 1.13201 0.75633 -0.14633 emta
69.42127 38.58522 -1.21082 2.27999 0.81589 0.28102 -0.11900 duba
73.41514 37.79332 -4.97000 19.51000 0.59000 0.82000 0.00000 bzra
73.10580 38.55378 -6.38751 18.03782 1.01679 0.80772 0.00450 atsa
73.27965 38.90243 -7.01049 15.22313 1.40621 1.04114 0.00600 ajla
73.12010 37.46110 -5.31000 18.85000 0.57000 0.63000 0.00000 abla
71.23276 38.40411 -10.47673 13.18288 0.38455 0.62281 -0.15100 pish
72.36575 37.37560 -6.71677 17.21825 0.42005 0.44796 0.02550 javs
73.78485 37.67811 -6.12263 20.30384 0.41730 0.23351 0.01650 guru
70.29236 40.19404 -1.24652 4.35915 0.39881 1.10052 0.00950 cap1
78.99000 37.11000 -1.75605 17.98252 1.18311 0.60331 0.00000 i417
90.44200 37.27400 6.53418 13.05869 0.97611 0.89694 -0.00550 y196
79.77400 37.13500 -3.12117 17.45659 0.66952 0.63636 0.04550 y035
75.12400 39.69700 -1.12139 14.55993 0.90316 0.66224 0.00650 wuqo
75.51000 39.31100 1.26831 19.64767 0.40309 0.97245 -0.01750 wupa
78.03200 36.34900 -3.68057 19.52082 0.56279 0.54892 0.01550 v407
87.07200 38.70900 -0.26651 10.58963 0.69555 0.82847 0.00550 v403
75.38800 40.51700 -0.34958 11.19324 0.39243 0.39082 0.00400 turg
90.08500 38.39100 6.17015 8.73894 1.10000 0.80000 -0.07500 terr
75.21100 37.84700 -5.87527 24.51377 0.94065 0.87912 0.01150 taxk
77.24800 38.41200 -2.59423 20.64742 0.72063 0.61121 0.00150 shac
78.43619 39.95010 -0.86115 17.44918 0.76384 0.57116 -0.00600 sanc
75.40400 40.09400 0.42763 11.40893 0.32102 0.40151 0.02500 qiak
89.63000 38.46900 2.38614 9.06617 1.06650 1.98869 -0.04500 nice
76.69000 37.86200 -3.41372 20.71880 1.00000 1.00000 0.03300 kosr
80.88500 44.12000 -0.11451 4.44105 1.21402 0.66386 0.03150 korg
89.90500 38.40900 3.83351 7.56372 1.08716 1.06895 -0.03300 klsa
76.46300 38.65600 -1.49187 20.43105 0.40780 0.40833 0.00200 kizi
77.90600 37.25800 -3.52824 19.43197 0.75743 0.81866 0.02750 keli
90.90700 38.28500 5.76939 6.64648 1.30000 1.00000 -0.06200 hatu
75.47900 38.85300 0.04322 21.90729 0.35491 0.35372 0.00400 gaze
77.00100 36.44400 -3.61693 20.93928 0.44728 0.50219 0.01500 g0bk
85.14400 37.05700 0.17147 15.09388 1.30000 1.10000 0.02100 atub
86.33300 37.21300 3.95000 14.25000 0.98000 0.96000 0.02000 at3x
77.32328 40.33156 1.69367 11.79959 0.56789 0.85912 0.00200 aj02
71.49677 37.56157 -11.86890 11.96700 1.19070 0.90550 0.00000 shug
71.33661 39.24137 -4.48838 4.93346 0.95498 1.23830 -0.13200 lhsq
70.73578 36.93562 -8.73314 15.91252 1.04551 0.57911 -0.05450 kash
69.24540 38.34592 -8.95355 5.18448 1.40145 1.40104 0.01750 gf20
70.32621 38.77699 -17.85871 6.55693 0.79414 0.72271 -0.05700 gf05
70.35333 38.73343 -18.91281 8.26151 1.07623 0.80488 -0.00250 gf04
70.59466 37.08359 -9.81815 15.04746 1.42175 0.99767 -0.08150 fyz2
68.66728 37.37260 -7.80564 0.20930 1.06478 0.43573 -0.07900 dusa
70.89490 36.99090 -7.81628 18.50670 0.73228 0.73396 0.00200 bah1
70.19908 37.15119 -7.61385 11.40470 0.64345 0.61794 -0.03150 arg2
70.43921 37.05828 -9.52270 13.16338 1.57836 0.53913 -0.00350 arg1
77.23787 43.30099 -1.17141 2.92424 0.60500 1.03200 0.00000 tal2
70.94615 38.89600 -11.67844 10.73713 0.86739 0.84953 0.00000 shkc
70.17210 37.94960 -14.60085 8.33286 1.50768 0.71542 0.00000 gf17
76.29818 40.81641 0.05171 11.68225 0.27898 0.23746 0.00500 kul4
75.96714 40.71713 -0.34904 11.48142 0.35631 0.42726 0.00400 aks4
90.37800 37.36300 7.55163 13.59653 0.58303 2.05543 0.00200 qmtc
89.16600 36.91600 8.04000 12.57000 0.53000 0.72000 0.00200 aeka
85.67700 38.46600 -1.71680 12.16319 0.90000 0.94000 0.02500 at16
86.01100 37.68100 -1.44002 11.79814 1.08395 0.60441 -0.00650 at13
86.31700 36.57500 2.69476 14.09256 1.73746 0.86977 0.00950 at05
68.61630 37.93440 -6.72046 2.13327 1.00780 0.78755 0.00600 gana
72.49800 41.98000 -0.70838 2.61720 0.44885 0.53155 0.00600 uzu4
75.08600 43.37900 -1.31967 1.91546 0.42595 1.10127 0.00250 urd1
73.82400 42.32000 -0.59326 1.67305 0.45748 0.56575 0.00650 tus4
77.64100 43.31250 -0.25724 3.21280 1.33003 0.49224 0.00350 tur4
73.16000 41.89500 -0.89852 2.62010 0.40178 0.55779 0.01550 tor4
73.55500 42.20600 -0.02679 3.40860 0.38171 0.42609 0.00950 suu4
72.92000 42.41000 -1.48124 1.95883 0.66051 0.54856 0.01350 ska4
73.20100 42.23500 -0.78716 1.52188 0.47068 0.69214 0.01050 otm4
76.33900 43.89400 -1.16437 0.60864 0.55811 0.44857 0.00350 kut4
70.60100 41.66900 -1.59378 1.23696 0.46490 0.62467 0.00950 kum4
70.94000 42.78300 -1.72913 0.12026 0.50661 0.49227 0.04350 ktau
72.36700 42.59300 -1.36248 0.79293 0.60820 0.80292 0.00900 ken4
71.57900 42.20200 -1.41223 1.23681 0.46425 0.55715 0.00700 kbu4
72.87500 41.96600 -1.04976 1.88535 0.48715 0.73967 0.00600 chy4
71.72100 42.01500 -1.35860 1.52380 0.43385 0.60253 0.01250 cha4
71.79200 41.49500 -1.96555 2.67158 0.49469 0.60428 0.00900 boz4
71.46000 41.36200 -1.49440 2.31132 0.30000 0.30000 0.00700 ala4
72.14500 41.55700 -2.34815 3.10177 0.42431 0.42688 0.01050 akj4
71.80000 40.11000 -2.98466 5.98764 0.50000 0.46000 0.08000 djd5
90.41800 38.37600 6.63015 9.75993 1.40000 1.40000 -0.01000 muli
88.89950 39.24050 -0.39283 8.19125 0.91891 1.48420 0.00050 hotl
71.60800 36.00100 -4.29177 19.09814 0.62436 0.52862 -0.02800 uchu
73.19227 37.67443 -6.43156 18.17817 0.71000 0.74000 0.04300 sasi
74.42732 38.06191 -4.73853 20.09386 1.05000 1.13000 0.03000 kash
71.30000 39.24582 -2.69986 7.84527 0.83000 0.90000 0.04400 jir0
87.70500 43.81400 3.49017 5.91715 0.50000 0.50000 -0.03100 ul18
79.92600 36.74300 -4.62216 15.74716 1.20000 1.10000 0.05800 p008
76.00000 39.48000 0.49244 16.81282 1.30000 1.20000 0.01900 p007
84.29400 43.26800 2.59193 7.28620 1.10000 0.80000 -0.00900 nana
84.94600 44.38500 3.69582 7.19209 1.10000 0.80000 0.02800 kuyt
77.17500 37.39600 -3.11586 18.52301 1.00000 1.00000 0.03100 koky
86.16900 41.70800 2.78363 9.00317 1.00000 0.90000 -0.03900 kl19
80.78100 41.38000 1.48997 14.75474 1.00000 0.80000 -0.01300 kara
85.15600 36.98600 0.77131 15.49399 1.50000 1.40000 0.02000 grub
82.07800 44.76900 1.50178 4.86629 1.20000 1.10000 0.01300 blzh
76.85600 38.44900 -2.01241 19.12024 1.00000 0.80000 -0.23000 as25
85.45600 37.38700 -0.52815 11.89670 1.20000 1.10000 0.02900 aqin
70.76688 38.57607 -16.52793 9.24284 0.57000 0.62000 -0.01500 hrba
71.26913 38.31464 -14.60200 15.47644 0.94000 1.01000 0.00200 gf14
71.02796 38.46641 -15.19977 10.54746 0.66000 0.73000 0.02400 gf13
70.81086 38.44668 -15.32366 10.60541 0.55000 0.60000 -0.07300 gf12
70.57610 37.12601 -12.61222 16.34835 1.36000 0.60000 -0.03500 fayz
74.06120 37.52290 -5.48000 19.99000 1.72000 1.00000 0.00000 ynga
70.71050 38.68840 -17.57000 11.04000 1.68000 0.92000 0.00000 gf02
70.23830 38.79880 -16.95000 6.06000 0.69000 0.65000 0.00000 gf01
70.18890 38.83400 -15.43000 1.37000 1.44000 1.02000 0.00000 gf06
69.93550 38.90640 -3.53000 1.62000 0.89000 1.01000 0.00000 gf07
69.86040 38.00610 -15.22000 6.00000 0.86000 0.75000 0.00000 gf18
68.85870 39.11230 1.57000 6.15000 0.61000 1.13000 0.00000 ygna
75.67163 39.98507 1.68696 14.37310 0.42000 0.46000 0.00000 tl02
78.15874 40.86606 1.50628 16.03312 0.16000 0.16000 0.00000 nj35
77.65893 39.84470 0.94367 16.10826 0.28000 0.27000 0.00000 nj33
77.97955 39.93970 0.57451 17.11118 0.24000 0.19000 0.00000 nj32
77.37491 39.82183 3.06582 14.87598 0.20000 0.20000 0.00000 nj31
77.78555 40.65515 0.51933 15.84495 0.32000 0.29000 0.00000 nj28
77.64376 40.38457 1.56783 15.39387 0.15000 0.15000 0.00000 nj27
77.32059 40.47353 2.24565 13.16024 0.18000 0.20000 0.00000 nj26
77.62087 40.60436 1.58857 14.67723 0.15000 0.15000 0.00000 nj25
77.59527 40.81826 -0.05052 14.66982 0.22000 0.24000 0.00000 nj24
76.94008 39.87462 0.41331 15.95005 0.21000 0.19000 0.00000 nj21
75.79772 40.06746 2.29849 13.31955 0.22000 0.20000 0.00000 nj20
76.16264 40.01209 2.28021 14.47507 0.14000 0.16000 0.00000 nj19
76.28474 40.14320 2.04419 14.85039 0.15000 0.17000 0.00000 nj18
76.01982 40.10546 1.71658 14.43376 0.14000 0.15000 0.00000 nj17
75.97510 39.80999 2.37444 15.06083 0.15000 0.15000 0.00000 nj14
75.93803 39.89645 2.47871 13.84011 0.15000 0.15000 0.00000 nj13
76.08007 40.36318 0.68747 13.66119 0.27000 0.28000 0.00000 nj12
75.88312 40.27778 0.92664 12.77424 0.19000 0.20000 0.00000 nj11
77.19436 40.04964 0.29772 13.01368 0.36000 0.38000 0.00000 kp31
78.28669 40.60224 1.85202 15.11021 0.55000 0.63000 0.00000 kp21
78.11136 40.52430 0.62981 16.09939 0.55000 0.61000 0.00000 kp20
77.79106 40.40482 0.91724 16.12655 0.37000 0.39000 0.00000 kp18
78.36287 40.48960 0.05596 15.96230 0.54000 0.60000 0.00000 kp17
78.17896 40.42889 0.93467 16.29898 0.56000 0.61000 0.00000 kp16
77.99147 40.45312 2.61754 16.60463 0.42000 0.46000 0.00000 kp15
77.49297 40.34224 4.44749 14.34018 0.43000 0.47000 0.00000 kp13
77.32142 40.28657 2.18688 14.29048 0.48000 0.52000 0.00000 kp12
79.04838 40.30917 1.97259 15.46111 0.40000 0.43000 0.00000 kp11
78.84569 40.36635 2.71653 14.22231 0.38000 0.41000 0.00000 kp10
78.67889 40.28526 2.10396 14.98394 0.39000 0.42000 0.00000 kp09
78.31170 40.19858 3.52290 16.33747 0.37000 0.41000 0.00000 kp08
78.11134 40.15625 1.92276 15.60938 0.36000 0.39000 0.00000 kp07
77.93379 40.15090 2.53419 14.88792 0.45000 0.51000 0.00000 kp06
77.76699 40.11799 -0.00562 15.99958 0.41000 0.44000 0.00000 kp05
77.59165 40.11254 2.11597 13.60877 0.40000 0.44000 0.00000 kp04
77.43487 40.10798 3.26750 13.01335 0.40000 0.43000 0.00000 kp03
78.83473 40.14845 0.92669 16.37914 0.40000 0.43000 0.00000 kp02
79.28682 40.48509 1.90945 15.94028 0.18000 0.17000 0.00000 js29
79.06555 39.71688 -2.21316 17.58609 0.65000 0.70000 0.00000 js28
78.99082 40.03849 0.43084 17.27441 0.33000 0.34000 0.00000 js26
78.81116 39.80842 0.29222 17.03230 0.25000 0.23000 0.00000 js25
78.80858 40.61722 5.80871 16.26155 1.11000 1.18000 0.00000 js23
78.52247 40.55531 2.93781 15.13858 0.20000 0.19000 0.00000 js21
78.20913 40.71712 0.99834 15.86773 0.28000 0.27000 0.00000 js20
78.38822 40.28320 1.75611 15.72965 0.18000 0.19000 0.00000 js19
77.99454 40.54203 1.73176 14.89552 0.22000 0.22000 0.00000 js18
77.90123 40.81614 0.60619 15.61848 0.17000 0.19000 0.00000 js16
77.13034 40.24040 1.73705 12.12514 0.21000 0.22000 0.00000 js15
77.38228 40.79465 0.69069 13.55811 0.17000 0.19000 0.00000 js14
76.94420 40.37995 1.17586 13.71124 0.32000 0.30000 0.00000 js13
76.63485 39.99213 0.04244 13.70169 0.35000 0.35000 0.00000 js11
77.30946 40.22841 0.67436 11.41702 0.51000 0.46000 0.00000 g0bf
82.56600 47.61100 -0.78975 0.56684 0.70000 0.70000 0.02800 ztr4
74.37900 42.30200 -0.83791 2.60417 0.40000 0.40000 0.00200 zkk4
80.88900 49.61900 -2.29869 -0.09990 0.70000 0.70000 0.02900 zes4
75.00900 41.09200 -1.25311 8.17750 0.40000 0.40000 0.00600 zba4
84.85600 47.43400 -0.52523 2.90433 0.70000 0.70000 0.03400 zas4
82.32200 49.93400 -2.47473 0.29925 0.70000 0.70000 0.01600 zar4
73.20700 41.33500 -1.86952 5.48449 0.70000 0.60000 -0.00400 yzg4
75.74100 41.97900 -0.70989 6.37790 0.30000 0.30000 0.00700 yuz4
68.96700 38.85400 -2.24224 4.54031 0.60000 0.60000 0.00300 warz
76.98100 42.02100 -0.14480 8.81853 0.40000 0.40000 0.00400 vtu4
76.74400 42.04000 0.46389 8.35410 0.40000 0.40000 0.00600 vtg4
74.99900 42.22100 -0.46686 3.97440 0.30000 0.30000 0.00700 vse4
76.33600 42.18500 0.88692 5.93994 0.40000 0.40000 0.00500 vkr4
78.83300 42.89800 0.88037 5.53062 0.50000 0.50000 0.00100 vke4
79.39200 42.54600 1.24035 8.58543 0.40000 0.40000 0.00400 vka4
77.86300 42.03100 0.03355 9.96259 0.40000 0.40000 -0.00700 vjk4
81.41400 50.66700 -2.65509 0.24663 0.70000 0.70000 0.02900 vav4
79.02200 43.14400 1.09846 4.98258 0.40000 0.50000 0.00600 uzl4
74.78000 41.06900 -1.24733 7.71520 0.50000 0.50000 0.00800 uzg4
74.92900 41.93600 -0.68721 5.05470 0.30000 0.30000 0.00400 uzb4
79.53200 44.47800 -1.98975 3.22389 0.80000 0.90000 0.04200 uyg4
73.47800 41.21900 -1.98827 6.55918 0.40000 0.40000 0.00100 uum4
77.96900 45.73900 -0.92232 2.09168 0.60000 0.60000 0.01300 ush4
76.33800 42.11000 -0.41897 6.24096 0.40000 0.40000 0.00100 urs4
71.95800 42.35400 -0.93651 1.44518 0.30000 0.30000 0.01300 urm4
75.08000 42.34600 -0.45930 3.69522 0.50000 0.50000 0.01600 ulu4
78.92600 42.85800 0.37516 6.05658 0.40000 0.40000 0.00400 ult4
75.95900 41.93400 -0.72051 6.63811 0.30000 0.30000 0.00500 uko4
70.25400 42.28000 -1.76306 1.28563 0.40000 0.40000 0.01500 ugam
73.33400 40.56900 -1.52871 7.01975 0.50000 0.50000 0.01700 tzb4
78.50900 42.63200 -0.23429 7.64026 0.30000 0.30000 0.00300 tyup
71.20300 40.21200 -0.86472 3.84181 0.70000 0.60000 0.04500 tut4
79.29700 43.02900 1.38186 4.75844 0.40000 0.40000 0.00700 tum4
78.94800 42.41500 0.63780 9.66181 0.30000 0.30000 0.00700 tua4
74.79000 42.05500 -0.57393 4.91630 0.40000 0.40000 -0.00700 tsh5
80.12600 45.51400 -2.79554 2.18809 0.70000 0.70000 0.03200 try4
83.63000 50.38200 -2.62217 0.76218 0.60000 0.70000 0.00500 trm4
75.38300 40.57800 -0.30037 10.57928 0.40000 0.40000 0.00600 trg4
77.31100 42.17600 0.05895 8.60991 0.30000 0.30000 0.01100 tos4
77.05200 42.15700 0.46376 7.73825 0.40000 0.40000 0.00400 ton4
75.83700 42.35500 0.21624 4.00387 0.30000 0.30000 0.00800 tok6
75.26300 40.88900 -0.77556 9.44706 0.40000 0.40000 0.00600 thr4
74.72200 41.51100 -1.01287 5.19762 0.40000 0.40000 0.00600 tgu4
71.14600 41.53900 -1.86650 1.72626 0.30000 0.30000 0.01100 ter4
80.86600 46.08100 -1.24612 2.29386 0.60000 0.70000 0.03200 ten4
73.33300 41.78500 -1.43963 3.21874 0.40000 0.40000 0.01100 tem4
78.84200 44.85500 -1.13716 1.83271 0.50000 0.50000 0.00500 tek4
76.59400 42.13700 0.27620 7.21157 0.30000 0.30000 0.01200 teg4
77.55300 42.13700 -0.15071 9.07740 0.40000 0.40000 0.00500 tam4
73.65700 44.23800 -0.43562 1.70696 0.70000 0.80000 0.00900 tald
67.80900 42.23300 -2.83732 0.83238 0.70000 0.70000 0.00600 takr
73.25700 39.73200 -0.57893 8.39799 0.60000 0.60000 0.02300 syt4
80.41200 42.90600 1.05000 6.36809 0.40000 0.40000 0.00800 sum4
78.22600 43.43300 0.74137 2.96233 0.60000 0.60000 0.02000 sug4
75.81400 42.12800 0.19865 4.69764 0.80000 0.80000 0.01700 ste4
77.89000 42.34900 -0.24305 8.56886 0.40000 0.40000 -0.00100 ssr4
78.27500 43.22700 0.52151 3.57584 0.50000 0.50000 0.00400 srt4
78.30700 42.78600 0.08306 5.08517 0.30000 0.30000 0.00700 srb4
73.90100 42.64400 -0.99175 1.87340 0.50000 0.60000 0.01400 sos4
75.42300 41.91400 -1.00577 5.78968 0.30000 0.30000 0.00300 son4
77.62700 41.91800 0.33043 9.79716 0.40000 0.40000 -0.00200 smo4
75.77200 40.47600 0.07961 11.18521 0.60000 0.60000 0.01500 sme4
83.49100 49.54100 -2.84179 0.42469 0.60000 0.60000 0.00800 slp4
76.35400 42.24600 0.69077 5.64613 0.40000 0.50000 0.01100 skt4
79.32200 42.60400 1.74545 9.16470 0.40000 0.40000 0.00200 skr4
77.95900 42.09500 0.03516 9.98858 0.40000 0.40000 -0.00200 sjk4
72.78900 41.30200 -2.65503 4.37136 1.00000 1.00000 0.03600 shy5
79.30400 42.86800 1.16708 5.26051 0.40000 0.40000 0.00600 shl4
71.53200 42.45400 -1.00906 1.43002 0.30000 0.30000 0.01000 shi4
78.93600 43.69000 0.94795 4.15869 0.60000 0.60000 0.01800 she4
80.48700 43.25100 1.17926 6.28888 0.50000 0.50000 0.01500 shd4
75.39700 42.62200 0.05328 4.08342 0.40000 0.40000 0.06700 sha5
78.81300 43.43000 0.72665 4.32441 0.40000 0.50000 0.00700 sgd4
78.74200 43.90000 0.57224 2.90567 0.50000 0.60000 0.01700 sex4
76.04500 42.27500 -0.09630 5.45998 0.30000 0.30000 0.00800 sem4
74.15300 42.05200 -1.05080 3.64291 0.30000 0.30000 0.00400 sdy4
81.18600 47.38100 -2.19992 -0.41677 0.70000 0.70000 0.03600 sdt4
80.11700 42.50300 1.72244 9.08600 0.70000 0.70000 0.00400 sba4
72.24800 39.43900 -4.85698 15.92503 0.90000 0.90000 0.01900 sauk
78.40800 43.05700 1.50436 4.41221 0.70000 0.70000 0.00400 saty
78.97200 42.75100 0.76520 5.86906 0.30000 0.30000 0.00800 sas4
71.70100 40.77400 -1.94839 4.87567 0.40000 0.40000 0.00300 sary
85.79400 49.19300 -3.19919 1.76645 0.70000 0.70000 0.01100 sar4
70.88100 41.69700 -1.54072 1.65469 0.40000 0.40000 0.01600 san4
68.24600 39.69400 -1.25492 3.34849 0.40000 0.40000 0.00200 san1
82.55000 49.47100 -2.14333 -0.83733 0.70000 0.70000 0.01400 sal4
76.71500 42.25000 0.98165 5.54481 0.40000 0.40000 0.00500 sak4
79.74000 42.90500 1.36182 8.48106 0.60000 0.60000 0.00900 saaz
76.10300 42.52300 1.12215 4.57657 0.40000 0.40000 0.01300 ryb4
78.90600 42.54800 0.15071 9.05037 0.40000 0.40000 -0.00200 rts4
72.66700 42.70600 -1.33649 1.03715 0.50000 0.50000 0.00700 rtr4
70.39100 39.86400 -1.05121 3.02295 0.60000 0.60000 0.04200 rtc4
75.73200 41.69700 -0.33241 6.57481 0.30000 0.30000 0.00400 rsr4
75.37000 41.76000 0.18464 5.37514 0.30000 0.30000 0.00400 rso4
79.06600 42.12100 0.51196 9.39504 0.40000 0.40000 -0.00500 rkt4
74.74200 41.72600 -0.79627 4.80282 0.40000 0.40000 0.00100 rkr4
79.14200 41.96400 0.39902 11.21683 0.80000 0.80000 0.00800 rka4
75.19500 43.17400 -1.69278 1.42738 0.50000 0.50000 0.01400 rga4
82.30600 46.12100 0.03901 3.09508 0.70000 0.70000 0.03900 ras4
74.25200 41.91200 -0.96493 4.26890 0.30000 0.30000 0.00700 ral4
73.62700 41.28800 -2.68888 5.49967 0.40000 0.40000 0.00000 pur4
75.08800 40.57800 -0.39144 9.39830 0.40000 0.40000 0.00700 ptu4
78.86100 42.62000 0.75772 7.83691 0.40000 0.40000 0.00100 pto4
78.92600 42.72100 0.16338 8.25658 0.40000 0.40000 0.00400 psh4
82.59800 50.35700 -2.81645 1.07618 0.70000 0.70000 0.01000 pse4
78.29200 42.54700 0.26347 7.78101 0.40000 0.40000 0.00000 ppr4
78.07600 43.20800 0.72612 3.62078 0.70000 0.70000 0.01700 pkz4
80.22800 43.75600 1.02923 5.31616 0.40000 0.50000 0.00600 pdb4
79.06000 42.39600 0.73352 8.99297 0.40000 0.40000 -0.00300 pch4
80.04000 43.99400 1.05342 2.36419 0.50000 0.50000 0.02000 pan0
75.13000 40.84800 -0.97407 9.01072 0.40000 0.40000 0.00400 pak4
74.07600 40.43600 -1.96493 10.02214 0.40000 0.40000 -0.00400 oyt4
72.74300 40.52200 -1.70962 6.05890 0.40000 0.50000 0.01300 osh4
77.91800 42.44000 -0.53527 8.37715 0.30000 0.30000 0.00300 orgo
75.98300 41.57700 -0.74901 7.74435 0.80000 0.80000 0.03500 ona4
67.67000 40.29100 -1.28253 2.89508 0.40000 0.40000 0.00300 okt1
74.54900 42.04000 -0.46511 3.75188 0.30000 0.30000 0.00500 ogi4
75.84900 41.43300 -0.85535 10.10699 0.70000 0.70000 0.02500 obo4
78.37400 42.68400 -0.12598 6.40386 0.40000 0.40000 0.00200 ntp4
79.21000 43.13900 0.99394 5.33453 0.40000 0.40000 0.00400 nte4
73.76300 40.88000 -2.92467 8.03602 0.40000 0.40000 -0.00300 nsb4
74.69000 41.82000 -0.68825 5.18929 0.40000 0.40000 -0.00100 nrk4
79.21000 42.66500 0.75266 9.23453 0.40000 0.40000 0.00400 nkr4
78.23800 42.40600 -1.54615 9.66646 0.80000 0.80000 0.01200 njt4
77.94600 42.24800 -0.45205 9.78444 0.40000 0.40000 -0.00400 njk4
75.73000 41.87500 -1.01869 5.87479 0.80000 0.80000 0.00300 ngs4
80.00000 42.59900 2.23260 9.25377 0.70000 0.70000 0.01200 nba4
76.25500 41.44600 -0.36763 9.91912 0.40000 0.40000 0.01600 nar5
73.31800 42.17500 -0.00912 2.41559 0.40000 0.40000 0.00700 mus4
73.79600 38.13700 -6.58430 23.24435 0.60000 0.60000 0.00500 murg
78.11200 42.43900 -0.04084 8.73115 0.40000 0.40000 -0.00400 mun4
76.57200 41.12900 -1.29904 11.50535 0.90000 0.90000 0.04700 mud4
75.03800 41.66900 -0.71215 5.48479 0.30000 0.30000 0.00400 mol4
79.32300 42.75700 0.65820 8.76571 0.50000 0.50000 0.00100 mnj4
73.04500 42.24800 -0.69126 1.74089 0.40000 0.40000 0.00900 mkr4
73.34100 42.52400 -1.48065 1.12082 0.50000 0.50000 0.01000 mer4
70.15700 40.03500 -0.32764 1.15969 0.60000 0.60000 0.03300 mdg4
76.47800 43.15500 -0.93591 2.98039 0.40000 0.40000 0.00700 may1
78.50100 44.22500 -0.99145 1.43818 0.60000 0.60000 0.01500 mat4
73.22100 41.57200 -1.15193 4.68863 0.40000 0.40000 0.01200 ljm4
68.52600 38.32300 -8.24964 4.22313 0.60000 0.60000 0.01200 ledi
69.93300 39.77400 -0.63339 2.89954 0.60000 0.60000 0.05700 lam4
78.31400 43.52200 1.34699 3.58724 0.70000 0.70000 0.01400 kzz4
75.97700 40.52300 0.97789 11.24229 0.70000 0.70000 0.01900 kzy4
73.32300 39.37900 -5.50246 15.71564 0.70000 0.70000 0.01500 kyzy
75.13500 42.09200 -0.78211 4.61077 0.30000 0.30000 0.00600 kyz4
68.71500 37.87400 -9.58147 7.27292 0.80000 0.80000 0.01600 kurg
72.83200 43.25300 -1.39570 0.88278 0.70000 0.70000 0.00300 kura
75.56900 41.35800 -0.95134 9.03016 0.30000 0.30000 0.01200 kun4
75.76100 41.74900 0.27141 6.38310 0.80000 0.80000 0.05000 kuk4
79.85800 43.63000 1.22442 5.71429 0.70000 0.70000 0.02000 kud4
76.19800 42.89500 -0.84967 1.90354 0.50000 0.50000 0.01100 kty4
73.38500 45.78500 -0.06072 3.03326 0.60000 0.60000 0.00100 ktss
76.38700 42.61900 0.32112 3.65546 0.40000 0.40000 0.02200 kte4
83.99800 47.67000 -1.09337 2.16512 0.70000 0.70000 0.02200 kst4
77.74400 44.59200 -2.43757 1.32936 0.60000 0.70000 0.02600 ksh4
73.66700 41.34400 -1.48710 5.01006 0.50000 0.50000 0.00000 krv4
76.44300 40.73400 -0.12192 12.17003 0.70000 0.70000 0.01200 kru4
75.04800 41.48700 -0.72589 6.08790 0.40000 0.40000 0.00500 krt4
79.92600 43.02700 1.16912 5.83300 0.40000 0.40000 0.00500 krs4
78.16100 43.48300 0.24849 2.64466 0.60000 0.60000 0.01400 krm4
76.43400 41.12200 -0.69561 11.46794 0.40000 0.40000 0.00800 krl6
71.90400 39.49400 -1.43991 5.13165 0.60000 0.60000 0.04800 krk4
85.06600 48.79700 -2.85142 0.56259 0.90000 0.90000 0.04900 krc4
76.07200 41.78100 -0.23662 7.76826 0.30000 0.30000 0.00400 krb4
79.09200 42.16600 1.51581 10.00231 0.30000 0.30000 0.01000 koy4
73.88100 41.80800 -1.06053 3.06920 0.50000 0.50000 0.01500 kovk
76.52000 40.91800 -0.11250 12.79182 0.70000 0.70000 0.01000 kos4
84.95900 49.41200 -2.56835 0.23344 0.70000 0.70000 0.01300 kor4
79.88500 46.95900 -3.22696 0.22157 0.80000 0.80000 0.03500 kol4
78.64600 43.45200 0.63311 3.37868 0.40000 0.40000 0.00300 kok4
76.40800 41.89200 -1.33784 8.56068 0.70000 0.70000 0.02400 kog4
78.82500 43.02400 0.99120 4.82853 0.40000 0.40000 0.00100 kns4
71.46400 39.87500 -1.09907 5.51235 0.60000 0.60000 0.03100 kng4
70.97500 39.74200 -0.68411 4.58060 0.60000 0.60000 0.02800 klm4
75.55000 41.01800 -1.07469 9.52496 0.80000 0.70000 0.02900 kky4
70.22200 43.27100 -1.07292 1.17732 0.60000 0.60000 0.00900 kkt4
75.14600 42.25700 -0.66839 3.91488 0.40000 0.40000 0.01000 kko4
76.20500 41.90200 -0.63123 8.10461 0.50000 0.50000 0.02300 kkd4
74.92800 41.73700 -0.40290 4.95469 0.40000 0.40000 0.00100 kkc4
72.73500 39.67800 -0.96309 7.25682 0.60000 0.60000 0.02500 kkb4
72.89400 41.69500 -1.42997 3.69940 0.40000 0.40000 0.01400 kka4
73.19000 41.00100 -2.69394 6.57933 0.50000 0.50000 -0.01500 kja6
74.06600 42.20400 -0.83472 2.91904 0.30000 0.30000 0.00200 kin4
72.29700 40.36200 -0.50082 4.93751 0.60000 0.60000 0.03800 khz4
73.67200 44.38000 -0.42180 -0.18789 0.50000 0.60000 0.00500 kha4
80.35500 43.40000 1.69439 5.45149 0.50000 0.50000 0.00500 ket4
76.05700 42.75900 -0.15704 2.06411 0.50000 0.50000 0.01400 kek4
69.82400 42.03600 -1.96213 1.27050 0.40000 0.40000 0.01700 kazy
80.00800 42.74000 1.64335 8.45586 0.70000 0.60000 0.01700 kat4
76.84000 41.13200 -0.20685 11.97909 0.30000 0.30000 0.00500 kasu
75.96700 43.04500 -1.22914 3.14019 0.70000 0.80000 0.00500 kast
75.44300 42.30000 -0.17542 3.69588 0.30000 0.30000 0.00600 kas4
76.77600 41.73300 0.03929 9.76143 0.40000 0.40000 0.01900 kar4
76.39700 42.30600 0.49455 4.65856 0.40000 0.40000 0.00800 kal4
72.90400 42.80600 -0.93846 2.70149 0.40000 0.40000 0.00800 kak1
76.10100 41.17300 -1.08168 11.47655 0.50000 0.50000 0.02400 kai4
81.60900 49.52800 -1.52275 0.60069 0.80000 0.70000 0.01900 kab4
80.04700 49.06500 0.33983 -0.23373 0.70000 0.70000 0.02500 k241
75.84400 47.85200 -0.90630 -1.89406 0.70000 0.70000 0.02000 k231
76.06400 49.38500 -0.80507 0.36618 0.70000 0.70000 0.02800 k221
78.40600 49.19400 -2.10505 0.51119 0.80000 0.80000 0.05800 k211
78.90000 50.16800 -1.37753 -0.45169 0.70000 0.70000 0.04200 k201
75.78300 50.80800 -0.78554 -1.01068 0.80000 0.70000 0.02100 k191
73.55300 45.75500 0.12868 -0.52007 0.70000 0.70000 0.01800 k181
74.57100 46.90800 0.12348 -0.54290 0.70000 0.70000 0.02500 k171
73.66000 49.40700 -0.40811 -0.89201 0.90000 0.70000 0.05500 k161
71.84800 51.33800 -0.22859 -0.38489 0.70000 0.70000 0.01800 k151
74.01000 51.69400 -0.27515 -0.99652 0.90000 0.70000 0.02500 k141
69.65000 43.50400 -0.92085 0.72383 1.00000 0.80000 0.04000 k121
69.03400 43.37600 -1.80028 0.65895 0.90000 0.80000 0.02500 k111
67.17600 44.40100 -2.08908 0.66347 0.80000 0.80000 0.02200 k100
66.46200 47.82800 -0.82678 -0.92315 0.90000 0.70000 0.04200 k091
70.01900 49.01300 -1.38229 -1.17763 0.80000 0.70000 0.01700 k081
65.79500 48.05200 -0.35051 -0.19929 0.80000 0.70000 0.03700 k071
66.31600 51.75100 0.18140 0.93750 1.00000 0.70000 0.01900 k051
75.64500 42.10500 -0.99778 5.45193 0.30000 0.30000 0.01400 jua4
78.22400 43.10400 0.31183 3.66231 0.40000 0.50000 0.00400 jni4
73.68600 40.63700 -3.03900 7.71525 0.50000 0.50000 0.00400 jlk4
75.33400 43.01100 -1.21303 1.46578 0.40000 0.40000 0.00000 jjo4
78.27400 42.29700 -0.05608 9.57483 0.40000 0.40000 0.00300 jet4
78.68100 43.25400 1.01428 3.68804 0.40000 0.40000 0.00300 jap4
71.52600 42.90800 -1.46855 0.92896 0.60000 0.50000 0.01300 jam4
77.49000 43.26100 -0.35519 3.35975 0.60000 0.80000 0.03800 isy5
78.21000 41.60100 1.49129 11.15817 0.40000 0.50000 -0.00200 ish4
79.07000 42.01500 1.60413 10.39608 0.30000 0.30000 0.00300 iny4
78.18800 43.95300 -0.81019 1.85194 0.70000 0.70000 0.02300 ili4
73.79600 39.65400 0.39545 9.94435 0.70000 0.60000 0.00300 ikz4
73.06700 42.49300 -0.97165 1.54711 0.30000 0.30000 0.00800 hrt4
73.80200 42.42600 -0.80712 1.14641 0.30000 0.30000 -0.00600 hon4
76.76700 42.64100 0.31190 3.65934 0.30000 0.30000 0.01000 hok4
83.59000 49.82800 -2.30207 -0.54825 0.70000 0.70000 0.00400 heb4
77.13900 42.07100 0.25564 8.56115 0.40000 0.40000 0.00900 gta4
78.62100 43.54600 0.74305 3.77042 0.40000 0.40000 0.00500 gso4
78.92100 43.03900 0.89091 4.85453 0.40000 0.40000 0.00300 gku4
76.72500 42.17100 -0.02526 6.74791 0.40000 0.40000 0.00900 gko4
78.78700 43.66400 0.54941 4.91714 0.70000 0.70000 0.01400 gbl4
68.51500 37.64200 -8.18227 5.72003 0.60000 0.60000 0.01200 gara
84.93100 48.22100 -0.42787 2.92514 0.70000 0.70000 0.01900 gak4
80.30800 43.06100 1.56603 6.03900 0.40000 0.40000 0.00100 ese4
76.42200 41.49400 0.43178 11.26482 0.70000 0.70000 0.02500 eng4
74.45200 41.82100 -0.97846 5.12391 0.30000 0.30000 0.00500 eme4
75.05100 42.62400 -0.63459 2.98893 0.50000 0.50000 0.00700 els4
74.21500 42.61800 -1.10579 2.46053 0.30000 0.30000 0.00700 elg4
76.46800 41.82000 -0.54491 8.27829 0.30000 0.30000 0.00600 elb4
76.74200 42.07000 0.36585 7.95308 0.30000 0.30000 0.00800 eks4
76.36700 43.00500 -1.84636 2.45026 0.60000 0.60000 0.02000 ega4
74.36600 41.47600 -1.70264 5.40204 0.40000 0.40000 0.00000 dyu4
68.62500 38.51600 -5.84436 10.75007 0.90000 0.90000 0.02600 dusc
78.66800 43.43200 0.53007 3.78490 0.40000 0.40000 0.00400 dso4
79.87700 43.38000 1.30072 5.81849 0.60000 0.70000 0.02800 dor4
73.61900 40.92500 -3.01527 7.89759 0.60000 0.60000 0.00800 dng4
74.46900 40.98700 -0.84218 7.82908 0.50000 0.50000 0.00600 djr4
73.95600 41.89600 -0.75491 3.98894 0.30000 0.30000 0.00500 dje4
66.10600 38.33800 -3.71740 6.68257 0.60000 0.60000 0.02000 djan
76.49800 41.24500 -0.48802 11.88559 0.70000 0.70000 0.01200 dja4
67.88000 38.23500 -1.82106 3.15205 0.50000 0.40000 0.01600 dena
75.76600 43.24500 -1.00574 1.38415 0.50000 0.50000 0.01200 dege
72.28600 39.57300 -2.15137 7.53440 0.60000 0.60000 0.03100 dat4
75.04100 40.78200 -0.57567 9.18583 0.40000 0.40000 0.00500 dar4
78.45700 43.13700 1.00910 4.52672 0.40000 0.40000 0.00000 dal4
74.00200 43.42300 -1.12702 0.40140 0.40000 0.40000 -0.00500 chu4
76.05200 41.33400 -0.36881 10.56305 0.70000 0.70000 0.01900 cht4
78.97600 43.27100 1.10941 4.47010 0.40000 0.40000 0.00100 chr4
77.07500 42.71900 0.10984 4.44449 0.30000 0.30000 0.01800 cho4
78.37300 43.52900 0.44680 2.80285 0.70000 0.70000 0.00500 chlk
77.84500 43.26700 -0.16427 3.55640 0.40000 0.50000 0.00200 chl4
77.73900 41.52700 0.69778 11.52831 0.60000 0.60000 0.00700 chk4
78.87800 43.58400 0.53926 6.54308 0.60000 0.60000 0.00600 chil
75.75000 40.68600 -0.00472 11.57999 0.70000 0.70000 0.02100 cek4
72.09000 40.19900 -1.60382 7.08048 0.40000 0.40000 0.00600 cauv
68.10400 41.24500 -1.83547 1.91115 0.40000 0.40000 0.02000 car1
75.72900 42.74900 -0.64697 2.27478 0.30000 0.30000 0.00400 bys4
76.43200 42.81100 -0.86430 2.46792 0.30000 0.40000 0.00300 buz4
79.05300 42.26100 1.22376 9.89090 0.40000 0.40000 -0.00100 bur4
75.02000 41.18600 -1.34630 8.47961 0.40000 0.40000 0.00400 btr4
70.76500 40.04800 -0.55587 2.42256 0.60000 0.60000 0.03300 btk4
70.52000 42.56900 -1.45139 1.15819 0.60000 0.60000 0.01800 brl4
71.28300 43.77700 0.22455 0.96259 0.70000 0.70000 0.00400 bost
73.23500 41.64800 -1.34709 4.19177 0.40000 0.40000 0.01100 bor4
83.98400 49.03800 -2.01493 0.16197 0.70000 0.70000 0.00700 bol4
73.21200 42.76800 -1.35350 0.58654 0.80000 0.70000 -0.00100 bok4
75.42600 40.75700 -0.49084 10.49171 0.70000 0.70000 0.02000 bke4
79.41600 45.13700 -1.42114 2.19168 0.70000 0.70000 0.03600 bin4
75.03000 40.64600 -0.38439 9.18271 0.40000 0.40000 0.00500 bet4
70.52400 40.35700 -1.92350 5.35923 0.60000 0.60000 0.00800 besh
75.79500 42.81800 -0.54328 2.19245 0.30000 0.30000 0.00600 bes4
75.65700 42.95700 -0.72702 2.35505 0.50000 0.50000 0.01400 ber4
67.04600 38.17500 -1.87878 5.23126 0.60000 0.60000 0.01700 bays
75.08300 41.07900 -1.15632 8.19725 0.40000 0.40000 0.00700 bay4
75.01900 41.57600 -0.51794 4.87960 0.40000 0.40000 0.00300 bau4
77.61600 42.00800 0.13832 9.79404 0.50000 0.50000 0.03600 bar4
73.98000 45.06900 -1.46344 0.59518 0.70000 0.80000 0.01100 balh
73.26800 39.51300 -2.79254 10.10110 0.60000 0.60000 0.02800 bab4
77.11400 43.89700 0.11416 1.85589 0.40000 0.50000 0.00300 azo4
76.96600 43.05900 -0.65931 3.31437 0.50000 0.50000 0.00900 ast4
78.14800 43.31000 0.33177 3.04053 0.50000 0.50000 0.00200 ass4
81.10500 50.09100 -1.23429 -0.43962 0.70000 0.70000 0.02700 asr4
73.49400 42.70000 -1.97141 0.86334 0.50000 0.50000 0.01700 asp4
73.53800 40.07500 0.63050 7.47478 0.70000 0.70000 0.05800 ask4
74.82700 40.83800 -0.76408 8.12767 0.40000 0.40000 0.00800 arp4
79.65700 46.64900 -0.86010 1.55819 0.90000 0.90000 0.06700 arg4
76.66500 41.69300 0.23870 8.73230 0.70000 0.70000 0.02000 arc4
77.75000 41.86000 0.92317 9.73042 0.40000 0.40000 -0.00400 ara4
70.08200 41.10200 -0.84895 3.83997 0.60000 0.60000 0.00300 angr
69.51400 39.73700 -1.21678 4.18753 0.70000 0.60000 0.06000 and4
77.60300 42.79000 0.10213 4.48991 0.30000 0.30000 0.01400 ana4
74.24400 40.33100 -2.07829 13.36682 0.40000 0.40000 0.00600 alun
77.76300 43.90800 -0.40385 1.03456 0.40000 0.40000 0.00300 alt4
69.73000 40.82900 -1.15124 2.94459 0.50000 0.50000 -0.02700 alm1
72.25800 39.42100 -7.35798 11.52613 0.60000 0.60000 0.03500 ald4
76.16700 42.31300 0.10326 4.79422 0.40000 0.40000 0.01300 alb5
79.85100 43.42700 1.20573 5.21222 0.50000 0.50000 0.00200 akt4
76.85400 42.88500 0.02928 2.88323 0.40000 0.40000 0.00400 akk4
78.54200 41.79500 1.59800 10.54960 0.40000 0.40000 -0.00500 akh4
80.13500 47.88200 -3.11915 0.59019 0.80000 0.70000 0.03000 akd4
76.95600 42.07300 0.56119 8.51127 0.30000 0.30000 0.00600 akb4
79.96900 42.89600 1.25820 6.94445 0.40000 0.40000 0.00300 aib4
70.02300 40.80000 -1.46831 4.62341 0.60000 0.60000 0.00800 adra
75.52500 44.13200 -1.31496 0.91771 0.40000 0.40000 0.00000 ada4
72.05000 41.78400 -2.38811 1.97009 0.30000 0.30000 0.01000 abd4
73.75500 42.16800 -0.12561 3.63394 0.30000 0.30000 0.00400 aac4
79.27000 41.99000 -0.60838 11.71616 1.42000 1.21000 0.00800 uch4
76.87000 43.33700 -0.58138 3.42739 0.66000 0.55000 0.03700 atak
75.29000 42.68000 -1.65645 1.90334 0.33000 0.38000 -0.02000 iv12
75.15000 42.65000 -1.80895 1.81992 0.34000 0.37000 -0.03000 iv11
75.03000 42.75000 -1.53269 1.83471 0.30000 0.34000 -0.03000 iv05
75.03000 42.61000 -1.39350 3.41471 0.40000 0.40000 -0.12000 iv17
74.90000 42.67000 -1.59015 2.10941 0.29000 0.33000 -0.01000 iv16
74.88000 42.71000 -1.64714 2.79120 0.41000 0.43000 0.09000 iv09
74.87000 42.81000 -3.42924 0.50110 0.29000 0.32000 -0.04000 iv04
74.84000 42.76000 -2.12407 3.73280 0.34000 0.38000 -0.07000 iv8a
74.79000 42.73000 -2.66687 2.33430 0.31000 0.35000 -0.08000 iv08
74.78000 42.70000 -1.37779 2.05620 0.30000 0.33000 -0.03000 iv8b
74.77000 42.80000 0.22811 0.99610 0.30000 0.34000 -0.01000 iv03
74.77000 42.66000 -2.01271 3.10610 0.29000 0.33000 -0.04000 iv22
74.76000 42.68000 -1.30970 3.08600 0.60000 0.73000 -0.05000 iv15
74.71000 42.72000 -1.84859 3.89849 0.31000 0.35000 -0.03000 iv7a
74.70000 42.76000 -2.96561 3.04839 0.32000 0.35000 -0.07000 iv07
74.62000 42.75000 -1.81633 2.61159 0.30000 0.33000 -0.04000 iv06
74.58000 42.66000 -2.91307 1.86219 0.32000 0.36000 -0.02000 iv14
74.48000 42.66000 -1.18574 3.00819 0.36000 0.38000 -0.08000 iv20
74.48000 42.59000 -2.19064 3.16819 0.42000 0.44000 -0.01000 iv21
74.42000 42.78000 -1.70569 0.92058 0.60000 0.69000 -0.04000 iv13
74.26000 42.66000 -2.02799 2.39698 0.37000 0.39000 -0.04000 iv19
74.07000 42.68000 -2.01737 1.74508 0.36000 0.37000 -0.04000 iv18
91.91000 38.09000 7.34030 5.56940 1.40000 1.40000 0.00200 v303
89.93800 48.98200 2.41298 3.20365 0.68000 0.32000 0.10600 ulgi
91.19800 51.33400 -0.08940 0.77753 0.65000 0.32000 0.08100 chad
91.62900 47.76300 -0.05573 5.16629 0.84000 0.47000 0.07600 hovd
92.07800 49.97100 1.22249 2.39225 0.81000 0.39000 0.08200 ulaa
95.02300 50.25000 -1.00482 1.93496 0.89000 0.57000 0.05400 erzn
91.82100 37.88700 9.08805 11.59141 1.50000 1.40000 -0.00600 mang
84.77000 50.94000 -2.98193 0.14041 1.50000 1.30000 0.07600 ustk
95.87300 49.61800 -0.97631 1.74044 1.10000 1.00000 0.10800 tes1
87.89000 50.24000 -2.18374 0.09622 1.40000 1.30000 0.06200 kura
85.44000 50.15000 -2.28256 0.05163 1.40000 1.40000 0.08700 kait
91.62500 47.96300 2.01712 1.96325 1.00000 1.00000 0.11100 hova
88.42000 50.07000 -1.18373 2.70600 1.50000 1.40000 0.04200 chag
