74.75000 43.00000 -1.64000 0.89000 -0.53000 0.06000 0.05000 0.17000 0.00000 0.00000 0.00000 CHUM dzwang20
95.76000 40.52000 2.44000 4.04000 -2.15000 0.03000 0.06000 0.13000 0.00000 0.00000 0.00000 GSAX dzwang20
94.68000 40.14000 1.95000 4.58000 -2.37000 0.08000 0.07000 0.14000 0.00000 0.00000 0.00000 GSDH dzwang20
87.18000 43.47000 2.94000 7.30000 0.64000 0.09000 0.08000 0.18000 0.00000 0.00000 0.00000 GUAO dzwang20
74.69000 42.68000 -1.71000 2.88000 -1.10000 0.23000 0.11000 0.18000 0.00000 0.00000 0.00000 POL2 dzwang20
94.77000 36.15000 8.01000 8.80000 -1.43000 0.06000 0.07000 0.17000 0.00000 0.00000 0.00000 QHGE dzwang20
93.33000 38.74000 5.69000 5.38000 0.72000 0.07000 0.41000 0.20000 0.00000 0.00000 0.00000 QHLH dzwang20
90.80000 38.48000 6.34000 10.17000 -2.27000 0.05000 0.06000 0.41000 0.00000 0.00000 0.00000 QHMY dzwang20
77.02000 43.18000 -0.59000 2.60000 -0.87000 0.09000 0.07000 0.19000 0.00000 0.00000 0.00000 SELE dzwang20
75.23000 37.77000 -3.63000 20.83000 -0.76000 0.19000 0.32000 0.35000 0.00000 0.00000 0.00000 TASH dzwang20
87.60000 43.81000 2.09000 5.86000 -0.10000 0.12000 0.37000 0.60000 0.00000 0.00000 0.00000 URUM dzwang20
79.21000 41.20000 1.39000 14.77000 -1.50000 0.14000 0.11000 0.28000 0.00000 0.00000 0.00000 WUSH dzwang20
78.77000 39.81000 -0.11000 16.90000 -1.72000 0.15000 0.15000 0.25000 0.00000 0.00000 0.00000 XJBC dzwang20
74.97000 38.65000 -5.33000 20.68000 0.64000 0.28000 0.22000 0.52000 0.00000 0.00000 0.00000 XJBL dzwang20
83.72000 42.83000 2.83000 8.62000 -0.80000 0.10000 0.11000 0.44000 0.00000 0.00000 0.00000 XJBY dzwang20
79.05000 37.16000 -3.18000 18.52000 -2.06000 0.16000 0.25000 0.45000 0.00000 0.00000 0.00000 XJHT dzwang20
94.34000 42.85000 3.70000 4.35000 -1.25000 0.05000 0.06000 0.16000 0.00000 0.00000 0.00000 XJJJ dzwang20
82.98000 41.73000 2.98000 11.65000 -3.28000 0.08000 0.09000 0.48000 0.00000 0.00000 0.00000 XJKC dzwang20
86.19000 41.79000 2.42000 9.77000 -0.71000 0.14000 0.11000 0.63000 0.00000 0.00000 0.00000 XJKE dzwang20
90.30000 43.81000 3.22000 6.39000 -1.43000 0.05000 0.08000 0.24000 0.00000 0.00000 0.00000 XJML dzwang20
85.53000 38.12000 -0.49000 10.25000 -2.62000 0.09000 0.10000 0.26000 0.00000 0.00000 0.00000 XJQM dzwang20
88.17000 39.02000 0.75000 8.81000 -2.83000 0.06000 0.07000 0.30000 0.00000 0.00000 0.00000 XJRQ dzwang20
90.26000 42.89000 3.49000 6.56000 -1.86000 0.06000 0.10000 0.15000 0.00000 0.00000 0.00000 XJSS dzwang20
83.66000 38.97000 0.07000 12.29000 -1.79000 0.09000 0.11000 0.44000 0.00000 0.00000 0.00000 XJTZ dzwang20
86.72000 42.92000 3.33000 8.44000 0.11000 0.06000 0.09000 0.36000 0.00000 0.00000 0.00000 XJWL dzwang20
75.24000 39.74000 -0.40000 13.27000 -1.24000 0.13000 0.17000 0.39000 0.00000 0.00000 0.00000 XJWU dzwang20
83.26000 43.40000 1.86000 8.13000 -0.69000 0.09000 0.19000 0.38000 0.00000 0.00000 0.00000 XJXY dzwang20
77.45000 37.85000 -2.30000 20.30000 -1.86000 0.23000 0.31000 0.45000 0.00000 0.00000 0.00000 XJYC dzwang20
81.53000 43.97000 0.68000 7.45000 -2.26000 0.18000 0.24000 1.16000 0.00000 0.00000 0.00000 XJYN dzwang20
81.97000 36.43000 -4.01000 14.83000 -2.45000 0.18000 0.24000 0.41000 0.00000 0.00000 0.00000 XJYT dzwang20
80.36000 42.68000 2.22000 8.13000 -0.72000 0.07000 0.10000 0.41000 0.00000 0.00000 0.00000 XJZS dzwang20
68.37070 39.08440 -0.24000 2.67000 -1.15000 0.90000 0.97000 2.38000 0.00000 0.00000 0.00000 SRYA metzger20
68.53220 38.33440 -5.50000 5.42000 -2.82000 0.25000 0.17000 0.60000 0.00000 0.00000 0.00000 LNSA metzger20
68.53220 38.33440 -7.05000 2.65000 -1.02000 0.13000 0.09000 0.52000 0.00000 0.00000 0.00000 LNSB metzger20
68.54460 39.38920 3.04000 1.31000 -1.55000 1.79000 0.87000 1.97000 0.00000 0.00000 0.00000 AINA metzger20
68.60960 38.74160 -0.95000 2.50000 -5.36000 0.96000 1.48000 2.30000 0.00000 0.00000 0.00000 TDPA metzger20
68.61630 37.93440 -6.35000 2.07000 -7.02000 0.37000 0.34000 2.53000 0.00000 0.00000 0.00000 GANA metzger20
68.66730 37.37260 -9.49000 0.02000 -1.30000 3.02000 1.47000 3.38000 0.00000 0.00000 0.00000 DUSB metzger20
68.85870 39.11230 1.57000 6.15000 -7.81000 0.61000 1.13000 3.13000 0.00000 0.00000 0.00000 YGNA metzger20
69.18450 38.46730 -9.34000 4.18000 -1.61000 1.74000 1.43000 3.61000 0.00000 0.00000 0.00000 GF21 metzger20
69.19920 38.03660 -12.15000 4.14000 -0.56000 0.60000 0.85000 1.00000 0.00000 0.00000 0.00000 LAKA metzger20
69.22270 38.39310 -14.62000 4.74000 -7.78000 0.45000 0.56000 2.56000 0.00000 0.00000 0.00000 CHRA metzger20
69.22270 38.39310 -11.40000 3.35000 17.38000 0.05000 0.21000 0.76000 0.00000 0.00000 0.00000 CHRB metzger20
69.24540 38.34590 -6.96000 6.73000 -9.47000 0.99000 0.63000 3.51000 0.00000 0.00000 0.00000 GF20 metzger20
69.27730 38.85300 -2.37000 5.69000 -4.20000 1.43000 1.21000 3.50000 0.00000 0.00000 0.00000 OBGA metzger20
69.42130 38.58520 -0.89000 2.43000 -0.75000 1.57000 0.41000 2.71000 0.00000 0.00000 0.00000 T120 metzger20
69.57620 37.98390 -5.00000 5.97000 2.31000 1.23000 0.36000 4.58000 0.00000 0.00000 0.00000 GF19 metzger20
69.81920 37.92290 -17.47000 7.24000 1.22000 0.16000 0.58000 2.09000 0.00000 0.00000 0.00000 KULC metzger20
69.86040 38.00610 -15.22000 6.00000 -4.33000 0.86000 0.75000 2.99000 0.00000 0.00000 0.00000 GF18 metzger20
69.93550 38.90640 -3.53000 1.62000 -0.40000 0.89000 1.01000 6.14000 0.00000 0.00000 0.00000 GF07 metzger20
70.05630 38.86910 -2.85000 6.97000 0.14000 0.39000 0.30000 1.03000 0.00000 0.00000 0.00000 T200 metzger20
70.17210 37.94960 -16.38000 7.55000 -4.04000 1.79000 0.88000 3.28000 0.00000 0.00000 0.00000 GF17 metzger20
70.18890 38.83400 -15.43000 1.37000 7.22000 1.44000 1.02000 3.90000 0.00000 0.00000 0.00000 GF06 metzger20
70.18930 39.19080 -0.48000 3.56000 6.08000 1.70000 0.62000 10.03000 0.00000 0.00000 0.00000 GF08 metzger20
70.20120 39.12040 -1.16000 4.32000 -1.73000 1.19000 0.36000 2.63000 0.00000 0.00000 0.00000 T170 metzger20
70.23830 38.79880 -16.95000 6.06000 0.19000 0.69000 0.65000 5.03000 0.00000 0.00000 0.00000 GF01 metzger20
70.29240 40.19400 -1.36000 5.42000 5.77000 0.32000 0.48000 3.30000 0.00000 0.00000 0.00000 CAP1 metzger20
70.32620 38.77700 -18.10000 6.68000 -0.30000 1.42000 1.25000 4.92000 0.00000 0.00000 0.00000 GF05 metzger20
70.35330 38.73340 -20.12000 8.80000 3.07000 1.34000 1.15000 5.99000 0.00000 0.00000 0.00000 GF04 metzger20
70.41010 40.76980 -1.83000 2.92000 4.98000 0.31000 0.26000 0.91000 0.00000 0.00000 0.00000 SH01 metzger20
70.44490 38.10340 -10.08000 17.38000 4.15000 1.93000 1.11000 10.45000 0.00000 0.00000 0.00000 GF16 metzger20
70.55070 40.05810 0.25000 3.20000 -0.19000 0.29000 0.29000 1.10000 0.00000 0.00000 0.00000 SHU0 metzger20
70.62520 38.74860 -14.01000 9.15000 -0.57000 1.76000 0.70000 2.06000 0.00000 0.00000 0.00000 GF03 metzger20
70.71050 38.68840 -17.57000 11.04000 -0.88000 1.68000 0.92000 2.98000 0.00000 0.00000 0.00000 GF02 metzger20
70.76430 38.57740 -17.89000 10.00000 1.32000 2.68000 0.94000 2.73000 0.00000 0.00000 0.00000 GF11 metzger20
70.81090 38.44670 -12.82000 12.95000 -5.60000 3.08000 1.17000 4.42000 0.00000 0.00000 0.00000 GF12 metzger20
70.85100 39.22380 -3.96000 7.19000 6.54000 0.76000 0.23000 0.21000 0.00000 0.00000 0.00000 KHAA metzger20
70.94610 38.89610 -13.14000 11.84000 5.91000 0.49000 0.50000 5.68000 0.00000 0.00000 0.00000 SHKA metzger20
70.94620 38.89590 -11.48000 10.58000 25.72000 0.29000 0.64000 3.01000 0.00000 0.00000 0.00000 SHKC metzger20
71.02800 38.46640 -13.85000 11.95000 -1.67000 2.41000 0.98000 4.07000 0.00000 0.00000 0.00000 GF13 metzger20
71.23280 38.40410 -10.67000 12.71000 7.79000 0.53000 0.99000 2.89000 0.00000 0.00000 0.00000 PISH metzger20
71.26910 38.31460 -19.51000 15.58000 -6.89000 2.54000 1.74000 2.71000 0.00000 0.00000 0.00000 GF14 metzger20
71.30000 39.24580 -4.27000 9.92000 -2.44000 0.92000 0.60000 2.13000 0.00000 0.00000 0.00000 JIR0 metzger20
71.33660 39.24140 -5.02000 6.16000 1.23000 1.24000 2.13000 4.85000 0.00000 0.00000 0.00000 LHSA metzger20
71.38500 38.19080 -20.84000 13.01000 -6.74000 1.36000 1.58000 4.60000 0.00000 0.00000 0.00000 GF15 metzger20
71.57890 37.49660 -8.97000 13.28000 7.84000 0.37000 0.65000 1.29000 0.00000 0.00000 0.00000 DASH metzger20
71.61160 36.73000 -9.62000 14.60000 5.81000 0.60000 0.64000 1.91000 0.00000 0.00000 0.00000 ISHA metzger20
71.63330 36.72640 -8.39000 15.11000 -0.94000 0.51000 0.69000 1.14000 0.00000 0.00000 0.00000 RIN0 metzger20
71.66300 38.00320 -13.67000 13.15000 2.43000 1.73000 0.77000 4.82000 0.00000 0.00000 0.00000 T270 metzger20
71.66440 37.84070 -10.44000 14.32000 1.10000 0.14000 0.26000 2.01000 0.00000 0.00000 0.00000 KHUF metzger20
71.67510 38.51810 -10.57000 15.11000 -0.45000 0.98000 0.45000 3.95000 0.00000 0.00000 0.00000 SEDA metzger20
71.77780 37.29700 -9.30000 17.38000 7.15000 0.33000 0.25000 2.70000 0.00000 0.00000 0.00000 BRAO metzger20
71.92280 38.09540 -9.60000 15.04000 5.67000 0.39000 0.79000 1.96000 0.00000 0.00000 0.00000 DRJA metzger20
72.36580 37.37560 -6.38000 16.83000 6.49000 0.27000 0.29000 2.34000 0.00000 0.00000 0.00000 JAVS metzger20
72.48320 38.31140 -8.73000 16.82000 -34.37000 0.12000 0.40000 0.37000 0.00000 0.00000 0.00000 BRCB metzger20
72.66790 39.49470 -1.79000 7.56000 -2.30000 0.59000 0.68000 1.91000 0.00000 0.00000 0.00000 BRDB metzger20
72.76370 39.91760 0.00000 0.00000 0.00000 0.00000 0.00000 0.00000 0.00000 0.00000 0.00000 RRAB metzger20
73.10580 38.55380 -5.93000 17.95000 1.88000 0.45000 0.70000 3.00000 0.00000 0.00000 0.00000 ATSA metzger20
73.12010 37.46110 -5.31000 18.85000 3.79000 0.57000 0.63000 4.67000 0.00000 0.00000 0.00000 ABLA metzger20
73.19230 37.67440 -5.16000 19.25000 -0.70000 0.50000 0.61000 2.29000 0.00000 0.00000 0.00000 SASI metzger20
73.22970 39.79850 1.06000 8.03000 -0.86000 1.31000 2.59000 2.35000 0.00000 0.00000 0.00000 KG2B metzger20
73.24330 39.63980 5.88000 4.17000 0.08000 1000.00000 0.33000 0.12000 0.00000 0.00000 0.00000 KOKD metzger20
73.27970 38.90240 -5.90000 15.83000 -2.04000 0.71000 0.77000 2.84000 0.00000 0.00000 0.00000 AJLA metzger20
73.41510 37.79330 -4.97000 19.51000 5.79000 0.59000 0.82000 3.21000 0.00000 0.00000 0.00000 BZRA metzger20
73.42590 39.92510 1.39000 3.06000 3.04000 1.63000 1.52000 1.51000 0.00000 0.00000 0.00000 KG3B metzger20
73.42700 39.22590 -6.16000 15.03000 3.27000 1.27000 1.25000 1.72000 0.00000 0.00000 0.00000 UBLA metzger20
73.45950 38.95640 -5.22000 18.35000 3.22000 0.26000 0.30000 3.42000 0.00000 0.00000 0.00000 KRKA metzger20
73.61770 38.56030 -6.04000 19.59000 6.55000 0.98000 0.22000 3.30000 0.00000 0.00000 0.00000 AKBA metzger20
73.63790 38.14580 -5.41000 20.14000 9.81000 0.67000 1.48000 1.72000 0.00000 0.00000 0.00000 MADA metzger20
73.78490 37.67810 -5.69000 20.31000 4.54000 0.62000 0.36000 2.28000 0.00000 0.00000 0.00000 GURU metzger20
74.06120 37.52290 -5.48000 19.99000 -0.05000 1.72000 1.00000 2.98000 0.00000 0.00000 0.00000 YNGA metzger20
74.18460 37.83560 -4.93000 19.70000 3.71000 1.09000 1.10000 0.69000 0.00000 0.00000 0.00000 STSA metzger20
74.42270 37.52030 -4.47000 21.72000 7.51000 0.48000 0.32000 2.03000 0.00000 0.00000 0.00000 SALA metzger20
74.42730 38.06190 -5.23000 19.98000 20.39000 0.38000 0.49000 0.10000 0.00000 0.00000 0.00000 KASH metzger20
74.81440 37.47230 -3.86000 21.59000 3.29000 0.28000 0.58000 1.91000 0.00000 0.00000 0.00000 KOZI metzger20
74.82840 37.54020 -3.39000 20.65000 6.67000 0.38000 0.30000 1.51000 0.00000 0.00000 0.00000 SHMA metzger20
76.94264 43.28758 0.62252 2.35179 -4.35300 0.60400 0.35500 1.40000 0.00000 0.00000 0.00000 ALA2 midas
72.98144 41.24360 -3.03913 5.55355 -1.19500 0.88100 0.74800 1.53200 0.00000 0.00000 0.00000 ARSL midas
71.40311 51.09846 0.05829 -0.26222 -3.07500 0.84000 0.82600 1.82300 0.00000 0.00000 0.00000 ASKZ midas
74.53318 42.85419 -0.91139 1.92040 0.56000 0.16700 0.21100 0.69700 0.00000 0.00000 0.00000 BIK0 midas
74.75110 42.99850 -1.36096 1.05826 0.01000 0.12500 0.15300 0.48000 0.00000 0.00000 0.00000 CHUM midas
70.31668 39.00647 -1.42372 4.26231 -1.72600 0.33100 0.43900 1.54600 0.00000 0.00000 0.00000 GARM midas
87.17731 43.47111 3.56494 7.24860 0.25000 0.13000 0.16100 0.50000 0.00000 0.00000 0.00000 GUAO midas
91.66823 48.00877 2.08923 4.08028 646.64000 1.95400 1.71100 5.28200 0.00000 0.00000 0.00000 HOA1 midas
73.94351 41.38494 -1.50893 5.76742 0.99700 0.14200 0.18000 0.52300 0.00000 0.00000 0.00000 KAZA midas
73.10692 49.82046 -0.19621 13.86563 201.33700 0.48200 0.67100 5.02700 0.00000 0.00000 0.00000 KGTU midas
66.88545 39.13477 -0.68337 1.35950 -1.59500 0.21800 0.21400 0.64100 0.00000 0.00000 0.00000 KIT3 midas
66.88674 39.13339 -1.19649 0.51986 -0.32800 0.26600 0.28800 0.79300 0.00000 0.00000 0.00000 KITG midas
94.45472 51.71964 -0.74600 0.86378 0.14100 0.25100 0.41100 2.10000 0.00000 0.00000 0.00000 KIZ1 midas
78.19921 41.86780 2.11936 6.34285 3.19400 0.15100 0.28800 0.40600 0.00000 0.00000 0.00000 KMTR midas
78.36087 42.77558 0.11575 4.65972 -1.94600 0.28000 0.45200 1.16900 0.00000 0.00000 0.00000 KRB1 midas
78.58039 42.49944 -0.30042 9.54437 -0.79400 0.30900 0.40000 1.41000 0.00000 0.00000 0.00000 KRGT midas
78.61907 50.71395 -1.16868 0.31459 0.01300 0.10900 0.13900 0.52100 0.00000 0.00000 0.00000 KRTV midas
78.19039 41.86352 4.46718 11.01429 4.34500 0.68900 0.70100 1.09000 0.00000 0.00000 0.00000 KUMT midas
71.68043 37.54230 -9.46853 14.59220 2.04700 0.19400 0.24700 0.81800 0.00000 0.00000 0.00000 MANM midas
63.00000 51.75973 -2.17256 2.18553 0.36300 0.21200 0.21000 0.78100 0.00000 0.00000 0.00000 OREN midas
72.77750 40.52993 -1.08858 6.46694 -0.92900 0.25400 0.29700 1.11800 0.00000 0.00000 0.00000 OSHK midas
79.48491 43.32751 1.15473 4.65775 0.61700 0.13400 0.15100 0.50000 0.00000 0.00000 0.00000 PODG midas
74.69427 42.67977 -0.89183 3.01187 0.69700 0.13500 0.14900 0.43400 0.00000 0.00000 0.00000 POL2 midas
81.19611 51.57502 -0.13107 0.51634 0.14500 0.75500 0.90000 2.79300 0.00000 0.00000 0.00000 RBCS midas
77.01690 43.17873 -0.44132 2.53929 -0.43300 0.19800 0.22000 0.70400 0.00000 0.00000 0.00000 SELE midas
80.26591 50.43269 -1.23014 0.40537 1.05400 0.57100 0.65800 2.48800 0.00000 0.00000 0.00000 SEME midas
87.63409 43.79272 3.19881 7.03932 0.40200 0.25200 0.28300 1.21200 0.00000 0.00000 0.00000 SG31 midas
75.31547 42.62071 4.74467 -1.55080 0.72400 1.50700 1.03700 1.61300 0.00000 0.00000 0.00000 SHAS midas
68.12278 37.56210 -5.13643 2.79682 -1.76100 0.17500 0.17600 0.65700 0.00000 0.00000 0.00000 SHTZ midas
73.99711 44.20813 -1.32480 0.30586 0.37000 0.13400 0.17500 0.53100 0.00000 0.00000 0.00000 SUMK midas
77.23774 43.30097 -1.17141 2.92424 1.13400 0.60500 1.03200 2.81100 0.00000 0.00000 0.00000 TAL2 midas
72.21045 42.44547 -1.06063 1.59314 1.12300 0.11700 0.14200 0.49000 0.00000 0.00000 0.00000 TALA midas
77.32713 43.29087 -0.80526 3.16814 0.98200 1.15800 1.02500 2.28200 0.00000 0.00000 0.00000 TALG midas
77.80477 41.72913 0.51900 9.76452 -0.17500 0.26300 0.38300 0.87800 0.00000 0.00000 0.00000 TAR7 midas
69.29557 41.32805 -1.31799 0.68251 0.17000 0.20800 0.17400 0.53500 0.00000 0.00000 0.00000 TASH midas
72.23434 41.35871 -2.59001 2.79900 -1.29100 1.17800 2.22700 3.80500 0.00000 0.00000 0.00000 TKUM midas
87.60067 43.80795 2.83221 6.71569 -0.37600 0.20900 0.32800 0.67200 0.00000 0.00000 0.00000 URUM midas
95.80000 40.50000 2.61215 4.14215 -0.34000 0.10000 0.08000 0.25000 0.00000 0.00000 0.00000 GSAX pan18
94.70000 40.10000 1.87819 4.62404 -0.30000 0.11000 0.09000 0.24000 0.00000 0.00000 0.00000 GSDH pan18
94.80000 36.10000 7.99640 8.90386 0.09000 0.09000 0.08000 0.32000 0.00000 0.00000 0.00000 QHGE pan18
93.30000 38.70000 5.26597 7.36640 2.97000 0.11000 0.16000 0.35000 0.00000 0.00000 0.00000 QHLH pan18
90.80000 38.50000 6.47278 9.92054 0.89000 0.14000 0.11000 0.29000 0.00000 0.00000 0.00000 QHMY pan18
87.80000 43.80000 2.47449 7.95536 2.04000 0.37000 0.31000 0.75000 0.00000 0.00000 0.00000 URU2 pan18
88.10000 47.90000 0.84091 5.66489 -0.35000 0.29000 0.25000 0.79000 0.00000 0.00000 0.00000 XJAL pan18
78.80000 39.80000 0.12391 16.99868 0.15000 0.19000 0.12000 0.35000 0.00000 0.00000 0.00000 XJBC pan18
86.90000 47.70000 0.96809 5.06677 -0.06000 0.18000 0.15000 0.39000 0.00000 0.00000 0.00000 XJBE pan18
75.00000 38.70000 -3.71809 20.74375 0.26000 0.33000 0.18000 0.50000 0.00000 0.00000 0.00000 XJBL pan18
83.70000 42.80000 2.76265 8.38165 1.93000 0.16000 0.10000 0.22000 0.00000 0.00000 0.00000 XJBY pan18
84.90000 44.30000 3.10642 7.35985 0.82000 0.16000 0.10000 0.31000 0.00000 0.00000 0.00000 XJDS pan18
89.50000 47.00000 1.34394 5.72265 0.60000 0.22000 0.18000 0.34000 0.00000 0.00000 0.00000 XJFY pan18
94.30000 42.80000 3.86059 4.57471 0.86000 0.12000 0.11000 0.25000 0.00000 0.00000 0.00000 XJJJ pan18
83.00000 41.70000 3.29290 11.69269 -1.34000 0.14000 0.13000 0.24000 0.00000 0.00000 0.00000 XJKC pan18
86.20000 41.80000 2.66633 9.75786 1.49000 0.17000 0.16000 0.36000 0.00000 0.00000 0.00000 XJKE pan18
84.90000 45.60000 4.16770 3.79985 7.78000 0.24000 0.21000 0.53000 0.00000 0.00000 0.00000 XJKL pan18
90.30000 43.80000 3.60640 6.29136 1.10000 0.29000 0.14000 0.31000 0.00000 0.00000 0.00000 XJML pan18
91.00000 46.20000 1.10796 4.70022 0.52000 0.22000 0.11000 0.33000 0.00000 0.00000 0.00000 XJQH pan18
85.50000 38.10000 -0.43407 10.70893 -0.94000 0.13000 0.14000 0.33000 0.00000 0.00000 0.00000 XJQM pan18
88.20000 39.00000 0.88500 8.83473 -0.52000 0.12000 0.09000 0.30000 0.00000 0.00000 0.00000 XJRQ pan18
86.10000 44.20000 2.92656 6.38801 1.30000 0.17000 0.13000 0.29000 0.00000 0.00000 0.00000 XJSH pan18
90.30000 42.90000 3.65869 6.52136 -0.09000 0.13000 0.10000 0.22000 0.00000 0.00000 0.00000 XJSS pan18
82.90000 46.80000 0.32647 2.64284 0.61000 0.23000 0.16000 0.49000 0.00000 0.00000 0.00000 XJTC pan18
83.70000 39.00000 0.11164 12.59165 -0.28000 0.14000 0.11000 0.30000 0.00000 0.00000 0.00000 XJTZ pan18
86.70000 42.90000 3.65596 8.50708 1.24000 0.14000 0.11000 0.24000 0.00000 0.00000 0.00000 XJWL pan18
81.00000 45.00000 0.87898 4.25559 1.96000 0.19000 0.14000 0.38000 0.00000 0.00000 0.00000 XJWQ pan18
75.20000 39.70000 -0.01012 13.40349 0.05000 0.23000 0.15000 0.47000 0.00000 0.00000 0.00000 XJWU pan18
83.30000 43.40000 2.00737 7.81225 1.73000 0.18000 0.14000 0.46000 0.00000 0.00000 0.00000 XJXY pan18
77.40000 37.90000 -1.95211 20.14059 -0.11000 0.20000 0.14000 0.40000 0.00000 0.00000 0.00000 XJYC pan18
81.50000 44.00000 2.19087 6.70488 -0.20000 0.26000 0.24000 1.08000 0.00000 0.00000 0.00000 XJYN pan18
82.00000 36.40000 -9.64977 17.20415 -0.02000 0.38000 0.19000 0.35000 0.00000 0.00000 0.00000 XJYT pan18
80.40000 42.70000 2.66893 7.79645 2.03000 0.19000 0.12000 0.26000 0.00000 0.00000 0.00000 XJZS pan18
87.20000 43.50000 3.15145 7.40630 1.22000 0.10000 0.07000 0.25000 0.00000 0.00000 0.00000 GUAO pan18
74.70000 42.70000 -1.70647 3.05413 0.67000 0.09000 0.08000 0.29000 0.00000 0.00000 0.00000 POL2 pan18
77.00000 43.20000 -0.43008 2.62113 0.58000 0.10000 0.11000 0.37000 0.00000 0.00000 0.00000 SELE pan18
75.20000 37.80000 -4.14480 21.34349 1.04000 0.09000 0.07000 0.14000 0.00000 0.00000 0.00000 TASH pan18
87.60000 43.80000 2.80434 7.32567 2.21000 0.12000 0.09000 0.26000 0.00000 0.00000 0.00000 URUM pan18
95.80000 40.50000 2.61215 4.14215 -0.34000 0.10000 0.08000 0.25000 0.00000 0.00000 0.00000 GSAX pan18
94.70000 40.10000 1.87819 4.62404 -0.30000 0.11000 0.09000 0.24000 0.00000 0.00000 0.00000 GSDH pan18
94.80000 36.10000 7.99640 8.90386 0.09000 0.09000 0.08000 0.32000 0.00000 0.00000 0.00000 QHGE pan18
93.30000 38.70000 5.26597 7.36640 2.97000 0.11000 0.16000 0.35000 0.00000 0.00000 0.00000 QHLH pan18
90.80000 38.50000 6.47278 9.92054 0.89000 0.14000 0.11000 0.29000 0.00000 0.00000 0.00000 QHMY pan18
87.80000 43.80000 2.47449 7.95536 2.04000 0.37000 0.31000 0.75000 0.00000 0.00000 0.00000 URU2 pan18
88.10000 47.90000 0.84091 5.66489 -0.35000 0.29000 0.25000 0.79000 0.00000 0.00000 0.00000 XJAL pan18
78.80000 39.80000 0.12391 16.99868 0.15000 0.19000 0.12000 0.35000 0.00000 0.00000 0.00000 XJBC pan18
86.90000 47.70000 0.96809 5.06677 -0.06000 0.18000 0.15000 0.39000 0.00000 0.00000 0.00000 XJBE pan18
75.00000 38.70000 -3.71809 20.74375 0.26000 0.33000 0.18000 0.50000 0.00000 0.00000 0.00000 XJBL pan18
83.70000 42.80000 2.76265 8.38165 1.93000 0.16000 0.10000 0.22000 0.00000 0.00000 0.00000 XJBY pan18
84.90000 44.30000 3.10642 7.35985 0.82000 0.16000 0.10000 0.31000 0.00000 0.00000 0.00000 XJDS pan18
89.50000 47.00000 1.34394 5.72265 0.60000 0.22000 0.18000 0.34000 0.00000 0.00000 0.00000 XJFY pan18
94.30000 42.80000 3.86059 4.57471 0.86000 0.12000 0.11000 0.25000 0.00000 0.00000 0.00000 XJJJ pan18
83.00000 41.70000 3.29290 11.69269 -1.34000 0.14000 0.13000 0.24000 0.00000 0.00000 0.00000 XJKC pan18
86.20000 41.80000 2.66633 9.75786 1.49000 0.17000 0.16000 0.36000 0.00000 0.00000 0.00000 XJKE pan18
84.90000 45.60000 4.16770 3.79985 7.78000 0.24000 0.21000 0.53000 0.00000 0.00000 0.00000 XJKL pan18
90.30000 43.80000 3.60640 6.29136 1.10000 0.29000 0.14000 0.31000 0.00000 0.00000 0.00000 XJML pan18
91.00000 46.20000 1.10796 4.70022 0.52000 0.22000 0.11000 0.33000 0.00000 0.00000 0.00000 XJQH pan18
85.50000 38.10000 -0.43407 10.70893 -0.94000 0.13000 0.14000 0.33000 0.00000 0.00000 0.00000 XJQM pan18
88.20000 39.00000 0.88500 8.83473 -0.52000 0.12000 0.09000 0.30000 0.00000 0.00000 0.00000 XJRQ pan18
86.10000 44.20000 2.92656 6.38801 1.30000 0.17000 0.13000 0.29000 0.00000 0.00000 0.00000 XJSH pan18
90.30000 42.90000 3.65869 6.52136 -0.09000 0.13000 0.10000 0.22000 0.00000 0.00000 0.00000 XJSS pan18
82.90000 46.80000 0.32647 2.64284 0.61000 0.23000 0.16000 0.49000 0.00000 0.00000 0.00000 XJTC pan18
83.70000 39.00000 0.11164 12.59165 -0.28000 0.14000 0.11000 0.30000 0.00000 0.00000 0.00000 XJTZ pan18
86.70000 42.90000 3.65596 8.50708 1.24000 0.14000 0.11000 0.24000 0.00000 0.00000 0.00000 XJWL pan18
81.00000 45.00000 0.87898 4.25559 1.96000 0.19000 0.14000 0.38000 0.00000 0.00000 0.00000 XJWQ pan18
75.20000 39.70000 -0.01012 13.40349 0.05000 0.23000 0.15000 0.47000 0.00000 0.00000 0.00000 XJWU pan18
83.30000 43.40000 2.00737 7.81225 1.73000 0.18000 0.14000 0.46000 0.00000 0.00000 0.00000 XJXY pan18
77.40000 37.90000 -1.95211 20.14059 -0.11000 0.20000 0.14000 0.40000 0.00000 0.00000 0.00000 XJYC pan18
81.50000 44.00000 2.19087 6.70488 -0.20000 0.26000 0.24000 1.08000 0.00000 0.00000 0.00000 XJYN pan18
82.00000 36.40000 -9.64977 17.20415 -0.02000 0.38000 0.19000 0.35000 0.00000 0.00000 0.00000 XJYT pan18
80.40000 42.70000 2.66893 7.79645 2.03000 0.19000 0.12000 0.26000 0.00000 0.00000 0.00000 XJZS pan18
87.20000 43.50000 3.15145 7.40630 1.22000 0.10000 0.07000 0.25000 0.00000 0.00000 0.00000 GUAO pan18
74.70000 42.70000 -1.70647 3.05413 0.67000 0.09000 0.08000 0.29000 0.00000 0.00000 0.00000 POL2 pan18
77.00000 43.20000 -0.43008 2.62113 0.58000 0.10000 0.11000 0.37000 0.00000 0.00000 0.00000 SELE pan18
75.20000 37.80000 -4.14480 21.34349 1.04000 0.09000 0.07000 0.14000 0.00000 0.00000 0.00000 TASH pan18
87.60000 43.80000 2.80434 7.32567 2.21000 0.12000 0.09000 0.26000 0.00000 0.00000 0.00000 URUM pan18
66.88500 39.13500 -0.58261 1.09330 1.03000 0.73000 0.48000 0.23000 -0.34300 0.00000 0.00000 KIT3_GPS rui19
74.33638 39.84188 -0.69981 13.60459 1.69000 0.12000 0.17000 0.36000 0.00000 0.00000 0.00000 I089_GPS rui19
74.42703 39.02502 -4.06610 18.85448 3.06000 0.22000 0.28000 0.65000 0.01100 0.00000 0.00000 I399_GPS rui19
74.69400 42.68000 -1.00664 3.25414 1.03000 0.57000 0.43000 0.23000 0.02700 0.00000 0.00000 POL2_GPS rui19
74.95093 38.66239 -5.60842 20.28381 2.32000 0.13000 0.12000 0.29000 0.00000 0.00000 0.00000 I090_GPS rui19
74.97113 38.65090 -4.57849 20.32378 3.34000 0.23000 0.20000 0.46000 -0.00300 0.00000 0.00000 XJBL_GPS rui19
75.23786 39.73987 0.05023 13.46344 1.57000 0.20000 0.29000 0.62000 -0.00500 0.00000 0.00000 XJWU_GPS rui19
75.25018 39.71807 -0.71993 12.68342 -1.17000 0.12000 0.17000 0.38000 -0.00000 0.00000 0.00000 I078_GPS rui19
75.36646 40.50128 -0.10363 10.80327 -4.32000 0.24000 0.27000 0.74000 0.00500 0.00000 0.00000 I392_GPS rui19
75.38271 37.35356 -2.40802 21.89325 1.39000 0.35000 0.20000 1.06000 0.00000 0.00000 0.00000 I410_GPS rui19
75.40136 38.96021 1.72429 21.99323 -4.29000 0.22000 0.27000 0.66000 -0.00100 0.00000 0.00000 I401_GPS rui19
75.44655 36.85057 -3.43174 21.28317 -0.19000 0.27000 0.21000 0.62000 0.00000 0.00000 0.00000 I088_GPS rui19
75.57865 39.32092 2.67726 19.64300 -0.91000 0.28000 0.35000 0.97000 0.02500 0.00000 0.00000 I397_GPS rui19
75.89869 39.19550 0.64657 19.52258 -0.41000 0.15000 0.20000 0.48000 0.00200 0.00000 0.00000 I081_GPS rui19
76.00857 39.56039 0.85953 18.21244 -8.70000 0.28000 0.35000 0.87000 0.01800 0.00000 0.00000 I396_GPS rui19
76.16153 38.66847 -2.16729 21.18224 -7.60000 0.33000 0.41000 0.96000 0.01300 0.00000 0.00000 J307_GPS rui19
76.17408 38.93539 0.01479 19.81222 -2.91000 0.16000 0.21000 0.51000 0.00400 0.00000 0.00000 I083_GPS rui19
76.66065 38.38013 -1.38907 20.21158 -3.99000 0.23000 0.29000 0.78000 0.01700 0.00000 0.00000 I404_GPS rui19
76.73425 39.49698 1.61969 17.54148 -5.62000 0.14000 0.17000 0.44000 -0.00400 0.00000 0.00000 I079_GPS rui19
76.88892 40.20440 0.89542 13.85128 -2.14000 0.16000 0.17000 0.46000 0.00200 0.00000 0.00000 I074_GPS rui19
76.98139 36.84796 -1.32044 20.76115 2.11000 0.45000 0.35000 0.73000 0.00000 0.00000 0.00000 I413_GPS rui19
77.04034 37.13804 -0.69821 19.66107 1.51000 0.23000 0.33000 0.85000 -0.03600 0.00000 0.00000 I411_GPS rui19
77.27711 38.17394 -2.49012 19.99076 0.17000 0.11000 0.16000 0.42000 -0.00600 0.00000 0.00000 I084_GPS rui19
77.35555 37.50107 -1.18519 19.83065 1.33000 0.24000 0.29000 1.11000 0.00000 0.00000 0.00000 I409_GPS rui19
77.44418 39.63086 2.03138 16.51053 2.02000 0.26000 0.31000 0.96000 0.04000 0.00000 0.00000 I395_GPS rui19
77.44557 37.85034 -1.97245 20.15053 0.49000 0.18000 0.21000 0.60000 -0.00600 0.00000 0.00000 XJYC_GPS rui19
77.62215 40.34338 2.80719 14.39029 -0.12000 0.32000 0.28000 1.05000 0.02400 0.00000 0.00000 I393_GPS rui19
77.62493 38.90400 -0.20416 18.10029 -1.34000 0.14000 0.20000 0.55000 -0.01900 0.00000 0.00000 I082_GPS rui19
77.83829 37.39437 -2.91559 18.80000 1.19000 0.20000 0.27000 0.69000 0.00000 0.00000 0.00000 I416_GPS rui19
77.94884 40.87685 2.19177 14.11985 5.97000 0.34000 0.28000 1.05000 0.02600 0.00000 0.00000 I388_GPS rui19
78.03688 39.71398 -0.64744 17.88973 -0.43000 0.13000 0.11000 0.45000 0.00600 0.00000 0.00000 I075_GPS rui19
78.24623 37.55870 -2.90400 19.33944 0.35000 0.12000 0.20000 0.45000 0.00600 0.00000 0.00000 I086_GPS rui19
78.45139 40.94160 1.25274 15.11916 0.37000 0.19000 0.14000 0.57000 0.00100 0.00000 0.00000 I072_GPS rui19
78.54008 39.77649 -1.06650 17.04904 -1.11000 0.17000 0.17000 0.63000 0.02300 0.00000 0.00000 I076_GPS rui19
78.72244 36.20457 -2.39381 17.63879 -0.24000 0.22000 0.34000 0.82000 0.01600 0.00000 0.00000 J301_GPS rui19
78.77030 39.81387 0.19400 17.03873 1.02000 0.17000 0.19000 0.60000 -0.00400 0.00000 0.00000 XJBC_GPS rui19
79.03528 40.50338 1.40974 14.34836 -1.33000 0.18000 0.13000 0.60000 0.00300 0.00000 0.00000 I073_GPS rui19
79.04516 37.16205 -2.96635 18.98835 1.29000 0.17000 0.40000 0.64000 0.00000 0.00000 0.00000 XJHT_GPS rui19
79.20976 41.20230 1.52554 14.61812 2.31000 0.17000 0.07000 0.61000 0.00100 0.00000 0.00000 WUSH_GPS rui19
79.71525 41.66150 2.41973 11.36741 1.66000 0.31000 0.25000 1.01000 0.03800 0.00000 0.00000 I384_GPS rui19
79.91453 36.82523 -1.75819 17.05713 1.07000 0.30000 0.30000 0.60000 0.00000 0.00000 0.00000 I414_GPS rui19
79.99011 36.39937 -1.86134 17.75703 1.24000 0.48000 0.33000 0.79000 0.00000 0.00000 0.00000 I418_GPS rui19
80.06542 41.66351 1.58006 8.94692 5.04000 0.32000 0.30000 1.11000 0.02000 0.00000 0.00000 I385_GPS rui19
80.30054 37.89088 -3.14975 15.44659 -1.11000 0.22000 0.32000 0.88000 0.01700 0.00000 0.00000 I406_GPS rui19
80.34671 42.69237 1.45882 8.09652 -5.78000 0.17000 0.25000 0.64000 0.01700 0.00000 0.00000 I377_GPS rui19
80.36433 42.67645 2.59870 8.08650 2.59000 0.15000 0.24000 0.52000 -0.00600 0.00000 0.00000 XJZS_GPS rui19
80.39245 40.64296 1.37205 14.38646 -0.45000 0.18000 0.15000 0.63000 0.00800 0.00000 0.00000 I062_GPS rui19
80.43908 44.17030 0.69135 4.61639 0.31000 0.26000 0.36000 1.23000 0.02500 0.00000 0.00000 I343_GPS rui19
80.74056 42.72828 1.35947 7.95597 -4.89000 0.20000 0.27000 0.87000 0.01300 0.00000 0.00000 I372_GPS rui19
80.85945 44.06492 0.58084 5.92580 -1.68000 0.18000 0.27000 0.94000 0.01100 0.00000 0.00000 I048_GPS rui19
80.99878 44.96008 0.70863 4.35560 1.07000 0.15000 0.22000 0.78000 -0.01100 0.00000 0.00000 XJWQ_GPS rui19
81.03190 44.96812 0.67873 3.99555 -1.47000 0.19000 0.24000 0.93000 0.01900 0.00000 0.00000 I040_GPS rui19
81.12528 43.14168 1.91328 6.42542 1.53000 0.14000 0.24000 0.80000 0.01100 0.00000 0.00000 I052_GPS rui19
81.30324 40.49498 2.86163 14.83516 -1.93000 0.27000 0.27000 0.99000 0.04900 0.00000 0.00000 I391_GPS rui19
81.32569 44.52297 1.16518 4.84513 1.33000 0.25000 0.37000 1.29000 0.02300 0.00000 0.00000 I340_GPS rui19
81.38500 43.93530 1.12022 7.02504 1.37000 0.15000 0.28000 1.01000 0.01000 0.00000 0.00000 I047_GPS rui19
81.47821 36.45501 -2.16975 15.38491 -1.51000 0.24000 0.36000 0.32000 0.00000 0.00000 0.00000 I070_GPS rui19
81.52626 43.97241 1.60066 6.84484 2.47000 0.22000 0.42000 1.52000 -0.00500 0.00000 0.00000 XJYN_GPS rui19
81.60610 42.05640 3.32465 8.11472 -5.43000 0.18000 0.28000 0.90000 -0.01200 0.00000 0.00000 I381_GPS rui19
81.64871 45.18101 1.00114 3.74466 0.81000 0.27000 0.37000 1.32000 0.04100 0.00000 0.00000 I330_GPS rui19
81.66431 36.83979 -3.76670 14.46464 0.64000 0.21000 0.26000 0.93000 0.01200 0.00000 0.00000 I068_GPS rui19
81.74184 43.64962 2.03811 6.72453 -0.01000 0.25000 0.39000 1.39000 0.02100 0.00000 0.00000 I354_GPS rui19
81.80280 41.81490 3.66283 8.02444 1.87000 0.16000 0.21000 0.68000 -0.03900 0.00000 0.00000 I055_GPS rui19
81.89139 43.15506 2.01407 7.37431 -5.22000 0.21000 0.33000 1.12000 0.01900 0.00000 0.00000 I365_GPS rui19
81.91099 43.02728 2.46301 7.21428 -4.18000 0.20000 0.32000 1.08000 0.01800 0.00000 0.00000 I375_GPS rui19
81.96906 36.43284 -3.67954 14.91420 -0.38000 0.41000 0.45000 1.68000 0.00800 0.00000 0.00000 XJYT_GPS rui19
82.12806 44.90013 1.17915 5.27397 -0.03000 0.20000 0.28000 1.01000 0.05500 0.00000 0.00000 I041_GPS rui19
82.18307 42.91561 2.19232 7.31389 -1.45000 0.19000 0.30000 1.02000 0.01000 0.00000 0.00000 I423_GPS rui19
82.22475 43.47155 2.02704 6.98383 -1.56000 0.14000 0.24000 0.76000 0.00800 0.00000 0.00000 I050_GPS rui19
82.34580 41.48505 1.90058 12.69365 -0.64000 0.19000 0.26000 0.72000 0.02900 0.00000 0.00000 I058_GPS rui19
82.44019 41.85769 1.52373 12.56351 -7.01000 0.37000 0.43000 1.16000 0.01800 0.00000 0.00000 I383_GPS rui19
82.61985 45.20109 1.62220 3.98325 0.01000 0.30000 0.40000 1.42000 0.02400 0.00000 0.00000 I331_GPS rui19
82.78330 44.26043 1.37424 5.95301 2.81000 0.25000 0.37000 1.17000 0.02400 0.00000 0.00000 I346_GPS rui19
82.78542 41.21634 2.16875 13.30300 -2.03000 0.11000 0.18000 0.43000 0.00500 0.00000 0.00000 I060_GPS rui19
82.84485 43.25463 0.93575 8.14292 -5.26000 0.24000 0.33000 0.96000 0.02200 0.00000 0.00000 I363_GPS rui19
82.87538 46.82392 0.07666 2.77287 0.56000 0.16000 0.19000 0.77000 -0.01600 0.00000 0.00000 XJTC_GPS rui19
82.87560 46.82355 0.63666 2.24287 -0.63000 0.18000 0.21000 0.79000 0.04500 0.00000 0.00000 I037_GPS rui19
82.92805 44.62258 1.18748 6.11279 -3.29000 0.23000 0.31000 1.20000 0.03100 0.00000 0.00000 I042_GPS rui19
82.99303 36.73878 -3.34645 16.29270 1.33000 0.96000 0.97000 3.61000 0.02200 0.00000 0.00000 I069_GPS rui19
83.04116 41.95804 3.04507 8.08263 -1.94000 0.19000 0.26000 0.72000 0.02300 0.00000 0.00000 I382_GPS rui19
83.12881 42.13558 2.82662 8.32250 1.24000 0.13000 0.19000 0.47000 0.00300 0.00000 0.00000 I054_GPS rui19
83.15905 38.25744 -2.33462 13.83245 0.49000 0.82000 0.89000 3.22000 -0.00800 0.00000 0.00000 I065_GPS rui19
83.18845 41.08195 1.16798 12.76241 -9.23000 0.16000 0.24000 0.58000 0.01600 0.00000 0.00000 I390_GPS rui19
83.25679 43.39763 1.74731 7.99231 1.93000 0.16000 0.23000 0.68000 -0.00100 0.00000 0.00000 XJXY_GPS rui19
83.47270 43.52085 0.65854 6.56199 -1.46000 0.17000 0.25000 0.65000 0.02300 0.00000 0.00000 I369_GPS rui19
83.59451 45.93665 1.24950 4.03181 -0.89000 0.18000 0.20000 0.65000 0.01300 0.00000 0.00000 I038_GPS rui19
83.60042 36.72269 -0.10611 15.39180 -0.63000 0.20000 0.36000 0.49000 0.00000 0.00000 0.00000 I415_GPS rui19
83.60979 39.01511 -0.21831 12.40178 0.03000 0.22000 0.25000 0.77000 0.01000 0.00000 0.00000 I064_GPS rui19
83.61205 46.56013 1.09500 2.97178 0.59000 0.26000 0.29000 0.94000 0.02000 0.00000 0.00000 I314_GPS rui19
83.65933 38.96866 0.07136 12.50171 0.39000 0.15000 0.18000 0.45000 -0.00100 0.00000 0.00000 XJTZ_GPS rui19
83.68641 42.69233 2.63174 9.14167 -4.44000 0.16000 0.29000 0.51000 0.00800 0.00000 0.00000 I376_GPS rui19
83.69315 44.34842 2.30580 5.38166 1.11000 0.23000 0.33000 0.89000 0.03300 0.00000 0.00000 I422_GPS rui19
83.71566 42.82914 2.74291 8.33163 3.27000 0.18000 0.35000 0.43000 -0.00300 0.00000 0.00000 XJBY_GPS rui19
83.81073 37.59381 -1.61928 13.70149 0.73000 0.14000 0.15000 0.56000 0.00300 0.00000 0.00000 I066_GPS rui19
83.91138 44.47201 2.20705 5.74133 -0.75000 0.18000 0.22000 0.63000 0.02300 0.00000 0.00000 I043_GPS rui19
84.07651 43.31766 1.32734 7.82109 -5.27000 0.19000 0.29000 0.67000 0.02100 0.00000 0.00000 I362_GPS rui19
84.15656 43.02901 4.26496 7.42097 3.24000 0.26000 0.34000 1.08000 0.01400 0.00000 0.00000 I053_GPS rui19
84.24523 41.78033 2.32460 12.27083 -13.67000 0.12000 0.20000 0.46000 -0.00100 0.00000 0.00000 I056_GPS rui19
84.31024 46.89954 1.35864 2.35074 2.00000 0.29000 0.32000 1.02000 0.01500 0.00000 0.00000 I313_GPS rui19
84.33716 40.21682 -0.24812 11.85070 -6.19000 0.15000 0.18000 0.54000 0.01500 0.00000 0.00000 I063_GPS rui19
84.39388 44.21580 1.89526 5.65061 -0.03000 0.26000 0.33000 0.97000 0.02000 0.00000 0.00000 I349_GPS rui19
84.42535 42.05483 2.98703 8.17056 -2.87000 0.20000 0.29000 0.72000 0.02500 0.00000 0.00000 I378_GPS rui19
84.42643 42.77487 3.01305 8.88056 0.11000 0.18000 0.29000 0.64000 0.01800 0.00000 0.00000 I373_GPS rui19
84.52392 37.13326 0.00771 13.45041 1.15000 0.20000 0.22000 0.79000 0.02300 0.00000 0.00000 I412_GPS rui19
84.54152 43.26862 2.17731 7.76039 -1.20000 0.14000 0.22000 0.53000 0.00400 0.00000 0.00000 I051_GPS rui19
84.78804 44.16812 2.40519 5.85002 1.56000 0.25000 0.32000 0.95000 0.01200 0.00000 0.00000 I345_GPS rui19
84.86712 44.35190 4.07684 5.84990 -0.31000 0.20000 0.28000 0.77000 0.02800 0.00000 0.00000 I044_GPS rui19
84.88138 44.58575 4.53887 5.62987 -44.24000 0.26000 0.32000 0.94000 0.01300 0.00000 0.00000 I338_GPS rui19
84.88574 44.31091 3.13650 7.82987 0.43000 0.15000 0.24000 0.54000 -0.00600 0.00000 0.00000 XJDS_GPS rui19
84.91258 45.61025 3.47780 3.76983 7.53000 0.33000 0.33000 0.95000 -0.00000 0.00000 0.00000 XJKL_GPS rui19
85.23013 45.06397 3.19331 4.08934 -2.33000 0.28000 0.31000 0.96000 0.02400 0.00000 0.00000 I332_GPS rui19
85.40163 44.24813 3.12640 6.27908 0.75000 0.24000 0.29000 0.91000 0.02500 0.00000 0.00000 I341_GPS rui19
85.49970 43.11342 3.63679 7.85893 1.16000 0.19000 0.24000 0.79000 0.02200 0.00000 0.00000 I368_GPS rui19
85.51803 41.90806 3.18669 10.04890 -3.16000 0.14000 0.17000 0.51000 0.00400 0.00000 0.00000 I030_GPS rui19
85.53045 38.11869 -0.39390 10.37889 -0.71000 0.15000 0.16000 0.51000 -0.00200 0.00000 0.00000 XJQM_GPS rui19
85.59655 43.95036 3.88400 7.14878 3.63000 0.24000 0.30000 0.98000 0.04000 0.00000 0.00000 I348_GPS rui19
85.70603 46.79132 1.74891 3.53862 -1.10000 0.36000 0.43000 1.66000 0.01100 0.00000 0.00000 I016_GPS rui19
85.87002 47.43570 0.80482 3.93836 -0.37000 0.18000 0.21000 0.72000 0.01600 0.00000 0.00000 I014_GPS rui19
86.05844 43.03402 3.08658 7.58807 0.80000 0.23000 0.26000 0.90000 0.04300 0.00000 0.00000 I361_GPS rui19
86.08091 46.48275 1.94650 4.55804 -0.40000 0.28000 0.31000 1.03000 0.02000 0.00000 0.00000 I316_GPS rui19
86.10609 44.20807 2.95664 6.44800 1.14000 0.14000 0.17000 0.70000 -0.00500 0.00000 0.00000 XJSH_GPS rui19
86.17140 37.58830 3.70243 12.88790 -3.22000 0.17000 0.19000 0.64000 -0.00100 0.00000 0.00000 I408_GPS rui19
86.18951 41.79202 2.48626 9.70787 1.45000 0.18000 0.18000 0.66000 0.00100 0.00000 0.00000 XJKE_GPS rui19
86.22340 44.29448 2.30748 7.05782 -0.97000 0.10000 0.12000 0.45000 0.00000 0.00000 0.00000 I023_GPS rui19
86.26052 42.64100 4.19342 7.89776 2.35000 0.23000 0.26000 0.91000 -0.03400 0.00000 0.00000 I374_GPS rui19
86.30103 45.44530 2.35754 4.57770 0.30000 0.32000 0.36000 1.17000 0.01000 0.00000 0.00000 I323_GPS rui19
86.36309 42.35039 3.46106 8.79760 0.43000 0.15000 0.15000 0.55000 0.00700 0.00000 0.00000 I028_GPS rui19
86.37297 46.27562 2.17491 5.11759 -0.78000 0.30000 0.33000 1.11000 0.02300 0.00000 0.00000 I320_GPS rui19
86.48077 43.90086 4.38430 7.03742 4.85000 0.24000 0.26000 0.93000 0.03800 0.00000 0.00000 I350_GPS rui19
86.60543 42.04934 4.17873 8.51723 -0.65000 0.22000 0.23000 0.80000 0.03000 0.00000 0.00000 I380_GPS rui19
86.60865 47.09656 1.31242 4.17722 0.51000 0.17000 0.21000 0.72000 0.00700 0.00000 0.00000 I013_GPS rui19
86.71924 42.92285 3.59616 8.56705 1.40000 0.16000 0.17000 0.58000 -0.00400 0.00000 0.00000 XJWL_GPS rui19
86.85606 47.69484 0.84800 4.97684 -0.38000 0.15000 0.19000 0.75000 -0.01600 0.00000 0.00000 XJBE_GPS rui19
86.97689 38.50802 0.29021 10.18665 -4.71000 0.21000 0.22000 0.84000 -0.02300 0.00000 0.00000 I035_GPS rui19
87.16492 48.11094 1.24203 3.67636 1.70000 0.25000 0.33000 1.13000 0.02500 0.00000 0.00000 I305_GPS rui19
87.17087 43.26530 2.94943 7.49635 1.56000 0.12000 0.13000 0.42000 0.01400 0.00000 0.00000 I026_GPS rui19
87.19366 40.83480 2.19912 9.43631 -1.04000 0.13000 0.13000 0.48000 -0.00100 0.00000 0.00000 I032_GPS rui19
87.27926 42.24790 3.35092 8.24618 -0.67000 0.14000 0.15000 0.50000 -0.01000 0.00000 0.00000 I029_GPS rui19
87.40895 43.50588 4.19167 6.96597 2.30000 0.21000 0.22000 0.73000 0.01800 0.00000 0.00000 I359_GPS rui19
87.43587 41.29198 2.21307 8.90593 -4.14000 0.20000 0.21000 0.72000 0.02500 0.00000 0.00000 I387_GPS rui19
87.51517 47.13415 1.43352 4.85581 0.08000 0.14000 0.19000 0.67000 0.00500 0.00000 0.00000 I012_GPS rui19
87.52089 47.74283 0.81900 4.54580 1.17000 0.26000 0.35000 1.18000 0.02200 0.00000 0.00000 I307_GPS rui19
87.60067 43.80801 2.68441 7.33567 1.38000 0.08000 0.10000 0.66000 0.00000 0.00000 0.00000 URU2_GPS rui19
87.60100 43.80800 1.96441 8.12567 0.69000 0.68000 0.52000 0.16000 0.02700 0.00000 0.00000 URUM_GPS rui19
87.78704 47.74643 1.19926 4.24538 2.72000 0.23000 0.32000 1.08000 0.01600 0.00000 0.00000 I308_GPS rui19
87.81908 45.67131 2.75078 4.80533 2.20000 0.25000 0.31000 1.04000 0.03600 0.00000 0.00000 I325_GPS rui19
87.85445 42.81690 3.85616 7.06527 0.97000 0.21000 0.23000 0.77000 0.03600 0.00000 0.00000 I371_GPS rui19
87.93408 46.50911 1.59829 4.91515 1.48000 0.22000 0.29000 0.99000 0.02200 0.00000 0.00000 I318_GPS rui19
87.93883 44.15167 2.27763 7.04514 -4.19000 0.15000 0.16000 0.55000 0.01600 0.00000 0.00000 I021_GPS rui19
88.13490 47.85553 0.84054 5.64483 0.03000 0.16000 0.28000 0.94000 -0.00600 0.00000 0.00000 XJAL_GPS rui19
88.16560 47.77647 1.03985 4.70478 0.50000 0.25000 0.34000 1.15000 0.03000 0.00000 0.00000 I306_GPS rui19
88.17046 39.02206 0.86515 8.90477 -0.77000 0.15000 0.16000 0.47000 -0.00000 0.00000 0.00000 XJRQ_GPS rui19
88.18350 39.02404 2.62518 9.29475 -3.34000 0.19000 0.20000 0.69000 0.04300 0.00000 0.00000 I034_GPS rui19
88.20012 42.24943 3.67163 7.34473 -1.49000 0.20000 0.22000 0.74000 0.02500 0.00000 0.00000 I379_GPS rui19
88.21398 39.27620 1.62722 9.35471 -0.45000 0.26000 0.28000 0.96000 0.03500 0.00000 0.00000 I398_GPS rui19
88.25065 40.26753 1.90527 8.49465 -1.69000 0.14000 0.15000 0.52000 0.00600 0.00000 0.00000 I033_GPS rui19
88.31799 43.35326 3.41107 6.92454 0.82000 0.14000 0.16000 0.54000 0.00900 0.00000 0.00000 I025_GPS rui19
88.51182 43.12134 3.71925 6.24423 1.10000 0.22000 0.24000 0.82000 0.03800 0.00000 0.00000 I367_GPS rui19
88.65027 47.55266 1.59823 4.42401 1.35000 0.24000 0.32000 1.07000 0.01800 0.00000 0.00000 I309_GPS rui19
88.93079 38.98804 0.98542 8.51356 -1.08000 0.21000 0.23000 0.78000 0.03200 0.00000 0.00000 I400_GPS rui19
89.00492 44.92233 1.17516 4.85345 1.69000 0.10000 0.14000 0.41000 0.00400 0.00000 0.00000 I019_GPS rui19
89.05015 43.85794 3.15596 5.67337 2.39000 0.22000 0.27000 0.86000 0.02000 0.00000 0.00000 I351_GPS rui19
89.19577 38.71718 0.85344 8.77314 0.15000 0.10000 0.11000 0.36000 0.00500 0.00000 0.00000 G172_GPS rui19
89.31010 43.20935 3.26060 6.34296 1.62000 0.21000 0.26000 0.81000 0.01900 0.00000 0.00000 I364_GPS rui19
89.43019 45.39342 2.79962 6.26276 1.30000 0.21000 0.27000 0.86000 0.01900 0.00000 0.00000 I328_GPS rui19
89.51073 46.99409 1.23390 5.50263 1.02000 0.16000 0.20000 0.62000 0.00000 0.00000 0.00000 I011_GPS rui19
89.51741 46.08581 2.14580 5.81262 0.15000 0.21000 0.26000 0.90000 0.01200 0.00000 0.00000 I322_GPS rui19
89.53924 46.99897 1.34397 5.49259 0.25000 0.16000 0.21000 0.62000 -0.00700 0.00000 0.00000 XJFY_GPS rui19
89.55672 38.51681 2.21209 9.87256 -1.80000 0.19000 0.23000 0.66000 0.02400 0.00000 0.00000 G322_GPS rui19
89.61905 43.99558 3.49758 5.95246 -3.36000 0.13000 0.18000 0.51000 0.00100 0.00000 0.00000 I020_GPS rui19
89.64478 42.82429 3.46757 6.74242 0.00000 0.21000 0.26000 0.83000 0.01500 0.00000 0.00000 I370_GPS rui19
89.69301 46.43296 2.51902 5.49234 0.73000 0.21000 0.27000 0.90000 0.01400 0.00000 0.00000 I317_GPS rui19
89.79379 47.20126 1.89599 5.46218 0.93000 0.20000 0.25000 0.82000 -0.00100 0.00000 0.00000 I010_GPS rui19
89.86141 43.60304 4.59438 6.69207 2.28000 0.23000 0.30000 0.87000 0.01700 0.00000 0.00000 I357_GPS rui19
89.86747 38.43935 3.70168 9.84206 -1.75000 0.20000 0.25000 0.72000 0.01900 0.00000 0.00000 G324_GPS rui19
89.98626 44.61695 2.31325 5.92187 0.88000 0.22000 0.28000 0.87000 0.02000 0.00000 0.00000 I336_GPS rui19
90.10156 38.35087 6.67114 10.99168 -2.56000 0.21000 0.25000 0.74000 0.01300 0.00000 0.00000 G326_GPS rui19
90.14489 45.91949 2.77481 7.02161 -0.85000 0.24000 0.29000 0.96000 0.01100 0.00000 0.00000 I324_GPS rui19
90.15379 46.05931 2.05606 5.90160 -0.15000 0.12000 0.14000 0.49000 -0.00700 0.00000 0.00000 I017_GPS rui19
90.21503 45.55927 2.24168 5.70150 0.29000 0.23000 0.27000 0.90000 0.00900 0.00000 0.00000 I327_GPS rui19
90.25707 42.89274 3.54860 6.67143 -0.59000 0.14000 0.16000 0.57000 -0.00500 0.00000 0.00000 XJSS_GPS rui19
90.26893 38.28555 7.29073 10.84141 0.32000 0.25000 0.29000 0.90000 0.01200 0.00000 0.00000 G328_GPS rui19
90.29599 43.80938 3.42648 6.49136 0.47000 0.16000 0.27000 0.60000 -0.00100 0.00000 0.00000 XJML_GPS rui19
90.34275 46.68262 2.49176 4.47129 0.71000 0.14000 0.17000 0.60000 -0.00100 0.00000 0.00000 I015_GPS rui19
90.43260 46.28960 1.67832 5.35114 -3.47000 0.26000 0.31000 1.06000 0.00300 0.00000 0.00000 I319_GPS rui19
90.51121 44.48081 3.19245 6.22101 -2.19000 0.19000 0.25000 0.77000 0.00900 0.00000 0.00000 I329_GPS rui19
90.72796 38.86911 2.81568 8.26066 -1.66000 0.21000 0.24000 0.73000 0.00700 0.00000 0.00000 G316_GPS rui19
90.80386 38.28733 7.24110 10.45054 -1.86000 0.11000 0.14000 0.38000 -0.01200 0.00000 0.00000 G171_GPS rui19
90.82498 46.17003 2.96756 4.57050 0.76000 0.23000 0.26000 0.96000 0.00600 0.00000 0.00000 I321_GPS rui19
90.91794 37.02489 7.50126 13.07035 3.05000 0.23000 0.28000 0.77000 -0.00100 0.00000 0.00000 G339_GPS rui19
90.97888 46.15072 2.70750 5.51025 -1.31000 0.22000 0.22000 0.97000 -0.00400 0.00000 0.00000 XJQH_GPS rui19
91.17167 43.75584 4.05666 5.63993 1.15000 0.22000 0.28000 0.87000 0.00400 0.00000 0.00000 I334_GPS rui19
91.47352 43.48482 3.87454 5.37944 0.02000 0.13000 0.17000 0.54000 0.00200 0.00000 0.00000 I003_GPS rui19
91.49690 38.75788 5.56530 8.49940 -2.11000 0.22000 0.28000 0.78000 0.00000 0.00000 0.00000 G319_GPS rui19
91.88568 37.03796 8.24196 13.07876 2.48000 0.27000 0.33000 0.95000 -0.00700 0.00000 0.00000 G347_GPS rui19
92.36372 43.25741 4.72321 5.61797 1.14000 0.20000 0.25000 0.77000 0.01200 0.00000 0.00000 I366_GPS rui19
92.99731 43.60159 3.27661 4.92691 -0.93000 0.13000 0.17000 0.51000 -0.01800 0.00000 0.00000 I002_GPS rui19
93.00315 39.28736 2.89052 5.89690 -4.01000 0.13000 0.21000 0.40000 0.00100 0.00000 0.00000 G165_GPS rui19
93.33139 38.74420 5.70634 6.90635 3.25000 0.18000 0.35000 0.54000 -0.00400 0.00000 0.00000 QHLH_GPS rui19
93.48859 39.64494 2.08372 5.61608 -3.60000 0.15000 0.20000 0.46000 0.00100 0.00000 0.00000 G163_GPS rui19
93.49927 37.90185 7.07973 7.87607 0.01000 0.14000 0.21000 0.43000 -0.00900 0.00000 0.00000 G170_GPS rui19
93.62019 36.74587 6.71073 8.60586 -2.98000 0.25000 0.30000 0.86000 -0.00100 0.00000 0.00000 G346_GPS rui19
93.70431 43.11247 4.31287 4.30572 0.89000 0.24000 0.24000 0.84000 0.01400 0.00000 0.00000 I420_GPS rui19
93.85394 41.88747 3.74255 4.50547 0.93000 0.23000 0.23000 0.80000 0.01100 0.00000 0.00000 G304_GPS rui19
94.10761 43.98646 4.28069 5.86504 2.39000 0.23000 0.26000 0.88000 0.00700 0.00000 0.00000 I347_GPS rui19
94.25802 39.41261 5.04230 5.83479 1.82000 0.24000 0.28000 0.77000 0.01800 0.00000 0.00000 G312_GPS rui19
94.33583 42.84887 3.78103 4.62465 0.62000 0.14000 0.15000 0.48000 -0.00500 0.00000 0.00000 XJJJ_GPS rui19
94.35542 38.80865 7.17748 5.63462 2.35000 0.17000 0.22000 0.53000 0.00400 0.00000 0.00000 G167_GPS rui19
94.55482 39.71576 2.25495 4.60428 -1.02000 0.15000 0.16000 0.44000 0.00100 0.00000 0.00000 G162_GPS rui19
94.61342 38.32998 6.98379 5.97418 -0.43000 0.22000 0.28000 0.73000 -0.00700 0.00000 0.00000 G325_GPS rui19
94.67226 43.24209 3.42462 3.71408 0.11000 0.10000 0.10000 0.32000 -0.00300 0.00000 0.00000 I001_GPS rui19
94.68460 40.14348 1.92854 4.65406 -0.62000 0.19000 0.14000 0.44000 -0.00400 0.00000 0.00000 GSDH_GPS rui19
94.77167 36.14528 8.16674 9.00391 -0.25000 0.15000 0.15000 0.43000 -0.00600 0.00000 0.00000 QHGE_GPS rui19
94.81273 40.17224 1.96885 4.19384 -1.14000 0.16000 0.14000 0.46000 0.00200 0.00000 0.00000 G161_GPS rui19
94.85689 39.51346 4.07348 4.58377 1.39000 0.15000 0.16000 0.42000 0.00100 0.00000 0.00000 G164_GPS rui19
94.92326 43.78750 3.54950 3.29365 0.99000 0.21000 0.22000 0.73000 0.00200 0.00000 0.00000 I352_GPS rui19
94.99797 38.05652 6.59183 5.80353 1.66000 0.13000 0.18000 0.41000 0.00200 0.00000 0.00000 G169_GPS rui19
94.99804 40.54932 2.93208 4.27353 -0.84000 0.15000 0.13000 0.46000 -0.00200 0.00000 0.00000 G160_GPS rui19
95.09935 42.48850 4.28844 3.11335 1.37000 0.21000 0.20000 0.69000 0.00200 0.00000 0.00000 G302_GPS rui19
95.36678 36.95493 9.08335 8.92290 -3.93000 0.24000 0.27000 0.74000 0.00300 0.00000 0.00000 G344_GPS rui19
95.45652 39.25036 5.77170 4.31274 3.37000 0.23000 0.25000 0.75000 0.01400 0.00000 0.00000 G315_GPS rui19
95.46368 41.07009 2.62669 3.47273 -1.13000 0.28000 0.27000 0.93000 0.00800 0.00000 0.00000 G123_GPS rui19
95.48209 37.21636 8.79546 8.78270 -0.49000 0.27000 0.30000 0.89000 0.00300 0.00000 0.00000 G341_GPS rui19
95.60655 39.70957 2.64553 3.92249 -1.17000 0.15000 0.15000 0.44000 0.00700 0.00000 0.00000 G145_GPS rui19
95.71231 40.07999 1.87863 3.75230 -0.87000 0.75000 0.74000 2.54000 0.01400 0.00000 0.00000 G131_GPS rui19
95.76119 40.51618 2.52226 4.15222 0.05000 0.19000 0.14000 0.49000 -0.00400 0.00000 0.00000 GSAX_GPS rui19
