85.53800 38.08100 27.98051 9.16641 0.31942 0.37964 0.00283 jb46
90.98200 38.58800 34.93350 5.94760 0.37200 0.36056 0.00109 jb32
95.80100 40.51400 30.16610 -1.02616 0.39990 0.23416 0.00330 jb28
93.62600 42.81000 31.96202 0.46794 0.20333 0.43067 0.00220 jb43
84.33400 43.65200 30.95902 5.23317 0.19603 0.34387 0.00390 i045
89.33900 38.11000 35.12971 7.79178 0.30007 0.42297 0.00467 g333
83.15905 38.25744 26.69627 12.04870 0.32926 0.52177 0.00325 i065
85.57500 38.06500 28.48460 9.86862 0.35545 0.29482 0.00429 i405
75.76800 37.84000 26.74873 21.79358 0.25591 0.40590 0.00129 i407
88.74800 44.20400 30.32783 4.11261 0.32388 0.28045 0.00033 i342
87.88700 47.40900 28.80515 2.41732 0.23826 0.32991 0.00167 i311
81.34500 41.60100 31.45600 7.50131 0.66864 0.50837 0.01000 i059
80.23900 41.14300 30.53229 15.11481 0.40572 0.35792 0.00360 i061
86.14800 44.96600 31.06604 2.34397 0.28012 0.28481 0.00567 i333
84.85200 45.63000 29.94891 4.10026 0.29666 0.43084 0.00883 i039
82.51200 43.78825 29.85189 6.03310 0.35522 0.72300 0.00767 i046
82.96900 41.71500 30.48206 9.93600 0.41924 0.59401 0.00167 i057
89.12500 41.64400 31.87341 4.14239 0.60527 0.47882 0.00675 i386
86.31500 37.22725 35.19288 12.54748 0.82381 0.51864 0.00350 at03
73.45965 38.95657 23.02172 22.04581 0.73564 1.78219 0.00767 krka
73.61774 38.56029 22.07519 22.10270 1.03789 0.72863 0.00367 akba
71.38148 38.19034 13.32630 14.89965 3.10763 0.78569 -0.01700 yzgu
71.77781 37.29699 19.69555 20.05885 0.20002 0.16538 0.05967 brao
86.86700 44.18300 31.22780 7.25646 0.50883 0.53997 0.00400 i022
95.37700 37.83400 36.93009 1.92248 0.50761 0.51160 0.00667 y345
88.15200 39.02967 28.89445 6.12821 0.55904 0.53732 -0.01450 y033
89.05600 38.96800 28.50120 6.53632 0.58429 0.61184 0.02100 sfee
85.42750 37.58200 27.15057 10.80072 0.92903 0.92663 0.03250 quis
76.97792 40.84425 28.95167 13.38110 0.33217 0.81560 0.01433 qiqi
88.84900 39.02700 29.28255 6.95551 0.54158 0.61630 0.01650 powr
88.26500 39.44600 29.06898 6.16043 1.26566 0.77415 -0.02150 lobu
89.96800 38.39100 33.85626 5.87556 1.20725 1.23372 -0.01200 hapi
94.75800 40.15700 30.52347 0.12900 0.56534 0.55075 0.01533 gc27
95.31800 39.33300 33.55405 -0.40090 0.72715 0.76378 0.01267 ga12
94.32400 39.95500 30.30713 1.74165 0.70579 0.65229 0.00867 ga05
86.16700 37.62000 29.80611 10.66851 0.68404 0.61126 -0.00650 at14
85.64600 37.87100 27.93484 10.64022 0.59123 0.73178 -0.00200 at12
86.11900 36.02600 34.46689 13.36129 0.61251 0.64143 0.00367 at08
86.05600 36.25300 32.37877 16.84708 0.92130 0.72332 0.01367 at07
86.25000 36.42800 33.41752 14.47843 0.63898 0.93336 0.00350 at06
86.26400 36.99400 33.71952 12.39411 0.62181 0.64701 0.00400 at04
86.32700 37.33600 33.45865 12.06228 0.75602 0.62514 0.00600 at02
86.38000 37.41300 32.62955 11.83449 0.73177 0.64327 0.01350 at01
78.96607 39.87701 29.02186 17.14651 0.24200 0.64895 0.01167 akta
68.60963 38.74163 28.91371 5.26642 0.94488 0.97834 0.02900 tdpa
68.37073 39.08443 27.94938 6.04834 0.57811 0.53659 -0.01833 srya
71.67505 38.51807 14.64286 16.00733 1.98008 1.14480 -0.13450 seda
69.27726 38.85301 26.60616 7.06323 0.73825 1.19914 -0.16300 obga
70.20123 39.12043 27.31098 6.90431 0.64088 0.43785 -0.05350 kmra
69.57617 37.98390 23.87438 8.83497 0.64281 0.42185 -0.02900 gf19
71.66297 38.00319 16.70862 16.02607 1.13201 0.75633 -0.14633 emta
69.42127 38.58522 27.57130 5.59074 0.81589 0.28102 -0.11900 duba
73.41514 37.79332 23.95379 21.67772 0.59000 0.82000 0.00000 bzra
73.10580 38.55378 22.50686 20.29450 1.01679 0.80772 0.00450 atsa
73.27965 38.90243 21.87629 17.42978 1.40621 1.04114 0.00600 ajla
73.12010 37.46110 23.61491 21.10258 0.57000 0.63000 0.00000 abla
71.23276 38.40411 18.37132 15.97684 0.38455 0.62281 -0.15100 pish
72.36575 37.37560 22.19128 19.68753 0.42005 0.44796 0.02550 javs
73.78485 37.67811 22.81236 22.36512 0.41730 0.23351 0.01650 guru
70.29236 40.19404 27.49886 7.42177 0.39881 1.10052 0.00950 cap1
78.99000 37.11000 27.26296 18.53686 1.18311 0.60331 0.00000 i417
90.44200 37.27400 35.41715 10.30405 0.97611 0.89694 -0.00550 y196
79.77400 37.13500 25.90086 17.78555 0.66952 0.63636 0.04550 y035
75.12400 39.69700 27.77422 16.23503 0.90316 0.66224 0.00650 wuqo
75.51000 39.31100 30.18619 21.21127 0.40309 0.97245 -0.01750 wupa
78.03200 36.34900 25.34241 20.35467 0.56279 0.54892 0.01550 v407
87.07200 38.70900 28.65861 8.80366 0.69555 0.82847 0.00550 v403
75.38800 40.51700 28.51389 12.79209 0.39243 0.39082 0.00400 turg
90.08500 38.39100 35.03313 6.08620 1.10000 0.80000 -0.07500 terr
75.21100 37.84700 23.08369 26.16375 0.94065 0.87912 0.01150 taxk
77.24800 38.41200 26.37889 21.70820 0.72063 0.61121 0.00150 shac
78.43619 39.95010 28.06789 18.16564 0.76384 0.57116 -0.00600 sanc
75.40400 40.09400 29.31118 13.00316 0.32102 0.40151 0.02500 qiak
89.63000 38.46900 31.25933 6.54387 1.06650 1.98869 -0.04500 nice
76.69000 37.86200 25.56752 21.94114 1.00000 1.00000 0.03300 kosr
80.88500 44.12000 28.57019 4.44700 1.21402 0.66386 0.03150 korg
89.90500 38.40900 32.70102 4.96257 1.08716 1.06895 -0.03300 klsa
76.46300 38.65600 27.46377 21.71909 0.40780 0.40833 0.00200 kizi
77.90600 37.25800 25.47980 20.30211 0.75743 0.81866 0.02750 keli
90.90700 38.28500 34.61116 3.75852 1.30000 1.00000 -0.06200 hatu
75.47900 38.85300 28.97705 23.47985 0.35491 0.35372 0.00400 gaze
77.00100 36.44400 25.39450 22.07170 0.44728 0.50219 0.01500 g0bk
85.14400 37.05700 29.16958 13.86488 1.30000 1.10000 0.02100 atub
86.33300 37.21300 32.92772 12.67716 0.98000 0.96000 0.02000 at3x
77.32328 40.33156 30.59472 12.83863 0.56789 0.85912 0.00200 aj02
71.49677 37.56157 17.01092 14.68540 1.19070 0.90550 0.00000 shug
71.33661 39.24137 24.33277 7.69769 0.95498 1.23830 -0.13200 lhsq
70.73578 36.93562 20.13795 18.84856 1.04551 0.57911 -0.05450 kash
69.24540 38.34592 19.83040 8.54523 1.40145 1.40104 0.01750 gf20
70.32621 38.77699 10.94785 9.60990 0.79414 0.72271 -0.05700 gf05
70.35333 38.73343 9.89622 11.30675 1.07623 0.80488 -0.00250 gf04
70.59466 37.08359 19.04556 18.02380 1.42175 0.99767 -0.08150 fyz2
68.66728 37.37260 20.98549 3.73420 1.06478 0.43573 -0.07900 dusa
70.89490 36.99090 21.05855 21.39728 0.73228 0.73396 0.00200 bah1
70.19908 37.15119 21.23581 14.49392 0.64345 0.61794 -0.03150 arg2
70.43921 37.05828 19.33666 16.18411 1.57836 0.53913 -0.00350 arg1
77.23787 43.30099 27.55200 3.98800 0.60500 1.03200 0.00000 tal2
70.94615 38.89600 17.14382 13.61306 0.86739 0.84953 0.00000 shkc
70.17210 37.94960 14.22757 11.42979 1.50768 0.71542 0.00000 gf17
76.29818 40.81641 28.91541 13.01800 0.27898 0.23746 0.00500 kul4
75.96714 40.71713 28.51448 12.91291 0.35631 0.42726 0.00400 aks4
90.37800 37.36300 36.43435 10.85971 0.58303 2.05543 0.00200 qmtc
89.16600 36.91600 36.96455 10.18089 0.53000 0.72000 0.00200 aeka
85.67700 38.46600 27.23999 10.77998 0.90000 0.94000 0.02500 at16
86.01100 37.68100 27.53280 10.31835 1.08395 0.60441 -0.00650 at13
86.31700 36.57500 31.68343 12.52434 1.73746 0.86977 0.00950 at05
68.61630 37.93440 22.05323 5.67265 1.00780 0.78755 0.00600 gana
72.49800 41.98000 28.00677 5.04853 0.44885 0.53155 0.00600 uzu4
75.08600 43.37900 27.36271 3.60153 0.42595 1.10127 0.00250 urd1
73.82400 42.32000 28.13482 3.72306 0.45748 0.56575 0.00650 tus4
77.64100 43.31250 28.47012 4.15970 1.33003 0.49224 0.00350 tur4
73.16000 41.89500 27.83990 4.86120 0.40178 0.55779 0.01550 tor4
73.55500 42.20600 28.70210 5.53606 0.38171 0.42609 0.00950 suu4
72.92000 42.41000 27.21784 4.26893 0.66051 0.54856 0.01350 ska4
73.20100 42.23500 27.93085 3.75119 0.47068 0.69214 0.01050 otm4
76.33900 43.89400 27.50155 1.93256 0.55811 0.44857 0.00350 kut4
70.60100 41.66900 27.08121 4.21150 0.46490 0.62467 0.00950 kum4
70.94000 42.78300 26.88391 2.99795 0.50661 0.49227 0.04350 ktau
72.36700 42.59300 27.30876 3.26187 0.60820 0.80292 0.00900 ken4
71.57900 42.20200 27.26126 3.93167 0.46425 0.55715 0.00700 kbu4
72.87500 41.96600 27.67669 4.20838 0.48715 0.73967 0.00600 chy4
71.72100 42.01500 27.33136 4.17798 0.43385 0.60253 0.01250 cha4
71.79200 41.49500 26.75844 5.30542 0.49469 0.60428 0.00900 boz4
71.46000 41.36200 27.22713 5.04025 0.30000 0.30000 0.00700 ala4
72.14500 41.55700 26.38269 5.63440 0.42431 0.42688 0.01050 akj4
71.80000 40.11000 25.81286 8.61918 0.50000 0.46000 0.08000 djd5
90.41800 38.37600 35.48390 7.01183 1.40000 1.40000 -0.01000 muli
88.89950 39.24050 28.47232 5.87871 0.91891 1.48420 0.00050 hotl
71.60800 36.00100 24.61897 21.78469 0.62436 0.52862 -0.02800 uchu
73.19227 37.67443 22.49000 20.41000 0.71000 0.74000 0.04300 sasi
74.42732 38.06191 24.20000 21.97000 1.05000 1.13000 0.03000 kash
71.30000 39.24582 26.12000 10.62000 0.83000 0.90000 0.04400 jir0
87.70500 43.81400 32.11803 3.94840 0.50000 0.50000 -0.03100 ul18
79.92600 36.74300 24.40674 16.03142 1.20000 1.10000 0.05800 p008
76.00000 39.48000 29.41185 18.23479 1.30000 1.20000 0.01900 p007
84.29400 43.26800 31.32113 6.30335 1.10000 0.80000 -0.00900 nana
84.94600 44.38500 32.33040 6.02041 1.10000 0.80000 0.02800 kuyt
77.17500 37.39600 25.88191 19.60494 1.00000 1.00000 0.03100 koky
86.16900 41.70800 31.58752 7.47772 1.00000 0.90000 -0.03900 kl19
80.78100 41.38000 30.35890 14.79087 1.00000 0.80000 -0.01300 kara
85.15600 36.98600 29.77050 14.26152 1.50000 1.40000 0.02000 grub
82.07800 44.76900 30.13077 4.52603 1.20000 1.10000 0.01300 blzh
76.85600 38.44900 26.95487 20.29453 1.00000 0.80000 -0.23000 as25
85.45600 37.38700 28.45942 10.57742 1.20000 1.10000 0.02900 aqin
70.76688 38.57607 12.30000 12.17000 0.57000 0.62000 -0.01500 hrba
71.26913 38.31464 14.25000 18.26000 0.94000 1.01000 0.00200 gf14
71.02796 38.46641 13.64000 13.40000 0.66000 0.73000 0.02400 gf13
70.81086 38.44668 13.51000 13.52000 0.55000 0.60000 -0.07300 gf12
70.57610 37.12601 16.25000 19.33000 1.36000 0.60000 -0.03500 fayz
74.06120 37.52290 23.46458 21.97168 1.72000 1.00000 0.00000 ynga
70.71050 38.68840 11.25225 13.98327 1.68000 0.92000 0.00000 gf02
70.23830 38.79880 11.85284 9.13805 0.69000 0.65000 0.00000 gf01
70.18890 38.83400 13.36989 4.46213 1.44000 1.02000 0.00000 gf06
69.93550 38.90640 25.25855 4.78436 0.89000 1.01000 0.00000 gf07
69.86040 38.00610 13.59628 9.18576 0.86000 0.75000 0.00000 gf18
68.85870 39.11230 30.31146 9.62059 0.61000 1.13000 0.00000 ygna
75.67163 39.98507 30.58000 15.89000 0.42000 0.46000 0.00000 tl02
78.15874 40.86606 30.39000 16.83000 0.16000 0.16000 0.00000 nj35
77.65893 39.84470 29.87000 17.05000 0.28000 0.27000 0.00000 nj33
77.97955 39.93970 29.50000 17.96000 0.24000 0.19000 0.00000 nj32
77.37491 39.82183 31.99000 15.90000 0.20000 0.20000 0.00000 nj31
77.78555 40.65515 29.41000 16.75000 0.32000 0.29000 0.00000 nj28
77.64376 40.38457 30.47000 16.34000 0.15000 0.15000 0.00000 nj27
77.32059 40.47353 31.14000 14.20000 0.18000 0.20000 0.00000 nj26
77.62087 40.60436 30.48000 15.63000 0.15000 0.15000 0.00000 nj25
77.59527 40.81826 28.83000 15.63000 0.22000 0.24000 0.00000 nj24
76.94008 39.87462 29.33000 17.10000 0.21000 0.19000 0.00000 nj21
75.79772 40.06746 31.19000 14.80000 0.22000 0.20000 0.00000 nj20
76.16264 40.01209 31.18000 15.85000 0.14000 0.16000 0.00000 nj19
76.28474 40.14320 30.94000 16.19000 0.15000 0.17000 0.00000 nj18
76.01982 40.10546 30.61000 15.85000 0.14000 0.15000 0.00000 nj17
75.97510 39.80999 31.28000 16.49000 0.15000 0.15000 0.00000 nj14
75.93803 39.89645 31.38000 15.28000 0.15000 0.15000 0.00000 nj13
76.08007 40.36318 29.57000 15.06000 0.27000 0.28000 0.00000 nj12
75.88312 40.27778 29.81000 14.23000 0.19000 0.20000 0.00000 nj11
77.19436 40.04964 29.21000 14.09000 0.36000 0.38000 0.00000 kp31
78.28669 40.60224 30.75000 15.87000 0.55000 0.63000 0.00000 kp21
78.11136 40.52430 29.53000 16.91000 0.55000 0.61000 0.00000 kp20
77.79106 40.40482 29.82000 17.03000 0.37000 0.39000 0.00000 kp18
78.36287 40.48960 28.96000 16.70000 0.54000 0.60000 0.00000 kp17
78.17896 40.42889 29.84000 17.09000 0.56000 0.61000 0.00000 kp16
77.99147 40.45312 31.52000 17.45000 0.42000 0.46000 0.00000 kp15
77.49297 40.34224 33.35000 15.33000 0.43000 0.47000 0.00000 kp13
77.32142 40.28657 31.09000 15.33000 0.48000 0.52000 0.00000 kp12
79.04838 40.30917 30.89000 16.00000 0.40000 0.43000 0.00000 kp11
78.84569 40.36635 31.63000 14.82000 0.38000 0.41000 0.00000 kp10
78.67889 40.28526 31.02000 15.63000 0.39000 0.42000 0.00000 kp09
78.31170 40.19858 32.44000 17.09000 0.37000 0.41000 0.00000 kp08
78.11134 40.15625 30.84000 16.42000 0.36000 0.39000 0.00000 kp07
77.93379 40.15090 31.45000 15.75000 0.45000 0.51000 0.00000 kp06
77.76699 40.11799 28.91000 16.91000 0.41000 0.44000 0.00000 kp05
77.59165 40.11254 31.03000 14.57000 0.40000 0.44000 0.00000 kp04
77.43487 40.10798 32.18000 14.02000 0.40000 0.43000 0.00000 kp03
78.83473 40.14845 29.85000 16.98000 0.40000 0.43000 0.00000 kp02
79.28682 40.48509 30.82000 16.41000 0.18000 0.17000 0.00000 js29
79.06555 39.71688 26.73000 18.12000 0.65000 0.70000 0.00000 js28
78.99082 40.03849 29.36000 17.83000 0.33000 0.34000 0.00000 js26
78.81116 39.80842 29.23000 17.64000 0.25000 0.23000 0.00000 js25
78.80858 40.61722 34.71000 16.87000 1.11000 1.18000 0.00000 js23
78.52247 40.55531 31.84000 15.83000 0.20000 0.19000 0.00000 js21
78.20913 40.71712 29.89000 16.65000 0.28000 0.27000 0.00000 js20
78.38822 40.28320 30.67000 16.46000 0.18000 0.19000 0.00000 js19
77.99454 40.54203 30.63000 15.74000 0.22000 0.22000 0.00000 js18
77.90123 40.81614 29.49000 16.49000 0.17000 0.19000 0.00000 js16
77.13034 40.24040 30.64000 13.22000 0.21000 0.22000 0.00000 js15
77.38228 40.79465 29.57000 14.58000 0.17000 0.19000 0.00000 js14
76.94420 40.37995 30.07000 14.86000 0.32000 0.30000 0.00000 js13
76.63485 39.99213 28.95000 14.94000 0.35000 0.35000 0.00000 js11
77.30946 40.22841 29.58000 12.46000 0.51000 0.46000 0.00000 g0bf
82.56600 47.61100 27.55994 0.08499 0.70000 0.70000 0.02800 ztr4
74.37900 42.30200 27.90413 4.49424 0.40000 0.40000 0.00200 zkk4
80.88900 49.61900 25.81846 -0.09511 0.70000 0.70000 0.02900 zes4
75.00900 41.09200 27.57378 9.88580 0.40000 0.40000 0.00600 zba4
84.85600 47.43400 27.81988 1.75871 0.70000 0.70000 0.03400 zas4
82.32200 49.93400 25.59810 -0.11181 0.70000 0.70000 0.01600 zar4
73.20700 41.33500 26.90329 7.71208 0.70000 0.60000 -0.00400 yzg4
75.74100 41.97900 28.07943 7.87474 0.30000 0.30000 0.00700 yuz4
68.96700 38.85400 26.51339 7.98016 0.60000 0.60000 0.00300 warz
76.98100 42.02100 28.66095 9.95663 0.40000 0.40000 0.00400 vtu4
76.74400 42.04000 29.26524 9.56082 0.40000 0.40000 0.00600 vtg4
74.99900 42.22100 28.29345 5.68559 0.30000 0.30000 0.00700 vse4
76.33600 42.18500 29.67322 7.26473 0.40000 0.40000 0.00500 vkr4
78.83300 42.89800 29.64801 6.13198 0.50000 0.50000 0.00100 vke4
79.39200 42.54600 30.03504 9.02464 0.40000 0.40000 0.00400 vka4
77.86300 42.03100 28.84906 10.84519 0.40000 0.40000 -0.00700 vjk4
81.41400 50.66700 25.32370 0.09906 0.70000 0.70000 0.02900 vav4
79.02200 43.14400 29.85023 5.52912 0.40000 0.50000 0.00600 uzl4
74.78000 41.06900 27.57624 9.48960 0.50000 0.50000 0.00800 uzg4
74.92900 41.93600 28.08951 6.78609 0.30000 0.30000 0.00400 uzb4
79.53200 44.47800 26.66269 3.62248 0.80000 0.90000 0.04200 uyg4
73.47800 41.21900 26.79787 8.70881 0.40000 0.40000 0.00100 uum4
77.96900 45.73900 27.60703 2.94356 0.60000 0.60000 0.01300 ush4
76.33800 42.11000 28.37206 7.56517 0.40000 0.40000 0.00100 urs4
71.95800 42.35400 27.73867 4.03144 0.30000 0.30000 0.01300 urm4
75.08000 42.34600 28.29458 5.38302 0.50000 0.50000 0.01600 ulu4
78.92600 42.85800 29.14619 6.63097 0.40000 0.40000 0.00400 ult4
75.95900 41.93400 28.07528 8.07193 0.30000 0.30000 0.00500 uko4
70.25400 42.28000 26.86060 4.35919 0.40000 0.40000 0.01500 ugam
73.33400 40.56900 27.28821 9.21081 0.50000 0.50000 0.01700 tzb4
78.50900 42.63200 28.54883 8.33559 0.30000 0.30000 0.00300 tyup
71.20300 40.21200 27.90977 6.64429 0.70000 0.60000 0.04500 tut4
79.29700 43.02900 30.14336 5.22521 0.40000 0.40000 0.00700 tum4
78.94800 42.41500 29.43838 10.22982 0.30000 0.30000 0.00700 tua4
74.79000 42.05500 28.19260 6.68781 0.40000 0.40000 -0.00700 tsh5
80.12600 45.51400 25.76910 2.41432 0.70000 0.70000 0.03200 try4
83.63000 50.38200 25.38111 -0.02824 0.60000 0.70000 0.00500 trm4
75.38300 40.57800 28.56002 12.17957 0.40000 0.40000 0.00600 trg4
77.31100 42.17600 28.85929 9.65245 0.30000 0.30000 0.01100 tos4
77.05200 42.15700 29.26202 8.85580 0.40000 0.40000 0.00400 ton4
75.83700 42.35500 28.98354 5.47297 0.30000 0.30000 0.00800 tok6
75.26300 40.88900 28.06691 11.08202 0.40000 0.40000 0.00600 thr4
74.72200 41.51100 27.78490 6.98875 0.40000 0.40000 0.00600 tgu4
71.14600 41.53900 26.83458 4.54504 0.30000 0.30000 0.01100 ter4
80.86600 46.08100 27.26636 2.30533 0.60000 0.70000 0.03200 ten4
73.33300 41.78500 27.30997 5.41009 0.40000 0.40000 0.01100 tem4
78.84200 44.85500 27.47935 2.43146 0.50000 0.50000 0.00500 tek4
76.59400 42.13700 29.06938 8.46170 0.30000 0.30000 0.01200 teg4
77.55300 42.13700 28.65491 10.04983 0.40000 0.40000 0.00500 tam4
73.65700 44.23800 28.14728 3.80506 0.70000 0.80000 0.00900 tald
67.80900 42.23300 25.69170 4.60031 0.70000 0.70000 0.00600 takr
73.25700 39.73200 28.27488 10.61120 0.60000 0.60000 0.02300 syt4
80.41200 42.90600 29.82405 6.51132 0.40000 0.40000 0.00800 sum4
78.22600 43.43300 29.46600 3.73971 0.60000 0.60000 0.02000 sug4
75.81400 42.12800 28.98000 6.17338 0.80000 0.80000 0.01700 ste4
77.89000 42.34900 28.55283 9.44364 0.40000 0.40000 -0.00100 ssr4
78.27500 43.22700 29.26154 4.33901 0.50000 0.50000 0.00400 srt4
78.30700 42.78600 28.85412 5.83907 0.30000 0.30000 0.00700 srb4
73.90100 42.64400 27.71663 3.90123 0.50000 0.60000 0.01400 sos4
75.42300 41.91400 27.78182 7.37842 0.30000 0.30000 0.00300 son4
77.62700 41.91800 29.15030 10.74815 0.40000 0.40000 -0.00200 smo4
75.77200 40.47600 28.95176 12.67310 0.60000 0.60000 0.01500 sme4
83.49100 49.54100 25.27240 -0.32542 0.60000 0.60000 0.00800 slp4
76.35400 42.24600 29.47349 6.96570 0.40000 0.50000 0.01100 skt4
79.32200 42.60400 30.53595 9.62422 0.40000 0.40000 0.00200 skr4
77.95900 42.09500 28.84771 10.84335 0.40000 0.40000 -0.00200 sjk4
72.78900 41.30200 26.10868 6.71911 1.00000 1.00000 0.03600 shy5
79.30400 42.86800 29.93975 5.72525 0.40000 0.40000 0.00600 shl4
71.53200 42.45400 27.64620 4.13833 0.30000 0.30000 0.01000 shi4
78.93600 43.69000 29.65916 4.73018 0.60000 0.60000 0.01800 she4
80.48700 43.25100 29.92923 6.41034 0.50000 0.50000 0.01500 shd4
75.39700 42.62200 28.79507 5.67967 0.40000 0.40000 0.06700 sha5
78.81300 43.43000 29.45637 4.93157 0.40000 0.50000 0.00700 sgd4
78.74200 43.90000 29.26598 3.53343 0.50000 0.60000 0.01700 sex4
76.04500 42.27500 28.67964 6.86894 0.30000 0.30000 0.00800 sem4
74.15300 42.05200 27.70209 5.59813 0.30000 0.30000 0.00400 sdy4
81.18600 47.38100 26.17977 -0.49817 0.70000 0.70000 0.03600 sdt4
80.11700 42.50300 30.52279 9.31484 0.70000 0.70000 0.00400 sba4
72.24800 39.43900 23.98269 18.42811 0.90000 0.90000 0.01900 sauk
78.40800 43.05700 30.25762 5.13683 0.70000 0.70000 0.00400 saty
78.97200 42.75100 29.54379 6.43011 0.30000 0.30000 0.00800 sas4
71.70100 40.77400 26.81311 7.53558 0.40000 0.40000 0.00300 sary
85.79400 49.19300 24.92564 0.34941 0.70000 0.70000 0.01100 sar4
70.88100 41.69700 27.14205 4.54924 0.40000 0.40000 0.01600 san4
68.24600 39.69400 27.43746 6.99279 0.40000 0.40000 0.00200 san1
82.55000 49.47100 25.98734 -1.31454 0.70000 0.70000 0.01400 sal4
76.71500 42.25000 29.76946 6.75992 0.40000 0.40000 0.00500 sak4
79.74000 42.90500 30.13402 8.81930 0.60000 0.60000 0.00900 saaz
76.10300 42.52300 29.88294 5.96875 0.40000 0.40000 0.01300 ryb4
78.90600 42.54800 28.94235 9.63057 0.40000 0.40000 -0.00200 rts4
72.66700 42.70600 27.33556 3.41995 0.50000 0.50000 0.00700 rtr4
70.39100 39.86400 27.71308 6.05743 0.60000 0.60000 0.04200 rtc4
75.73200 41.69700 28.47370 8.07425 0.30000 0.30000 0.00400 rsr4
75.37000 41.76000 28.98052 6.97919 0.30000 0.30000 0.00400 rso4
79.06600 42.12100 29.33186 9.92882 0.40000 0.40000 -0.00500 rkt4
74.74200 41.72600 27.98932 6.58818 0.40000 0.40000 0.00100 rkr4
79.14200 41.96400 29.22899 11.72856 0.80000 0.80000 0.00800 rka4
75.19500 43.17400 27.00672 3.08197 0.50000 0.50000 0.01400 rga4
82.30600 46.12100 28.54406 2.68866 0.70000 0.70000 0.03900 ras4
74.25200 41.91200 27.79887 6.19559 0.30000 0.30000 0.00700 ral4
73.62700 41.28800 26.09704 7.60640 0.40000 0.40000 0.00000 pur4
75.08800 40.57800 28.46347 11.08379 0.40000 0.40000 0.00700 ptu4
78.86100 42.62000 29.54431 8.43015 0.40000 0.40000 0.00100 pto4
78.92600 42.72100 28.94368 8.83097 0.40000 0.40000 0.00400 psh4
82.59800 50.35700 25.19903 0.58505 0.70000 0.70000 0.01000 pse4
78.29200 42.54700 29.05035 8.53926 0.40000 0.40000 0.00000 ppr4
78.07600 43.20800 29.46564 4.44165 0.70000 0.70000 0.01700 pkz4
80.22800 43.75600 29.74140 5.51279 0.40000 0.50000 0.00600 pdb4
79.06000 42.39600 29.53604 9.52850 0.40000 0.40000 -0.00300 pch4
80.04000 43.99400 29.74674 2.61538 0.50000 0.50000 0.02000 pan0
75.13000 40.84800 27.86802 10.68409 0.40000 0.40000 0.00400 pak4
74.07600 40.43600 26.87600 11.99955 0.40000 0.40000 -0.00400 oyt4
72.74300 40.52200 27.09444 8.41987 0.40000 0.50000 0.01300 osh4
77.91800 42.44000 28.25502 9.24381 0.30000 0.30000 0.00300 orgo
75.98300 41.57700 28.06835 9.17124 0.80000 0.80000 0.03500 ona4
67.67000 40.29100 27.35681 6.70229 0.40000 0.40000 0.00300 okt1
74.54900 42.04000 28.29729 5.59292 0.30000 0.30000 0.00500 ogi4
75.84900 41.43300 27.96801 11.57262 0.70000 0.70000 0.02500 obo4
78.37400 42.68400 28.65254 7.13833 0.40000 0.40000 0.00200 ntp4
79.21000 43.13900 29.74722 5.82654 0.40000 0.40000 0.00400 nte4
73.76300 40.88000 25.88666 10.10360 0.40000 0.40000 -0.00300 nsb4
74.69000 41.82000 28.09063 6.98966 0.40000 0.40000 -0.00100 nrk4
79.21000 42.66500 29.53850 9.72654 0.40000 0.40000 0.00400 nkr4
78.23800 42.40600 27.24942 10.44036 0.80000 0.80000 0.01200 njt4
77.94600 42.24800 28.35081 10.64299 0.40000 0.40000 -0.00400 njk4
75.73000 41.87500 27.77677 7.37481 0.80000 0.80000 0.00300 ngs4
80.00000 42.59900 31.02632 9.51657 0.70000 0.70000 0.01200 nba4
76.25500 41.44600 28.46156 11.26734 0.40000 0.40000 0.01600 nar5
73.31800 42.17500 28.71577 4.61126 0.40000 0.40000 0.00700 mus4
73.79600 38.13700 22.33881 25.30242 0.60000 0.60000 0.00500 murg
78.11200 42.43900 28.75143 9.54158 0.40000 0.40000 -0.00400 mun4
76.57200 41.12900 27.55235 12.76185 0.90000 0.90000 0.04700 mud4
75.03800 41.66900 28.08278 7.18472 0.30000 0.30000 0.00400 mol4
79.32300 42.75700 29.43851 9.22494 0.50000 0.50000 0.00100 mnj4
73.04500 42.24800 28.02179 4.01506 0.40000 0.40000 0.00900 mkr4
73.34100 42.52400 27.22193 3.30987 0.50000 0.50000 0.01000 mer4
70.15700 40.03500 28.42069 4.26092 0.60000 0.60000 0.03300 mdg4
76.47800 43.15500 27.78738 4.26409 0.40000 0.40000 0.00700 may1
78.50100 44.22500 27.67471 2.13582 0.60000 0.60000 0.01500 mat4
73.22100 41.57200 27.60754 6.91220 0.40000 0.40000 0.01200 ljm4
68.52600 38.32300 20.50823 7.78810 0.60000 0.60000 0.01200 ledi
69.93300 39.77400 28.11918 6.06462 0.60000 0.60000 0.05700 lam4
78.31400 43.52200 30.06585 4.33911 0.70000 0.70000 0.01400 kzz4
75.97700 40.52300 29.85114 12.67091 0.70000 0.70000 0.01900 kzy4
73.32300 39.37900 23.36749 17.90987 0.70000 0.70000 0.01500 kyzy
75.13500 42.09200 27.98903 6.28269 0.30000 0.30000 0.00600 kyz4
68.71500 37.87400 19.19774 10.78429 0.80000 0.80000 0.01600 kurg
72.83200 43.25300 27.24190 3.21818 0.70000 0.70000 0.00300 kura
75.56900 41.35800 27.87138 10.57671 0.30000 0.30000 0.01200 kun4
75.76100 41.74900 29.07496 7.87417 0.80000 0.80000 0.05000 kuk4
79.85800 43.63000 29.94500 6.01829 0.70000 0.70000 0.02000 kud4
76.19800 42.89500 27.88750 3.26824 0.50000 0.50000 0.01100 kty4
73.38500 45.78500 28.37773 5.20964 0.60000 0.60000 0.00100 ktss
76.38700 42.61900 29.08005 4.96549 0.40000 0.40000 0.02200 kte4
83.99800 47.67000 27.23714 1.26804 0.70000 0.70000 0.02200 kst4
77.74400 44.59200 26.19105 2.24645 0.60000 0.70000 0.02600 ksh4
73.66700 41.34400 27.29662 7.10528 0.50000 0.50000 0.00000 krv4
76.44300 40.73400 28.74810 13.46386 0.70000 0.70000 0.01200 kru4
75.04800 41.48700 28.07981 7.78494 0.40000 0.40000 0.00500 krt4
79.92600 43.02700 29.93357 6.11727 0.40000 0.40000 0.00500 krs4
78.16100 43.48300 28.96883 3.44088 0.60000 0.60000 0.01400 krm4
76.43400 41.12200 28.15414 12.76437 0.40000 0.40000 0.00800 krl6
71.90400 39.49400 27.38780 7.73339 0.60000 0.60000 0.04800 krk4
85.06600 48.79700 25.33437 -0.64383 0.90000 0.90000 0.04900 krc4
76.07200 41.78100 28.57024 9.16940 0.30000 0.30000 0.00400 krb4
79.09200 42.16600 30.33308 10.52855 0.30000 0.30000 0.01000 koy4
73.88100 41.80800 27.70109 5.10279 0.50000 0.50000 0.01500 kovk
76.52000 40.91800 28.74926 14.06336 0.70000 0.70000 0.01000 kos4
84.95900 49.41200 25.54341 -0.94200 0.70000 0.70000 0.01300 kor4
79.88500 46.95900 25.19562 0.51774 0.80000 0.80000 0.03500 kol4
78.64600 43.45200 29.35994 4.03428 0.40000 0.40000 0.00300 kok4
76.40800 41.89200 27.46763 9.86463 0.70000 0.70000 0.02400 kog4
78.82500 43.02400 29.75006 5.43222 0.40000 0.40000 0.00100 kns4
71.46400 39.87500 27.69918 8.24014 0.60000 0.60000 0.03100 kng4
70.97500 39.74200 28.10484 7.44828 0.60000 0.60000 0.02800 klm4
75.55000 41.01800 27.76622 11.07701 0.80000 0.70000 0.02900 kky4
70.22200 43.27100 27.47905 4.26001 0.60000 0.60000 0.00900 kkt4
75.14600 42.25700 28.09252 5.58363 0.40000 0.40000 0.01000 kko4
76.20500 41.90200 28.17049 9.46729 0.50000 0.50000 0.02300 kkd4
74.92800 41.73700 28.38582 6.68637 0.40000 0.40000 0.00100 kkc4
72.73500 39.67800 27.87976 9.62009 0.60000 0.60000 0.02500 kkb4
72.89400 41.69500 27.31360 6.01697 0.40000 0.40000 0.01400 kka4
73.19000 41.00100 26.09692 8.81180 0.50000 0.50000 -0.01500 kja6
74.06600 42.20400 27.90655 4.89933 0.30000 0.30000 0.00200 kin4
72.29700 40.36200 28.29894 7.42653 0.60000 0.60000 0.03800 khz4
73.67200 44.38000 28.14976 1.90589 0.50000 0.60000 0.00500 kha4
80.35500 43.40000 30.43337 5.61126 0.50000 0.50000 0.00500 ket4
76.05700 42.75900 28.58717 3.46959 0.50000 0.50000 0.01400 kek4
69.82400 42.03600 26.66187 4.46662 0.40000 0.40000 0.01700 kazy
80.00800 42.74000 30.42770 8.71633 0.70000 0.60000 0.01700 kat4
76.84000 41.13200 28.64810 13.15801 0.30000 0.30000 0.00500 kasu
75.96700 43.04500 27.49372 4.57170 0.70000 0.80000 0.00500 kast
75.44300 42.30000 28.58839 5.27884 0.30000 0.30000 0.00600 kas4
76.77600 41.73300 28.85958 10.95889 0.40000 0.40000 0.01900 kar4
76.39700 42.30600 29.27410 5.96570 0.40000 0.40000 0.00800 kal4
72.90400 42.80600 27.73322 5.01620 0.40000 0.40000 0.00800 kak1
76.10100 41.17300 27.76020 12.86931 0.50000 0.50000 0.02400 kai4
81.60900 49.52800 26.60498 0.39653 0.80000 0.70000 0.01900 kab4
80.04700 49.06500 28.52463 0.01542 0.70000 0.70000 0.02500 k241
75.84400 47.85200 27.37393 -0.42699 0.70000 0.70000 0.02000 k231
76.06400 49.38500 27.29667 1.76964 0.70000 0.70000 0.02800 k221
78.40600 49.19400 26.05337 1.23639 0.80000 0.80000 0.05800 k211
78.90000 50.16800 26.66078 0.13024 0.70000 0.70000 0.04200 k201
75.78300 50.80800 27.12315 0.47403 0.80000 0.70000 0.02100 k191
73.55300 45.75500 28.57449 1.60797 0.70000 0.70000 0.01800 k181
74.57100 46.90800 28.47937 1.29179 0.70000 0.70000 0.02500 k171
73.66000 49.40700 27.63525 1.20523 0.90000 0.70000 0.05500 k161
71.84800 51.33800 27.49602 2.23289 0.70000 0.70000 0.01800 k151
74.01000 51.69400 27.46577 0.99991 0.90000 0.70000 0.02500 k141
69.65000 43.50400 27.59162 3.96950 1.00000 0.80000 0.04000 k121
69.03400 43.37600 26.69757 4.07977 0.90000 0.80000 0.02500 k111
67.17600 44.40100 26.24171 4.61010 0.80000 0.80000 0.02200 k100
66.46200 47.82800 27.11572 3.22447 0.90000 0.70000 0.04200 k091
70.01900 49.01300 26.58501 1.96294 0.80000 0.70000 0.01700 k081
65.79500 48.05200 27.52878 4.13551 0.80000 0.70000 0.03700 k071
66.31600 51.75100 27.58819 5.12614 1.00000 0.70000 0.01900 k051
75.64500 42.10500 27.78205 6.97652 0.30000 0.30000 0.01400 jua4
78.22400 43.10400 29.06014 4.44027 0.40000 0.50000 0.00400 jni4
73.68600 40.63700 25.78302 9.80500 0.50000 0.50000 0.00400 jlk4
75.33400 43.01100 27.50078 3.08023 0.40000 0.40000 0.00000 jjo4
78.27400 42.29700 28.74679 10.33829 0.40000 0.40000 0.00300 jet4
78.68100 43.25400 29.75578 4.33349 0.40000 0.40000 0.00300 jap4
71.52600 42.90800 27.15497 3.63899 0.60000 0.50000 0.01300 jam4
77.49000 43.26100 28.37420 4.35043 0.60000 0.80000 0.03800 isy5
78.21000 41.60100 30.33566 11.94018 0.40000 0.50000 -0.00200 ish4
79.07000 42.01500 30.43057 10.92870 0.30000 0.30000 0.00300 iny4
78.18800 43.95300 27.87470 2.64034 0.70000 0.70000 0.02300 ili4
73.79600 39.65400 29.26534 12.00242 0.70000 0.60000 0.00300 ikz4
73.06700 42.49300 27.72583 3.81495 0.30000 0.30000 0.00800 hrt4
73.80200 42.42600 27.91348 3.20275 0.30000 0.30000 -0.00600 hon4
76.76700 42.64100 29.07498 4.85940 0.30000 0.30000 0.01000 hok4
83.59000 49.82800 25.77444 -1.32707 0.70000 0.70000 0.00400 heb4
77.13900 42.07100 29.06036 9.65350 0.40000 0.40000 0.00900 gta4
78.62100 43.54600 29.46274 4.43327 0.40000 0.40000 0.00500 gso4
78.92100 43.03900 29.64939 5.43037 0.40000 0.40000 0.00300 gku4
76.72500 42.17100 28.76768 7.96013 0.40000 0.40000 0.00900 gko4
78.78700 43.66400 29.26153 5.53185 0.70000 0.70000 0.01400 gbl4
68.51500 37.64200 20.59603 9.28811 0.60000 0.60000 0.01200 gara
84.93100 48.22100 27.82795 1.75780 0.70000 0.70000 0.01900 gak4
80.30800 43.06100 30.32914 6.21241 0.40000 0.40000 0.00100 ese4
76.42200 41.49400 29.26079 12.56472 0.70000 0.70000 0.02500 eng4
74.45200 41.82100 27.79529 6.99292 0.30000 0.30000 0.00500 eme4
75.05100 42.62400 28.10036 4.68510 0.50000 0.50000 0.00700 els4
74.21500 42.61800 27.61168 4.39788 0.30000 0.30000 0.00700 elg4
76.46800 41.82000 28.26579 9.56488 0.30000 0.30000 0.00600 elb4
76.74200 42.07000 29.16531 9.16038 0.30000 0.30000 0.00800 eks4
76.36700 43.00500 26.88584 3.76607 0.60000 0.60000 0.02000 ega4
74.36600 41.47600 27.08958 7.29586 0.40000 0.40000 0.00000 dyu4
68.62500 38.51600 22.91066 14.28697 0.90000 0.90000 0.02600 dusc
78.66800 43.43200 29.25855 4.43412 0.40000 0.40000 0.00400 dso4
79.87700 43.38000 30.03985 6.11697 0.60000 0.70000 0.02800 dor4
73.61900 40.92500 25.79027 10.00662 0.60000 0.60000 0.00800 dng4
74.46900 40.98700 27.97931 9.69319 0.50000 0.50000 0.00600 djr4
73.95600 41.89600 28.00310 6.00093 0.30000 0.30000 0.00500 dje4
66.10600 38.33800 24.93803 10.93016 0.60000 0.60000 0.02000 djan
76.49800 41.24500 28.35601 13.16351 0.70000 0.70000 0.01200 dja4
67.88000 38.23500 26.91432 6.89991 0.50000 0.40000 0.01600 dena
75.76600 43.24500 27.69932 2.87377 0.50000 0.50000 0.01200 dege
72.28600 39.57300 26.68383 10.02658 0.60000 0.60000 0.03100 dat4
75.04100 40.78200 28.26811 10.88489 0.40000 0.40000 0.00500 dar4
78.45700 43.13700 29.75714 5.23713 0.40000 0.40000 0.00000 dal4
74.00200 43.42300 27.52822 2.40014 0.40000 0.40000 -0.00500 chu4
76.05200 41.33400 28.46345 11.96998 0.70000 0.70000 0.01900 cht4
78.97600 43.27100 29.85181 5.02999 0.40000 0.40000 0.00100 chr4
77.07500 42.71900 28.87187 5.55538 0.30000 0.30000 0.01800 cho4
78.37300 43.52900 29.16568 3.53761 0.70000 0.70000 0.00500 chlk
77.84500 43.26700 28.56866 4.44422 0.40000 0.50000 0.00200 chl4
77.73900 41.52700 29.54176 12.44684 0.60000 0.60000 0.00700 chk4
78.87800 43.58400 29.25803 7.13140 0.60000 0.60000 0.00600 chil
75.75000 40.68600 28.85675 13.07423 0.70000 0.70000 0.02100 cek4
72.09000 40.19900 27.19792 9.62888 0.40000 0.40000 0.00600 cauv
68.10400 41.24500 26.76939 5.59565 0.40000 0.40000 0.02000 car1
75.72900 42.74900 28.09229 3.77509 0.30000 0.30000 0.00400 bys4
76.43200 42.81100 27.88235 3.76493 0.30000 0.40000 0.00300 buz4
79.05300 42.26100 30.03484 10.42845 0.40000 0.40000 -0.00100 bur4
75.02000 41.18600 27.47570 10.18474 0.40000 0.40000 0.00400 btr4
70.76500 40.04800 28.21235 5.35026 0.60000 0.60000 0.03300 btk4
70.52000 42.56900 27.16209 4.15586 0.60000 0.60000 0.01800 brl4
71.28300 43.77700 28.77463 3.74218 0.70000 0.70000 0.00400 bost
73.23500 41.64800 27.40824 6.41131 0.40000 0.40000 0.01100 bor4
83.98400 49.03800 26.15651 -0.73106 0.70000 0.70000 0.00700 bol4
73.21200 42.76800 27.32908 2.81269 0.80000 0.70000 -0.00100 bok4
75.42600 40.75700 28.36139 12.07958 0.70000 0.70000 0.02000 bke4
79.41600 45.13700 27.17448 2.62392 0.70000 0.70000 0.03600 bin4
75.03000 40.64600 28.46605 10.88495 0.40000 0.40000 0.00500 bet4
70.52400 40.35700 26.82175 8.35575 0.60000 0.60000 0.00800 besh
75.79500 42.81800 28.19242 3.67368 0.30000 0.30000 0.00600 bes4
75.65700 42.95700 27.99660 3.87617 0.50000 0.50000 0.01400 ber4
67.04600 38.17500 26.82396 9.21453 0.60000 0.60000 0.01700 bays
75.08300 41.07900 27.67270 9.88418 0.40000 0.40000 0.00700 bay4
75.01900 41.57600 28.28206 6.58502 0.40000 0.40000 0.00300 bau4
77.61600 42.00800 28.95259 10.74822 0.50000 0.50000 0.03600 bar4
73.98000 45.06900 27.05651 2.60025 0.70000 0.80000 0.01100 balh
73.26800 39.51300 26.07068 12.31114 0.60000 0.60000 0.02800 bab4
77.11400 43.89700 28.79118 2.95548 0.40000 0.50000 0.00300 azo4
76.96600 43.05900 28.07783 4.45682 0.50000 0.50000 0.00900 ast4
78.14800 43.31000 29.06464 3.84052 0.50000 0.50000 0.00200 ass4
81.10500 50.09100 26.82186 -0.49752 0.70000 0.70000 0.02700 asr4
73.49400 42.70000 26.72313 3.00836 0.50000 0.50000 0.01700 asp4
73.53800 40.07500 29.47598 9.60713 0.70000 0.70000 0.05800 ask4
74.82700 40.83800 28.07261 9.88850 0.40000 0.40000 0.00800 arp4
79.65700 46.64900 27.59337 1.92051 0.90000 0.90000 0.06700 arg4
76.66500 41.69300 29.05977 9.96188 0.70000 0.70000 0.02000 arc4
77.75000 41.86000 29.74785 10.64577 0.40000 0.40000 -0.00400 ara4
70.08200 41.10200 27.84128 6.96258 0.60000 0.60000 0.00300 angr
69.51400 39.73700 27.52244 7.47190 0.70000 0.60000 0.06000 and4
77.60300 42.79000 28.86581 5.44785 0.30000 0.30000 0.01400 ana4
74.24400 40.33100 26.77137 15.29581 0.40000 0.40000 0.00600 alun
77.76300 43.90800 28.28018 1.94614 0.40000 0.40000 0.00300 alt4
69.73000 40.82900 27.54144 6.16749 0.50000 0.50000 -0.02700 alm1
72.25800 39.42100 21.48270 14.02634 0.60000 0.60000 0.03500 ald4
76.16700 42.31300 28.87875 6.16789 0.40000 0.40000 0.01300 alb5
79.85100 43.42700 29.94133 5.51825 0.50000 0.50000 0.00200 akt4
76.85400 42.88500 28.77701 4.05810 0.40000 0.40000 0.00400 akk4
78.54200 41.79500 30.43389 11.23536 0.40000 0.40000 -0.00500 akh4
80.13500 47.88200 25.20454 0.81380 0.80000 0.70000 0.03000 akd4
76.95600 42.07300 29.36340 9.65662 0.30000 0.30000 0.00600 akb4
79.96900 42.89600 30.03185 7.21624 0.40000 0.40000 0.00300 aib4
70.02300 40.80000 27.23654 7.76283 0.60000 0.60000 0.00800 adra
75.52500 44.13200 27.31795 2.47698 0.40000 0.40000 0.00000 ada4
72.05000 41.78400 26.32623 4.52996 0.30000 0.30000 0.01000 abd4
73.75500 42.16800 28.61060 5.70382 0.30000 0.30000 0.00400 aac4
79.27000 41.99000 28.22075 12.19076 1.42000 1.21000 0.00800 uch4
76.87000 43.33700 28.13450 4.59763 0.66000 0.55000 0.03700 atak
75.29000 42.68000 27.07940 3.53049 0.33000 0.38000 -0.02000 iv12
75.15000 42.65000 26.92620 3.48751 0.34000 0.37000 -0.03000 iv11
75.03000 42.75000 27.19329 3.53695 0.30000 0.34000 -0.03000 iv05
75.03000 42.61000 27.34196 5.11695 0.40000 0.40000 -0.12000 iv17
74.90000 42.67000 27.13863 3.84917 0.29000 0.33000 -0.01000 iv16
74.88000 42.71000 27.07852 4.53674 0.41000 0.43000 0.09000 iv09
74.87000 42.81000 25.28936 2.24953 0.29000 0.32000 -0.04000 iv04
74.84000 42.76000 26.59734 5.48988 0.34000 0.38000 -0.07000 iv8a
74.79000 42.73000 26.05556 4.10581 0.31000 0.35000 -0.08000 iv08
74.78000 42.70000 27.34647 3.83059 0.30000 0.33000 -0.03000 iv8b
74.77000 42.80000 28.94532 2.77338 0.30000 0.34000 -0.01000 iv03
74.77000 42.66000 26.71406 4.88338 0.29000 0.33000 -0.04000 iv22
74.76000 42.68000 27.41550 4.86617 0.60000 0.73000 -0.05000 iv15
74.71000 42.72000 26.87284 5.69309 0.31000 0.35000 -0.03000 iv7a
74.70000 42.76000 25.75287 4.84587 0.32000 0.35000 -0.07000 iv07
74.62000 42.75000 26.90113 4.43215 0.30000 0.33000 -0.04000 iv06
74.58000 42.66000 25.80966 3.69429 0.32000 0.36000 -0.02000 iv14
74.48000 42.66000 27.53482 4.86913 0.36000 0.38000 -0.08000 iv20
74.48000 42.59000 26.53463 5.02913 0.42000 0.44000 -0.01000 iv21
74.42000 42.78000 27.00534 2.79883 0.60000 0.69000 -0.04000 iv13
74.26000 42.66000 26.68765 4.32136 0.37000 0.39000 -0.04000 iv19
74.07000 42.68000 26.69254 3.72422 0.36000 0.37000 -0.04000 iv18
91.91000 38.09000 36.15544 2.39521 1.40000 1.40000 0.00200 v303
89.93800 48.98200 30.45418 0.59303 0.68000 0.32000 0.10600 ulgi
91.19800 51.33400 27.58887 -2.19357 0.65000 0.32000 0.08100 chad
91.62900 47.76300 28.06799 2.07220 0.84000 0.47000 0.07600 hovd
92.07800 49.97100 29.05376 -0.82978 0.81000 0.39000 0.08200 ulaa
95.02300 50.25000 26.64539 -2.12096 0.89000 0.57000 0.05400 erzn
91.82100 37.88700 37.91219 8.44259 1.50000 1.40000 -0.00600 mang
84.77000 50.94000 24.93062 -0.98032 1.50000 1.30000 0.07600 ustk
95.87300 49.61800 26.71243 -2.55427 1.10000 1.00000 0.10800 tes1
87.89000 50.24000 25.75826 -1.92584 1.40000 1.30000 0.06200 kura
85.44000 50.15000 25.72608 -1.26302 1.40000 1.40000 0.08700 kait
91.62500 47.96300 30.11795 -1.12971 1.00000 1.00000 0.11100 hova
88.42000 50.07000 26.76605 0.53136 1.50000 1.40000 0.04200 chag
