87.60067 43.80797 31.04445 5.67993 1.12700 0.13633 0.20625 0.26893 -0.00167 0.00000 0.00000 urum
82.87547 46.82377 28.58535 1.41466 0.73378 0.16438 0.25762 0.26087 0.00653 0.00000 0.00000 xjtc
90.25476 42.89398 32.13742 4.17311 -0.70275 0.15777 0.31832 0.24243 0.00161 0.00000 0.00000 xjss
86.18948 41.79180 31.22388 8.19865 0.96220 0.19019 0.18236 0.29872 0.00293 0.00000 0.00000 xjke
83.25716 43.39794 30.36766 6.98013 1.10695 0.20340 0.17367 0.37105 0.00513 0.00000 0.00000 xjxy
88.13463 47.85570 28.83740 3.22281 0.43336 0.20526 0.29444 0.45772 0.00115 0.00000 0.00000 xjal
79.20976 41.20230 30.29511 15.03642 0.40433 0.26711 0.18445 0.43695 0.01258 0.00000 0.00000 wush
94.77157 36.14558 36.78605 4.62674 -0.28614 0.15825 0.22983 0.23937 -0.00791 0.00000 0.00000 qhge
88.17046 39.02206 29.68440 6.68819 -0.98162 0.15519 0.25892 0.28142 0.00292 0.00000 0.00000 xjrq
85.53045 38.11869 28.44750 9.18582 -0.99642 0.15648 0.22906 0.29876 0.00333 0.00000 0.00000 xjqm
74.69427 42.67977 27.32435 4.78746 0.58105 0.15219 0.09176 0.25671 -0.00309 0.00000 0.00000 pol2
94.68460 40.14348 30.57377 0.29698 -1.00493 0.12220 0.16839 0.26698 0.00573 0.00000 0.00000 gsdh
93.48802 39.64528 30.82777 1.78261 -0.93573 0.21522 0.17232 1.10536 0.00254 0.00000 0.00000 g163
93.33139 38.74420 34.34961 3.01761 2.17237 0.21471 0.31603 0.36518 -0.00082 0.00000 0.00000 qhlh
78.77031 39.81387 29.20421 17.21387 -0.13204 0.18148 0.22541 0.32283 0.00364 0.00000 0.00000 xjbc
75.23371 37.77500 25.21290 22.95832 0.72664 0.28149 0.18986 0.32967 0.01446 0.00000 0.00000 tash
94.85689 39.51346 31.88268 0.93802 0.75417 0.23596 0.24471 0.46863 0.00292 0.00000 0.00000 g164
94.81273 40.17224 30.73776 0.21439 -0.45000 0.29450 0.21938 0.49575 0.00262 0.00000 0.00000 g161
94.55482 39.71576 31.05128 0.72726 -0.25000 0.25638 0.20523 0.48717 0.00185 0.00000 0.00000 g162
94.35542 38.80865 34.64544 1.53104 1.66027 0.34368 0.17577 0.46504 0.00123 0.00000 0.00000 g167
93.00315 39.28736 31.82793 2.61745 -1.14714 0.25664 0.20043 1.80715 0.00131 0.00000 0.00000 g165
83.71566 42.82914 31.71729 7.32362 1.66038 0.17555 0.33904 0.40848 0.00370 0.00000 0.00000 xjby
66.88565 39.13455 27.88312 5.31282 -0.81636 0.30644 0.25862 0.50601 -0.04150 0.00000 0.00000 kit3
87.17731 43.47111 31.78427 5.51083 0.80697 0.10152 0.08975 0.19136 -0.00370 0.00000 0.00000 guao
95.76119 40.51618 31.12079 -0.43476 -0.89486 0.18711 0.17816 0.30720 0.00690 0.00000 0.00000 gsax
95.71231 40.07999 30.62574 -0.43663 0.40000 0.32727 0.21884 0.20000 0.00425 0.00000 0.00000 g131
95.60655 39.70957 31.24259 -0.16158 -0.43438 0.28524 0.22489 0.46965 0.00350 0.00000 0.00000 g145
94.99804 40.54932 30.97236 -0.15283 -0.25455 0.23858 0.19929 0.40549 0.00350 0.00000 0.00000 g160
94.87277 36.43277 36.39101 4.35384 -1.00000 0.48691 0.29003 0.30000 0.00110 0.00000 0.00000 jb30
94.67226 43.24209 31.69783 -0.48215 1.08846 0.17720 0.28413 0.60647 0.00183 0.00000 0.00000 i001
94.33583 42.84887 32.27218 0.37328 0.06589 0.15083 0.20556 0.28563 -0.00010 0.00000 0.00000 xjjj
93.49927 37.90185 35.06390 4.57868 0.01000 0.36460 0.28348 0.43000 0.00015 0.00000 0.00000 g170
93.41200 38.80900 34.41855 2.51615 0.90000 0.32725 0.22354 0.50000 0.00125 0.00000 0.00000 jb31
92.99731 43.60159 31.69663 0.94770 -0.47746 0.21656 0.44773 0.36626 0.00117 0.00000 0.00000 i002
91.47352 43.48482 31.87757 2.18698 0.45714 0.19536 0.34806 0.39756 0.00100 0.00000 0.00000 i003
90.80100 38.47500 35.24062 7.57822 0.13082 0.29238 0.72464 0.53305 -0.00020 0.00000 0.00000 qhmy
90.29599 43.80938 32.07906 3.24578 0.28200 0.19919 0.22047 0.34914 0.00190 0.00000 0.00000 xjml
89.19577 38.71718 29.49145 6.37552 0.24643 0.25838 0.26651 0.21317 0.00108 0.00000 0.00000 g172
86.97689 38.50802 28.85369 7.46865 -1.96250 0.24313 0.32197 1.76638 -0.00167 0.00000 0.00000 i035
86.85606 47.69484 29.38193 2.87945 -0.38232 0.17316 0.23274 0.24189 0.00067 0.00000 0.00000 xjbe
86.71924 42.92285 32.39688 6.61385 1.12857 0.15764 0.22995 0.24488 0.00510 0.00000 0.00000 xjwl
86.10609 44.20807 31.70207 4.60224 0.89992 0.16606 0.19421 0.22137 0.00322 0.00000 0.00000 xjsh
84.88574 44.31091 31.99019 6.03851 0.41638 0.18940 0.21300 0.20223 0.00267 0.00000 0.00000 xjds
83.81073 37.59381 27.13087 11.34281 0.28030 0.24479 0.29300 0.36569 0.00225 0.00000 0.00000 i066
82.99303 36.73878 26.18395 12.97229 0.80000 0.31620 0.68252 0.30000 0.00433 0.00000 0.00000 i069
82.97850 41.72500 32.21566 10.73656 -1.66758 0.16572 0.23740 0.29127 0.00389 0.00000 0.00000 xjkc
81.96906 36.43284 24.54092 14.67396 -0.56175 0.82786 0.58194 0.41236 0.00670 0.00000 0.00000 xjyt
81.66431 36.83979 25.46701 13.92301 0.44248 0.24789 0.25239 0.48598 0.00342 0.00000 0.00000 i068
81.52626 43.97241 30.58711 6.25281 -0.10571 0.24160 0.28490 0.65875 -0.00110 0.00000 0.00000 xjyn
81.47821 36.45501 25.37998 14.68429 -1.12143 0.34782 0.31878 0.26276 0.00458 0.00000 0.00000 i070
80.99878 44.96008 29.54672 3.88555 1.28110 0.17037 0.20899 0.28387 0.00322 0.00000 0.00000 xjwq
80.36433 42.67645 31.49921 7.77865 1.57117 0.17859 0.21935 0.41183 0.00310 0.00000 0.00000 xjzs
79.04553 37.16189 26.23835 18.25458 0.04510 0.20305 0.36242 0.39482 0.00737 0.00000 0.00000 xjht
79.03528 40.50338 30.10761 15.03050 -0.24333 0.27335 0.23571 0.69331 0.00208 0.00000 0.00000 i073
78.03688 39.71398 28.55780 18.10488 -0.47200 0.19713 0.23743 0.27141 0.00233 0.00000 0.00000 i075
77.44591 37.85031 27.20336 20.83445 -0.42260 0.17045 0.18680 0.28401 -0.00067 0.00000 0.00000 xjyc
77.00462 36.57646 25.76503 21.43826 0.93273 0.33200 0.26118 0.71087 0.00236 0.00000 0.00000 j047
76.88892 40.20440 29.75405 14.77138 -1.48485 0.20401 0.21915 0.43664 0.00133 0.00000 0.00000 i074
76.73425 39.49698 30.05994 18.39905 -4.35946 0.29961 0.26741 0.80793 0.00042 0.00000 0.00000 i079
83.65933 38.96866 29.08667 11.57756 -0.34740 0.13268 0.15113 0.27764 0.00389 0.00000 0.00000 xjtz
77.01690 43.17873 28.04048 3.70660 0.14918 0.11352 0.08608 0.27345 0.00000 0.00000 0.00000 sele
95.46368 41.07009 31.15542 -0.82041 -0.20000 0.23782 0.19329 0.71456 0.00182 0.00000 0.00000 g123
94.99797 38.05652 34.69756 1.77951 1.41803 0.35769 0.21037 0.26623 0.00100 0.00000 0.00000 g169
94.25802 39.41261 32.92457 1.30606 1.40722 0.34428 0.26002 0.45148 0.00344 0.00000 0.00000 g312
89.61905 43.99558 31.66058 3.15310 -2.09577 0.22147 0.30094 0.73218 0.00227 0.00000 0.00000 i020
88.31799 43.35326 31.52722 4.20351 1.82703 0.17414 0.32640 0.60993 0.00182 0.00000 0.00000 i025
88.25065 40.26753 30.45750 6.41499 -1.69000 0.26934 0.20504 0.52000 0.00542 0.00000 0.00000 i033
88.18350 39.02404 31.50517 7.07961 -0.82809 0.46606 0.24855 1.35604 0.00491 0.00000 0.00000 i034
87.17087 43.26530 31.10576 5.78904 1.11667 0.17153 0.23321 0.37401 0.00209 0.00000 0.00000 i026
86.36309 42.35039 32.10034 6.77657 0.70211 0.21556 0.29050 0.37867 0.00527 0.00000 0.00000 i028
86.17217 37.58708 31.02683 10.64222 -1.30000 0.30949 0.27894 1.11760 -0.00100 0.00000 0.00000 i408
85.51803 41.90806 31.71185 7.51490 -1.89341 0.20968 0.40712 0.86823 0.00436 0.00000 0.00000 i030
84.54152 43.26862 30.81703 6.41549 0.61507 0.19293 0.23154 1.00907 0.00236 0.00000 0.00000 i051
84.15656 43.02901 31.73562 7.04425 2.18298 0.28947 0.34201 0.94215 0.00664 0.00000 0.00000 i053
83.12881 42.13558 31.99172 7.14650 1.70299 0.38525 0.34610 0.35849 0.00318 0.00000 0.00000 i054
82.78542 41.21634 30.76044 12.48641 -2.30685 0.19508 0.24535 0.31172 0.00400 0.00000 0.00000 i060
82.69600 37.04600 26.32954 12.61124 0.40000 0.43078 0.39290 0.20000 0.00327 0.00000 0.00000 i067
82.22475 43.47155 30.65780 6.31864 0.27547 0.21186 0.24924 1.06632 0.00318 0.00000 0.00000 i050
81.80280 41.81490 32.23333 6.96314 2.27899 0.26272 0.37450 0.56740 0.00045 0.00000 0.00000 i055
80.39245 40.64296 30.05105 14.47227 -0.48387 0.16367 0.27332 0.35023 0.00536 0.00000 0.00000 i062
79.96400 37.09800 25.40316 16.10391 2.20000 0.27370 0.26461 0.80000 0.00527 0.00000 0.00000 i087
78.45139 40.94160 30.39657 15.68622 0.37000 0.21019 0.23753 0.57000 0.00233 0.00000 0.00000 i072
77.62493 38.90400 28.12453 18.62361 -0.31652 0.23050 0.40188 0.86057 0.00100 0.00000 0.00000 i082
77.27711 38.17394 26.63989 20.60312 -0.97917 0.23635 0.27869 0.75193 0.00136 0.00000 0.00000 i084
76.51240 39.80626 30.31689 15.57979 -0.80000 0.40317 0.15635 0.50000 0.01133 0.00000 0.00000 i077
76.17408 38.93539 28.84085 21.00399 -3.28148 0.30402 0.23005 0.36664 0.00200 0.00000 0.00000 i083
75.89869 39.19550 30.14338 20.39987 0.51923 0.32217 0.33875 0.61702 0.00200 0.00000 0.00000 i081
75.44655 36.85057 25.30520 22.47106 0.93659 0.30908 0.29513 0.67657 0.00082 0.00000 0.00000 i088
75.25018 39.71807 27.95832 14.00249 -0.86207 0.17388 0.21308 0.27611 0.00127 0.00000 0.00000 i078
75.23786 39.73987 29.02944 14.73052 -0.00464 0.15927 0.20838 0.35588 -0.00056 0.00000 0.00000 xjwu
74.97113 38.65090 24.72010 21.96503 1.31286 0.21092 0.20066 0.45278 -0.00033 0.00000 0.00000 xjbl
74.33638 39.84188 28.27394 15.44916 1.63214 0.19464 0.21182 0.20813 0.00073 0.00000 0.00000 i089
89.53924 46.99897 29.59029 2.90862 0.15529 0.18347 0.20691 0.21834 0.00038 0.00000 0.00000 xjfy
95.80300 37.51300 36.12923 3.13680 1.00000 0.52652 0.71903 0.20000 0.00078 0.00000 0.00000 g151
95.48281 37.21578 36.84221 4.12946 0.80933 0.28762 0.35429 0.67368 -0.00257 0.00000 0.00000 g341
95.45652 39.25036 33.77187 -0.19268 0.94632 0.33865 0.27333 1.31055 0.00322 0.00000 0.00000 g315
94.32700 39.61550 31.39177 0.27710 1.40000 0.27611 0.30039 0.20000 0.00262 0.00000 0.00000 g311
94.31100 39.15800 34.45560 0.83877 0.70000 0.26974 0.29006 0.20000 0.00113 0.00000 0.00000 g314
93.62019 36.74587 35.29797 5.72544 -2.98000 0.24830 0.22816 0.86000 0.00044 0.00000 0.00000 g346
93.42500 38.53300 34.18240 3.23597 0.70000 0.40629 0.32006 0.20000 -0.00300 0.00000 0.00000 g323
91.67727 37.85364 36.37974 7.78671 -0.41550 0.13797 0.24207 0.55304 -0.00017 0.00000 0.00000 g335
91.49690 38.75788 33.77842 4.97814 -0.50568 0.13346 0.18069 0.89847 -0.00071 0.00000 0.00000 g319
90.97888 46.15072 30.64491 2.04112 0.18364 0.50109 0.30761 0.38792 0.00263 0.00000 0.00000 xjqh
90.80386 38.28733 36.03202 7.60847 -1.04412 0.32372 0.36826 0.57350 -0.00011 0.00000 0.00000 g171
90.26893 38.28555 35.65019 8.12243 0.32000 0.22604 0.16215 0.90000 0.00287 0.00000 0.00000 g328
90.10156 38.35087 35.14262 7.93679 -2.56000 0.29027 0.21420 0.74000 0.00375 0.00000 0.00000 g326
89.86747 38.43935 32.19320 6.68497 -1.75000 0.29820 0.17901 0.72000 0.00562 0.00000 0.00000 g324
89.79379 47.20126 29.15575 2.15071 0.90804 0.31802 0.38337 0.43623 0.00200 0.00000 0.00000 i010
89.55672 38.51681 31.22955 6.97577 0.37105 0.15813 0.23195 1.14653 0.00586 0.00000 0.00000 g322
89.00492 44.92233 29.47713 1.91198 2.37033 0.21102 0.33568 0.62662 0.00230 0.00000 0.00000 i019
88.93079 38.98804 29.91025 5.84197 0.09796 0.25926 0.21053 0.72851 0.00750 0.00000 0.00000 i400
88.63000 42.81800 31.22652 4.64122 -1.70000 0.29616 0.31303 0.40000 -0.00020 0.00000 0.00000 i027
88.21398 39.27620 30.22581 6.57975 0.58448 0.34022 0.32798 0.72106 0.00722 0.00000 0.00000 i398
87.93883 44.15167 30.59369 4.26294 -2.98000 0.23005 0.36867 0.82299 0.00830 0.00000 0.00000 i021
87.51517 47.13415 29.34692 2.83103 0.65607 0.18777 0.41079 0.51515 0.00550 0.00000 0.00000 i012
87.19366 40.83480 31.07810 7.16722 -1.04000 0.35245 0.24699 0.48000 0.00173 0.00000 0.00000 i032
86.22340 44.29448 31.25871 4.84856 -0.50800 0.17518 0.32857 0.38733 0.00250 0.00000 0.00000 i023
85.87002 47.43570 29.01799 1.90902 0.44643 0.24596 0.39697 0.62181 0.00620 0.00000 0.00000 i014
85.70603 46.79132 30.02789 2.01676 -0.02407 0.27167 0.44208 1.03186 0.00450 0.00000 0.00000 i016
84.86712 44.35190 31.64900 4.95793 0.72990 0.29422 0.44122 0.66613 0.00510 0.00000 0.00000 i044
84.52392 37.13326 27.98637 11.13602 0.46147 0.41312 0.33967 0.55904 0.00656 0.00000 0.00000 i412
84.24523 41.78033 30.93978 10.67484 -13.67000 0.19320 0.37413 0.46000 0.00345 0.00000 0.00000 i056
83.91138 44.47201 30.69378 4.60090 0.36774 0.15801 0.34448 0.71136 0.00470 0.00000 0.00000 i043
83.60042 36.72269 27.59227 12.84120 -0.27288 0.41982 0.54190 0.31017 0.00343 0.00000 0.00000 i415
83.59451 45.93665 29.80231 2.64707 0.47158 0.21414 0.37809 0.83115 0.00600 0.00000 0.00000 i038
82.12806 44.90013 29.66228 4.62158 0.20638 0.20033 0.25902 0.55757 0.00820 0.00000 0.00000 i041
81.12528 43.14168 30.36971 6.48878 1.53000 0.15636 0.28261 0.80000 0.00400 0.00000 0.00000 i052
80.85945 44.06492 29.56625 5.41839 0.03509 0.25325 0.33577 1.00071 0.00680 0.00000 0.00000 i048
79.99011 36.39937 25.71317 17.22429 0.56970 0.39526 0.26783 0.53331 0.00387 0.00000 0.00000 i418
78.24623 37.55870 26.41763 19.48384 0.35000 0.27051 0.28905 0.45000 0.00300 0.00000 0.00000 i086
77.94884 40.87685 29.95898 14.67655 3.19333 0.31539 0.28816 1.54566 0.00656 0.00000 0.00000 i388
76.00858 39.56039 29.93004 17.93767 -2.52056 0.27653 0.34797 3.20138 0.00420 0.00000 0.00000 i396
74.95093 38.66239 23.58003 21.71908 2.32000 0.20657 0.23328 0.29000 0.00118 0.00000 0.00000 i090
74.42703 39.02493 23.94594 19.98129 1.86706 0.29134 0.30989 0.71033 0.00230 0.00000 0.00000 i399
94.92326 43.78750 31.57169 -0.85165 0.76237 0.21075 0.23151 0.39628 0.00175 0.00000 0.00000 i352
94.61342 38.32998 35.48060 1.01550 -0.43000 0.28864 0.27821 0.73000 -0.00100 0.00000 0.00000 g325
94.10761 43.98646 31.69892 1.74735 1.33889 0.25290 0.32366 0.70176 0.00213 0.00000 0.00000 i347
93.70431 43.11247 32.13322 0.29321 1.14038 0.19943 0.21039 0.45216 0.00425 0.00000 0.00000 i420
92.41900 38.07200 35.75709 6.12568 0.00000 0.14482 0.27849 0.20000 -0.00383 0.00000 0.00000 g332
92.36372 43.25741 32.53713 1.81659 1.10825 0.26182 0.26920 0.39904 0.00411 0.00000 0.00000 i366
91.88568 37.03796 36.37903 9.19182 2.48000 0.33250 0.22151 0.95000 -0.00233 0.00000 0.00000 g347
91.17167 43.75584 32.02407 2.27106 0.78411 0.28677 0.30864 0.48310 0.00200 0.00000 0.00000 i334
90.91794 37.02489 35.87129 9.54932 3.05000 0.32366 0.20368 0.77000 -0.00088 0.00000 0.00000 g339
90.72796 38.86911 31.50501 5.12548 -1.66000 0.19179 0.25409 0.73000 -0.00025 0.00000 0.00000 g316
90.34275 46.68262 29.64453 1.32098 0.71000 0.21886 0.28294 0.60000 0.00350 0.00000 0.00000 i015
90.15379 46.05931 30.27069 2.70225 -0.15000 0.18603 0.34525 0.49000 0.00170 0.00000 0.00000 i017
89.64478 42.82429 31.78926 3.65712 0.00000 0.26714 0.19990 0.42625 0.00325 0.00000 0.00000 i370
89.51073 46.99409 29.02118 2.70196 1.02000 0.18514 0.40264 0.62000 -0.00150 0.00000 0.00000 i011
89.31010 43.20935 31.95732 3.36812 1.12277 0.16471 0.24906 0.49116 0.00512 0.00000 0.00000 i364
89.05015 43.85794 31.05627 3.07645 0.77547 0.18617 0.30819 0.93889 0.00487 0.00000 0.00000 i351
88.51182 43.12134 32.06536 3.50124 1.97857 0.23651 0.25803 0.63996 0.00888 0.00000 0.00000 i367
88.20012 42.24943 31.99652 4.65002 0.31277 0.27300 0.23461 1.00836 0.00562 0.00000 0.00000 i379
87.85445 42.81690 31.76719 4.68029 1.47010 0.31682 0.24535 0.47517 0.00725 0.00000 0.00000 i371
87.43587 41.29198 31.31960 6.48206 -0.11739 0.27643 0.25650 2.12133 0.00733 0.00000 0.00000 i387
87.40895 43.50588 32.15366 4.49330 1.86090 0.17097 0.19327 0.55090 0.00386 0.00000 0.00000 i359
86.60865 47.09656 29.48013 2.75430 0.51000 0.26595 0.28381 0.72000 0.00400 0.00000 0.00000 i013
86.48077 43.90086 32.29907 5.30102 3.30000 0.17621 0.23627 0.94960 0.00762 0.00000 0.00000 i350
86.40500 48.05200 28.55959 1.98283 0.80000 0.25597 0.42196 0.30000 0.00389 0.00000 0.00000 i008
86.05844 43.03402 31.77284 5.57539 2.10909 0.27990 0.27577 0.81384 0.00937 0.00000 0.00000 i361
85.59655 43.95036 31.78346 5.57168 1.90435 0.23653 0.26584 1.07076 0.00875 0.00000 0.00000 i348
85.49970 43.11342 32.09492 5.79928 1.59091 0.16627 0.28311 0.46319 0.00550 0.00000 0.00000 i368
84.42643 42.77487 31.94259 7.45034 1.01667 0.27261 0.28303 0.58008 0.00644 0.00000 0.00000 i373
84.42535 42.05483 31.94852 6.89760 0.35588 0.22832 0.26591 1.78813 0.00663 0.00000 0.00000 i378
83.68641 42.69233 31.73553 7.20297 0.94426 0.18526 0.25696 2.75601 0.00438 0.00000 0.00000 i376
83.18845 41.08195 30.94303 11.63660 -2.21795 0.24895 0.27552 3.72229 0.00500 0.00000 0.00000 i390
83.04116 41.95804 32.24159 7.60983 0.75217 0.24858 0.24169 1.44400 0.00675 0.00000 0.00000 i382
82.92805 44.62258 29.53376 5.20817 -3.29000 0.17050 0.23013 1.20000 0.00450 0.00000 0.00000 i042
82.84485 43.25463 30.47992 6.76080 0.50000 0.21410 0.38928 3.05961 0.00514 0.00000 0.00000 i363
82.44019 41.85769 31.75443 10.65625 -1.51986 0.28836 0.31497 2.89807 0.00562 0.00000 0.00000 i383
81.91099 43.02728 31.50423 6.63142 1.11875 0.20164 0.24848 2.74795 0.00456 0.00000 0.00000 i375
81.74184 43.64962 30.89690 5.79364 0.49172 0.28770 0.32066 0.75389 0.00700 0.00000 0.00000 i354
81.30324 40.49498 31.18150 14.56476 -0.90672 0.24153 0.32208 0.72552 0.01313 0.00000 0.00000 i391
81.03190 44.96812 28.90550 3.50905 -1.47000 0.21297 0.26183 0.93000 0.00440 0.00000 0.00000 i040
80.06542 41.66351 30.92680 9.88507 2.04046 0.24197 0.31987 1.62198 0.00650 0.00000 0.00000 i385
79.91453 36.82523 26.06090 16.98339 0.42333 0.35819 0.28138 0.49235 0.00278 0.00000 0.00000 i414
79.71525 41.66150 31.03618 11.50251 1.69339 0.15294 0.25887 0.51353 0.01271 0.00000 0.00000 i384
79.43470 40.03501 29.59130 16.32872 0.10000 0.28225 0.31081 0.10000 0.00411 0.00000 0.00000 i394
78.72244 36.20457 25.92702 17.98458 -0.35714 0.32745 0.30229 0.44329 0.00489 0.00000 0.00000 j301
77.44418 39.63086 29.79511 17.65447 2.02000 0.21839 0.19183 0.96000 0.00789 0.00000 0.00000 i395
76.98135 36.84776 26.29234 21.45635 2.11000 0.33548 0.33472 0.73000 0.00244 0.00000 0.00000 i413
76.66065 38.38013 27.82662 20.58140 -1.05306 0.31009 0.36451 1.56803 0.00544 0.00000 0.00000 i404
76.16153 38.66847 28.37921 21.52625 -0.73103 0.29444 0.31434 3.54269 0.00588 0.00000 0.00000 j307
75.38271 37.35356 25.73282 22.27908 0.30476 0.22241 0.30355 0.77065 0.00343 0.00000 0.00000 i410
75.36646 40.50128 28.83193 12.10536 -0.46346 0.17967 0.26067 2.11725 0.00375 0.00000 0.00000 i392
81.38500 43.93507 29.73625 5.77388 0.72727 0.23796 0.99348 0.60898 0.00438 0.00000 0.00000 i047
90.27300 43.83300 31.59812 2.74989 0.10000 0.33301 0.23969 0.20000 0.00133 0.00000 0.00000 i004
78.19568 41.86609 31.32296 9.87139 3.78043 0.61603 0.84293 0.38909 0.00000 0.00000 0.00000 kmtr
95.36678 36.95493 37.11741 3.82676 -3.93000 0.24958 0.24823 0.74000 -0.00050 0.00000 0.00000 g344
95.09935 42.48850 32.43676 -0.96021 0.61798 0.24857 0.24336 0.53108 0.00257 0.00000 0.00000 g302
93.99900 43.42300 31.67061 -0.51177 0.00000 0.24035 0.31068 0.20000 0.00300 0.00000 0.00000 i360
91.33000 41.01750 32.01382 3.43870 1.10000 0.32776 0.27287 0.10000 0.00300 0.00000 0.00000 i389
90.82498 46.17003 31.05644 1.19864 1.20690 0.19343 0.20870 0.54022 0.00143 0.00000 0.00000 i321
90.51121 44.48081 31.90944 2.41812 0.10412 0.25009 0.29834 1.24811 0.00313 0.00000 0.00000 i329
90.43260 46.28960 31.11313 1.36808 0.29048 0.25149 0.26004 1.98784 0.00100 0.00000 0.00000 i319
90.21503 45.55927 30.37651 2.23063 1.11636 0.24028 0.27118 0.62434 0.00314 0.00000 0.00000 i327
90.14489 45.91949 30.17302 2.36089 0.76379 0.22922 0.36538 0.95627 0.00357 0.00000 0.00000 i324
89.98626 44.61695 30.77188 2.67858 1.46542 0.26080 0.27482 0.53697 0.00457 0.00000 0.00000 i336
89.43019 45.39342 30.53718 2.77624 1.70952 0.23952 0.28986 0.52482 0.00686 0.00000 0.00000 i328
88.65027 47.55266 29.65713 1.37266 0.21752 0.22916 0.39014 0.80623 0.00529 0.00000 0.00000 i309
88.16560 47.77647 29.10497 1.98128 0.20323 0.18019 0.27819 0.63003 0.01043 0.00000 0.00000 i306
87.95733 43.51500 31.91299 3.46811 2.00000 0.13553 0.17515 0.20000 0.00533 0.00000 0.00000 i358
87.93408 46.50911 29.70937 2.61654 1.16387 0.19748 0.31240 0.53104 0.00743 0.00000 0.00000 i318
87.81908 45.67131 31.10603 2.40372 1.73433 0.18226 0.23970 0.59353 0.00943 0.00000 0.00000 i325
87.78704 47.74643 29.06575 1.72321 0.59130 0.23336 0.25136 1.24041 0.00786 0.00000 0.00000 i308
87.52089 47.74283 29.04260 2.01339 -0.15190 0.22332 0.24176 0.93535 0.00671 0.00000 0.00000 i307
87.27926 42.24790 32.03256 6.01392 -0.12000 0.24061 0.23490 0.40022 0.00629 0.00000 0.00000 i029
87.16492 48.11094 28.98411 1.46479 -0.07255 0.32928 0.32019 1.11407 0.00786 0.00000 0.00000 i305
86.96600 43.51200 31.77103 4.74930 1.80000 0.27570 0.30441 0.30000 0.00186 0.00000 0.00000 i355
86.60543 42.04934 32.65600 6.79303 -0.65000 0.24017 0.24596 0.80000 0.00737 0.00000 0.00000 i380
86.37297 46.27562 30.53064 2.42796 -0.55957 0.29511 0.31253 0.58662 0.00714 0.00000 0.00000 i320
86.30103 45.44530 30.71067 2.49642 0.55620 0.14008 0.26502 0.60808 0.00450 0.00000 0.00000 i323
86.26052 42.64100 32.49774 6.01579 2.35000 0.29351 0.27759 0.91000 -0.00263 0.00000 0.00000 i374
86.08091 46.48275 30.33877 2.31724 -0.01278 0.26257 0.29769 0.57253 0.00643 0.00000 0.00000 i316
85.40163 44.24813 31.74319 4.36338 2.51261 0.20509 0.24089 1.01422 0.00743 0.00000 0.00000 i341
84.78804 44.16812 31.33683 4.14671 2.00609 0.28559 0.30993 0.53684 0.00350 0.00000 0.00000 i345
84.39388 44.21580 30.77983 4.05042 0.68031 0.18847 0.31579 0.63007 0.00800 0.00000 0.00000 i349
83.69315 44.34842 30.86832 3.89764 1.83670 0.29240 0.30783 0.59089 0.00686 0.00000 0.00000 i422
83.60979 39.01511 28.66374 11.42782 0.03000 0.25469 0.23692 0.77000 0.00475 0.00000 0.00000 i064
82.78330 44.26043 30.13819 4.85246 2.16531 0.25617 0.31066 0.68966 0.00586 0.00000 0.00000 i346
82.61985 45.20109 29.95037 2.81918 0.00174 0.23106 0.26916 0.72435 0.00650 0.00000 0.00000 i331
82.18307 42.91561 31.45678 6.62153 -1.45000 0.18726 0.24265 1.02000 0.00362 0.00000 0.00000 i423
81.64871 45.18101 29.44398 2.98268 0.19342 0.32126 0.33521 0.73679 0.01175 0.00000 0.00000 i330
81.32569 44.52297 29.69158 4.13498 1.04430 0.19934 0.32175 0.66864 0.00871 0.00000 0.00000 i340
81.12400 43.49000 30.24344 6.03871 1.00000 0.27520 0.31725 0.20000 0.00325 0.00000 0.00000 i356
80.43908 44.17030 29.48218 3.58443 1.33357 0.26899 0.41791 0.81123 0.00957 0.00000 0.00000 i343
80.30054 37.89088 26.80141 16.08522 -1.11000 0.24832 0.24020 0.88000 0.00550 0.00000 0.00000 i406
78.54008 39.77649 28.20660 17.63848 -1.11000 0.34914 0.25439 0.63000 0.00556 0.00000 0.00000 i076
78.06900 36.33800 25.71362 19.48684 0.30000 0.42933 0.33839 0.20000 0.00557 0.00000 0.00000 i419
77.62215 40.34338 30.44644 14.88202 -0.12000 0.23662 0.22048 1.05000 0.00700 0.00000 0.00000 i393
77.35555 37.50107 27.20215 20.57664 1.33000 0.25436 0.27551 1.11000 0.00378 0.00000 0.00000 i409
77.04034 37.13804 26.89940 20.94029 1.51000 0.34999 0.26590 0.85000 -0.00371 0.00000 0.00000 i411
75.57865 39.32092 30.78039 20.35116 -0.91000 0.31844 0.28911 0.97000 0.00711 0.00000 0.00000 i397
75.40136 38.96021 29.94572 22.40431 -4.29000 0.19436 0.34019 0.66000 0.00150 0.00000 0.00000 i401
74.92433 38.22500 25.47497 21.67737 1.40000 0.43547 0.30926 0.20000 0.00500 0.00000 0.00000 i403
74.83300 38.86200 25.03646 21.65317 2.40000 0.35612 0.29274 0.20000 0.00543 0.00000 0.00000 i402
80.34671 42.69237 30.80637 7.49143 -0.99524 0.21086 0.31419 2.53014 0.00575 0.00000 0.00000 i377
80.74056 42.72828 30.73035 7.38029 -0.42617 0.18109 0.25823 2.33186 0.00614 0.00000 0.00000 i372
83.47270 43.52085 29.79327 5.39936 0.49765 0.12794 0.29137 1.07823 0.00729 0.00000 0.00000 i369
81.89139 43.15506 31.02311 6.61905 0.39577 0.18441 0.27017 2.96585 0.00757 0.00000 0.00000 i365
84.07651 43.31766 30.32407 6.62085 -0.38660 0.16503 0.28103 2.70138 0.00657 0.00000 0.00000 i362
89.86141 43.60304 32.51171 3.57313 1.64579 0.21948 0.23217 0.55342 0.00287 0.00000 0.00000 i357
86.88300 47.70800 29.05256 2.53332 -0.10000 0.29122 0.51423 0.40000 0.00513 0.00000 0.00000 i009
93.85394 41.88747 31.55270 0.14637 0.58600 0.17293 0.20031 0.44919 0.00257 0.00000 0.00000 g304
84.91258 45.61025 32.61744 2.26067 7.47057 0.28534 0.33966 0.34166 0.00967 0.00000 0.00000 xjkl
74.75110 42.99850 27.35785 2.70084 -0.11113 0.28958 0.12400 0.23992 0.00140 0.00000 0.00000 chum
92.23100 44.18100 32.09560 1.32573 -0.10000 0.20746 0.27076 0.30000 0.00400 0.00000 0.00000 i344
90.09600 45.07400 30.79416 2.33191 0.80000 0.21372 0.32611 0.20000 0.00233 0.00000 0.00000 i335
89.93300 46.97700 29.04415 0.64217 1.40000 0.33653 0.29443 0.30000 0.00400 0.00000 0.00000 i421
89.69301 46.43296 30.35323 2.21191 0.73000 0.17496 0.23185 0.90000 0.00486 0.00000 0.00000 i317
89.65000 47.34820 28.67036 1.40233 1.50000 0.26976 0.24198 0.20000 0.00083 0.00000 0.00000 i310
89.51741 46.08581 30.09356 2.65926 0.15000 0.19567 0.24687 0.90000 0.00286 0.00000 0.00000 i322
88.84700 47.08700 29.18332 2.03035 0.70000 0.14433 0.23897 0.20000 0.00340 0.00000 0.00000 i312
87.45700 48.57500 28.10262 1.80649 0.70000 0.21163 0.25974 0.30000 0.00740 0.00000 0.00000 i302
86.80900 48.69433 27.50794 0.74471 1.30000 0.34704 0.37960 0.30000 0.00400 0.00000 0.00000 i301
85.64500 48.21300 28.25924 0.63542 0.50000 0.42726 0.36349 0.30000 0.00367 0.00000 0.00000 i303
84.31024 46.89954 29.41199 1.05307 1.20986 0.25158 0.32086 0.69171 0.00729 0.00000 0.00000 i313
83.84800 45.51700 30.73270 2.52684 0.20000 0.28322 0.39290 0.30000 0.00067 0.00000 0.00000 i326
83.61205 46.56013 29.24516 1.22876 0.74919 0.20634 0.33906 0.50082 0.00700 0.00000 0.00000 i314
82.34580 41.48505 30.45771 12.65810 -0.64000 0.37885 0.24560 0.72000 0.01150 0.00000 0.00000 i058
81.71200 44.66200 29.91130 3.95065 0.70000 0.36988 0.31067 0.20000 0.00650 0.00000 0.00000 i337
75.92290 39.51691 30.65811 18.23173 0.60000 0.34254 0.42658 0.20000 0.01071 0.00000 0.00000 jb48
77.83829 37.39437 25.93211 19.52390 0.50000 0.46244 0.63744 0.56426 0.00900 0.00000 0.00000 i416
84.96700 46.53700 30.16525 2.24535 1.80000 0.42884 0.43790 0.30000 0.00920 0.00000 0.00000 i315
81.60610 42.05640 32.10765 7.14955 -5.43000 0.13714 0.39306 0.90000 -0.00029 0.00000 0.00000 i381
86.61800 48.28300 28.71219 0.93162 2.10000 0.76126 0.54379 0.50000 0.01233 0.00000 0.00000 i304
79.16000 36.00000 25.87895 17.20781 -0.07412 0.43819 0.36164 0.89182 0.00000 0.00000 0.00000 j302
87.43150 44.61000 30.60225 2.70664 -1.70000 0.20897 0.39056 0.20000 -0.00540 0.00000 0.00000 i339
84.88138 44.58575 33.15951 3.45690 -44.24000 0.25817 0.42056 0.94000 0.00260 0.00000 0.00000 i338
85.23013 45.06397 31.90245 2.26814 -2.33000 0.21493 0.23287 0.96000 0.01100 0.00000 0.00000 i332
72.21045 42.44547 27.69918 3.97692 1.16025 0.16364 0.11961 0.20993 -0.11025 0.00000 0.00000 tala
68.12278 37.56210 23.73273 6.35166 -1.82956 0.15221 0.27141 0.29031 -0.12450 0.00000 0.00000 shtz
79.48491 43.32751 29.89695 5.19681 0.72063 0.09781 0.12010 0.22610 0.00000 0.00000 0.00000 podg
71.68043 37.54230 19.42334 17.36893 1.43947 0.22971 0.29070 0.46216 -0.07300 0.00000 0.00000 manm
73.94351 41.38494 27.45985 8.09465 1.19223 0.19718 0.22779 0.26025 0.00000 0.00000 0.00000 kaza
70.31668 39.00647 27.18664 6.73759 -1.10536 0.24569 0.36601 0.62810 -0.11050 0.00000 0.00000 garm
69.29566 41.32804 26.46175 4.06369 -0.03649 0.38547 0.24015 0.31330 -0.05250 0.00000 0.00000 tas1
73.99711 44.20813 27.18548 2.63644 0.32321 0.10152 0.17019 0.23110 0.00000 0.00000 0.00000 sumk
72.77750 40.52993 27.93637 8.77384 -0.04391 0.27687 0.21960 0.52285 0.00000 0.00000 0.00000 oshk
93.06775 36.89000 37.01291 7.55389 0.18000 0.81418 0.64052 1.03000 0.01067 0.00000 0.00000 2301
70.85101 39.22382 26.26636 8.14719 6.54000 0.59682 1.20643 0.21000 -0.07050 0.00000 0.00000 usta
71.61159 36.73005 19.07610 16.79156 5.81000 0.39615 0.42929 1.91000 -0.05750 0.00000 0.00000 isha
77.80488 41.72907 29.34614 10.46540 0.27885 0.31893 0.38446 0.44926 0.00000 0.00000 0.00000 tar7
75.31547 42.62071 31.55394 1.64207 1.60185 1.50214 1.70125 1.05272 0.00000 0.00000 0.00000 shas
87.63409 43.79272 31.78433 5.02149 0.08563 0.23557 0.37064 0.78502 0.00000 0.00000 0.00000 sg31
78.58039 42.49944 28.64089 10.18795 -2.25489 0.57021 0.46587 1.58216 0.00000 0.00000 0.00000 krgt
78.36087 42.77558 28.96170 5.29496 -2.04118 0.26549 0.34520 0.70836 0.00000 0.00000 0.00000 krb1
74.53309 42.85410 27.80242 4.05082 0.59564 0.68107 0.74449 0.40917 0.00000 0.00000 0.00000 bik0
76.94264 43.28758 28.89175 3.38885 -2.85774 0.55823 0.33887 0.90348 0.00000 0.00000 0.00000 ala2
71.63329 36.72642 20.65228 18.05073 -0.94000 0.26175 0.34204 1.14000 0.04100 0.00000 0.00000 rin0
71.66436 37.84072 18.44072 17.05799 1.10000 0.13399 0.16802 2.01000 0.04933 0.00000 0.00000 khuf
71.57894 37.49656 19.89694 15.84738 7.84000 0.21000 0.30674 1.29000 -0.00800 0.00000 0.00000 dash
78.61907 50.71395 27.12565 0.91267 0.01300 0.22093 0.14469 0.52100 0.00000 0.00000 0.00000 krtv
73.42696 39.22588 22.71839 17.19430 3.27000 1.27000 1.25000 1.72000 0.00000 0.00000 0.00000 ubla
74.18464 37.83560 22.77828 20.42998 3.71000 1.27860 1.32096 0.69000 0.00200 0.00000 0.00000 stsa
74.82845 37.54021 25.36255 22.45773 6.67000 0.52586 0.48283 1.51000 0.00500 0.00000 0.00000 shma
73.63793 38.14584 23.50933 22.24360 9.81000 0.67000 1.48000 1.72000 0.00000 0.00000 0.00000 mada
69.19947 38.03873 17.42694 10.40220 -0.56000 0.60393 2.09680 1.00000 -0.00700 0.00000 0.00000 laka
70.05627 38.86909 25.98895 9.43895 0.14000 0.23833 0.50584 1.03000 -0.16150 0.00000 0.00000 hina
71.92281 38.09542 19.18227 17.85063 5.67000 0.51044 0.67268 1.96000 -0.02000 0.00000 0.00000 drja
72.66788 39.49471 26.82341 10.45926 -2.30000 0.41880 0.56109 1.91000 -0.04050 0.00000 0.00000 brda
70.55067 40.05806 28.98656 5.69276 -0.19000 0.26440 0.52293 1.10000 0.06200 0.00000 0.00000 shu0
70.41011 40.76983 27.12143 5.41494 4.98000 0.31527 0.60338 0.91000 0.00400 0.00000 0.00000 sh01
74.42274 37.52025 24.76881 23.71687 7.51000 0.33662 0.24537 2.03000 0.02150 0.00000 0.00000 sala
74.81442 37.47234 24.96516 23.21470 3.29000 0.22814 0.33785 1.91000 0.01750 0.00000 0.00000 kozi
92.49050 37.25950 37.38381 8.22152 -0.27000 1.30000 1.10000 1.07000 0.03300 0.00000 0.00000 2294
68.54464 39.38916 28.51370 4.54093 -1.55000 1.87527 0.49397 1.97000 -0.13100 0.00000 0.00000 aina
72.98172 41.24380 25.85095 7.28833 -1.19500 0.48875 0.56034 1.53200 0.00600 0.00000 0.00000 arsl
69.81920 37.92290 11.35527 10.45037 1.22000 0.13977 0.36193 2.09000 0.00000 0.00000 0.00000 kulc
69.22270 38.39310 17.16073 6.66214 17.38000 2.94564 0.71433 0.76000 -0.00850 0.00000 0.00000 chrb
68.53220 38.33440 21.67797 6.38662 -1.02000 0.62745 1.41514 0.52000 -0.00200 0.00000 0.00000 lnsb
63.00000 51.75973 25.02200 7.29800 0.36300 0.21200 0.21000 0.78100 0.00000 0.00000 0.00000 oren
94.45472 51.71964 26.72300 -3.03200 0.14100 0.25100 0.41100 2.10000 0.00000 0.00000 0.00000 kiz1
72.48320 38.31140 20.15624 19.25558 -34.37000 0.12000 0.40000 0.37000 0.00000 0.00000 0.00000 brcb
70.62520 38.74860 14.80738 12.11763 -0.57000 1.76000 0.70000 2.06000 0.00000 0.00000 0.00000 gf03
