50.60814 26.20914 3.32091 21.68986 -0.60820 0.20166 0.23640 0.47489 -0.00209 0.00000 0.00000 bahr
74.69427 42.67977 -1.24655 3.02324 0.77212 0.16607 0.14307 0.38476 -0.01694 0.00000 0.00000 pol2
66.88558 39.13463 -0.77785 1.42711 -0.91091 0.21254 0.22782 0.43766 -0.02359 0.00000 0.00000 kit3
79.20976 41.20230 1.42122 14.54385 0.40433 0.26757 0.18430 0.43671 0.01258 0.00000 0.00000 wush
77.01690 43.17873 -0.74422 2.77936 0.14918 0.22634 0.27242 0.27371 0.00000 0.00000 0.00000 sele
80.95579 26.91234 7.67135 34.57084 -2.71401 0.41326 0.15635 0.67257 0.00000 0.00000 0.00000 lcki
78.77031 39.81387 0.26654 16.59858 -0.13204 0.18127 0.22529 0.32315 0.00364 0.00000 0.00000 xjbc
75.23371 37.77500 -3.74776 21.31013 0.72664 0.28153 0.18980 0.32977 0.01446 0.00000 0.00000 tash
80.99878 44.96008 0.93358 3.91287 1.28110 0.17039 0.20938 0.28384 0.00322 0.00000 0.00000 xjwq
80.36433 42.67645 2.71033 7.62614 1.57117 0.17824 0.21937 0.41244 0.00310 0.00000 0.00000 xjzs
79.04553 37.16189 -2.77966 17.71151 0.04510 0.20320 0.36260 0.39492 0.00737 0.00000 0.00000 xjht
79.03528 40.50338 1.19935 14.48475 -0.24333 0.27338 0.23577 0.69304 0.00208 0.00000 0.00000 i073
78.03688 39.71398 -0.37776 17.27029 -0.47200 0.19699 0.23743 0.27226 0.00233 0.00000 0.00000 i075
77.44591 37.85031 -1.78625 19.82392 -0.42260 0.17049 0.18686 0.28430 -0.00067 0.00000 0.00000 xjyc
77.00462 36.57646 -3.24458 20.30672 0.93273 0.33235 0.26142 0.70823 0.00236 0.00000 0.00000 j047
76.88892 40.20440 0.85238 13.60755 -1.48485 0.20393 0.21896 0.43584 0.00133 0.00000 0.00000 i074
76.73425 39.49698 1.13076 17.18665 -4.35946 0.29961 0.26763 0.80918 0.00042 0.00000 0.00000 i079
80.39245 40.64296 1.14281 14.32404 -0.48387 0.16348 0.27315 0.34956 0.00536 0.00000 0.00000 i062
79.96400 37.09800 -3.62019 15.83349 2.20000 0.27346 0.26439 0.80000 0.00527 0.00000 0.00000 i087
79.58100 35.45900 -2.14622 15.69874 0.90000 0.36953 0.57838 0.40000 0.00318 0.00000 0.00000 jb55
78.45139 40.94160 1.51301 14.97744 0.37000 0.21003 0.23716 0.57000 0.00233 0.00000 0.00000 i072
77.62493 38.90400 -0.83708 17.66854 -0.31652 0.23082 0.40204 0.86053 0.00100 0.00000 0.00000 i082
77.27711 38.17394 -2.34021 19.55299 -0.97917 0.23632 0.27923 0.75209 0.00136 0.00000 0.00000 i084
76.51240 39.80626 1.42206 14.35676 -0.80000 0.45879 0.28017 0.50000 0.00927 0.00000 0.00000 i077
76.17408 38.93539 -0.10184 19.63450 -3.28148 0.30405 0.23030 0.36575 0.00200 0.00000 0.00000 i083
75.89869 39.19550 1.21481 18.94885 0.51923 0.32264 0.33906 0.61622 0.00200 0.00000 0.00000 i081
75.44655 36.85057 -3.67800 20.88440 0.93659 0.30897 0.29484 0.67536 0.00082 0.00000 0.00000 i088
75.25018 39.71807 -0.93911 12.36859 -0.86207 0.17359 0.21284 0.27676 0.00127 0.00000 0.00000 i078
75.23786 39.73987 0.13313 13.08309 -0.00464 0.15908 0.20843 0.35611 -0.00056 0.00000 0.00000 xjwu
74.97113 38.65090 -4.21087 20.25028 1.31286 0.21078 0.20069 0.45273 -0.00033 0.00000 0.00000 xjbl
74.33638 39.84188 -0.60022 13.54229 1.63214 0.19487 0.21117 0.20933 0.00073 0.00000 0.00000 i089
78.19553 41.86602 2.70204 8.79078 3.78043 0.52024 1.00471 0.38880 0.00000 0.00000 0.00000 kmtr
80.85945 44.06492 0.87826 5.40938 0.03509 0.25317 0.33626 1.00233 0.00680 0.00000 0.00000 i048
79.99011 36.39937 -3.32184 16.96796 0.56970 0.38862 0.31687 0.53459 0.00344 0.00000 0.00000 i418
79.94010 33.56441 0.66586 17.05315 0.65308 0.22446 0.23371 0.92864 0.00470 0.00000 0.00000 j049
79.15939 35.99548 -2.92884 16.96051 0.40269 0.35173 0.25777 0.86318 0.00637 0.00000 0.00000 j302
78.24623 37.55870 -2.58679 18.70793 0.35000 0.27014 0.28946 0.45000 0.00300 0.00000 0.00000 i086
77.94884 40.87685 1.07869 13.81360 3.19333 0.31565 0.28815 1.54016 0.00656 0.00000 0.00000 i388
76.00858 39.56039 1.01452 16.51721 -2.52056 0.27639 0.34793 3.20147 0.00420 0.00000 0.00000 i396
74.95093 38.66239 -5.35059 19.99839 2.32000 0.20678 0.23351 0.29000 0.00118 0.00000 0.00000 i090
74.42703 39.02493 -4.96226 18.10023 1.86706 0.29217 0.31020 0.70932 0.00230 0.00000 0.00000 i399
43.76092 38.99358 -0.20108 9.24419 0.72600 1.08813 0.66298 1.41100 -0.01244 0.00000 0.00000 mrad
80.06542 41.66351 2.05838 9.64337 2.04046 0.28013 0.35171 1.62577 0.00578 0.00000 0.00000 i385
79.91453 36.82523 -2.96688 16.69375 0.42333 0.35874 0.28085 0.49330 0.00278 0.00000 0.00000 i414
79.71525 41.66150 2.16237 11.16904 1.69339 0.27606 0.30181 0.51544 0.01112 0.00000 0.00000 i384
79.51630 35.61532 -3.05281 16.21563 0.02787 0.36693 0.29373 0.94723 0.00378 0.00000 0.00000 j304
79.43470 40.03501 0.65898 15.89739 0.10000 0.28157 0.31042 0.10000 0.00411 0.00000 0.00000 i394
79.42741 35.77380 -2.39551 16.67341 -0.78333 0.33356 0.28351 1.07785 0.00356 0.00000 0.00000 j305
78.72244 36.20457 -3.10264 17.34812 -0.35714 0.32835 0.30274 0.44257 0.00489 0.00000 0.00000 j301
77.84381 35.56756 -2.78931 18.98226 1.79865 0.20305 0.26976 0.56208 0.00000 0.00000 0.00000 j303
77.44418 39.63086 0.86198 16.64477 2.02000 0.21856 0.19208 0.96000 0.00789 0.00000 0.00000 i395
76.98135 36.84776 -2.71358 20.32099 2.11000 0.33573 0.33492 0.73000 0.00244 0.00000 0.00000 i413
76.66065 38.38013 -1.14013 19.35791 -1.05306 0.31010 0.36492 1.56850 0.00544 0.00000 0.00000 i404
76.16153 38.66847 -0.57390 20.16923 -0.73103 0.32063 0.35098 3.54345 0.00522 0.00000 0.00000 j307
75.38271 37.35356 -3.19193 20.69618 0.30476 0.46300 0.30424 0.77114 0.00300 0.00000 0.00000 i410
75.36646 40.50128 -0.03222 10.50487 -0.46346 0.17965 0.26027 2.11782 0.00375 0.00000 0.00000 i392
74.75110 42.99850 -1.31253 0.98580 -0.11113 0.23920 0.10995 0.23975 0.00117 0.00000 0.00000 chum
80.43908 44.17030 0.82946 3.44548 1.33357 0.27339 0.43205 0.80882 0.00838 0.00000 0.00000 i343
80.42929 30.96130 0.37436 20.30692 1.66765 0.16943 0.24245 0.96672 0.00300 0.00000 0.00000 j318
80.30054 37.89088 -2.21227 15.91624 -1.11000 0.30691 0.26534 0.88000 0.00489 0.00000 0.00000 i406
80.29294 31.71046 0.37338 19.04687 0.98560 0.43888 0.35082 0.72099 0.00667 0.00000 0.00000 j314
80.10676 32.51991 1.74442 17.63698 1.07012 0.25811 0.37991 0.46518 0.01112 0.00000 0.00000 xzge
79.86212 34.94700 -1.61118 16.08394 -0.82000 0.35793 0.29643 0.62000 0.00413 0.00000 0.00000 j312
79.73839 35.01476 -1.88730 16.34242 0.95000 0.41342 0.27668 1.22071 0.00387 0.00000 0.00000 j309
79.47314 35.23492 -1.71790 16.12986 2.31000 0.32812 0.26011 1.04000 0.00278 0.00000 0.00000 j306
79.09811 31.88647 -1.22039 19.76879 1.60444 0.38805 0.34175 0.92485 0.01283 0.00000 0.00000 j308
78.54008 39.77649 -0.73052 16.95215 -1.11000 0.34900 0.25402 0.63000 0.00556 0.00000 0.00000 i076
78.06900 36.33800 -3.31014 18.66830 0.30000 0.43000 0.33782 0.20000 0.00557 0.00000 0.00000 i419
77.62215 40.34338 1.56891 13.96031 -0.12000 0.39248 0.34087 1.05000 0.00544 0.00000 0.00000 i393
77.35555 37.50107 -1.79575 19.55281 1.33000 0.25370 0.27550 1.11000 0.00378 0.00000 0.00000 i409
77.04034 37.13804 -2.09359 19.79513 1.51000 0.42054 0.27394 0.85000 -0.00325 0.00000 0.00000 i411
75.57865 39.32092 1.86115 18.81054 -0.91000 0.31785 0.28897 0.97000 0.00711 0.00000 0.00000 i397
75.40136 38.96021 1.02417 20.82782 -4.29000 0.29242 0.32126 0.66000 0.00133 0.00000 0.00000 i401
74.92433 38.22500 -3.46875 19.94099 1.40000 0.43496 0.30897 0.20000 0.00500 0.00000 0.00000 i403
74.83300 38.86200 -3.88441 19.88985 2.40000 0.35689 0.29271 0.20000 0.00543 0.00000 0.00000 i402
80.34671 42.69237 2.01817 7.32425 -0.99524 0.21082 0.31396 2.52878 0.00575 0.00000 0.00000 i377
80.74056 42.72828 1.94332 7.32861 -0.42617 0.18117 0.25839 2.33246 0.00614 0.00000 0.00000 i372
80.50093 29.73381 2.79364 29.65584 1.75565 0.42668 0.50965 0.36440 0.00000 0.00000 0.00000 drcl
43.02897 39.71826 0.22043 7.47068 0.62600 0.22665 0.63439 0.83500 -0.01044 0.00000 0.00000 argi
80.41285 33.04069 0.52130 17.48253 0.14528 0.17186 0.18495 1.29984 0.00540 0.00000 0.00000 j317
79.81381 31.49796 -0.50046 19.53092 0.23000 0.35576 0.28355 0.91000 0.01080 0.00000 0.00000 j311
79.80893 33.21362 0.04935 17.12162 0.28689 0.16137 0.20918 1.19144 0.01540 0.00000 0.00000 j310
79.71797 33.39254 1.30028 17.04251 0.64753 0.32713 0.50282 0.46923 0.00329 0.00000 0.00000 xzrt
75.92290 39.51691 1.74142 16.78731 0.60000 0.34293 0.42649 0.20000 0.01071 0.00000 0.00000 jb48
80.00134 32.61149 0.29705 17.76553 0.33744 0.27914 0.36958 1.11219 0.00533 0.00000 0.00000 j313
80.62620 29.17652 4.56550 33.95880 -1.59020 0.55662 0.28053 0.51134 0.00000 0.00000 0.00000 gntw
46.40057 24.91068 4.36692 19.72046 -1.73261 0.15429 0.13182 0.47505 0.00436 0.00000 0.00000 sola
44.43835 33.34136 -2.38796 17.57294 -0.30568 0.30048 0.33431 0.61238 -0.00105 0.00000 0.00000 isba
51.33410 35.69728 -0.92669 11.36497 1.31381 0.21854 0.24676 0.25851 0.00025 0.00000 0.00000 tehn
44.50293 40.22646 1.98539 7.24788 0.09960 0.11717 0.12457 0.63138 0.00425 0.00000 0.00000 nssp
80.32346 33.77060 0.75016 17.22149 -1.01000 0.36102 0.30023 1.03000 0.00150 0.00000 0.00000 j316
79.80000 32.42871 0.13776 18.61409 2.10000 0.24490 0.19393 0.20000 0.00500 0.00000 0.00000 jb56
77.83829 37.39437 -3.07244 18.62907 0.50000 0.46201 0.63734 0.56532 0.00900 0.00000 0.00000 i416
79.62027 29.63797 5.80991 33.52702 1.11028 0.43548 0.39877 1.14927 0.00000 0.00000 0.00000 gbpk
80.58178 28.75444 8.40352 35.27388 -2.18256 0.26170 0.25711 0.33809 0.00000 0.00000 0.00000 dngd
73.94351 41.38494 -1.41639 5.87247 1.19223 0.14757 0.20890 0.26003 0.00000 0.00000 0.00000 kaza
57.76390 25.64949 1.54303 13.89860 -1.39000 0.45525 0.40451 0.71000 0.00229 0.00000 0.00000 jask
69.29564 41.32804 -1.96316 0.65841 -0.03649 0.34247 0.19387 0.31273 -0.04200 0.00000 0.00000 tas1
72.21045 42.44547 -0.97744 1.46299 1.16025 0.16360 0.11956 0.20996 -0.11025 0.00000 0.00000 tala
73.99711 44.20813 -1.39184 0.67969 0.32321 0.07706 0.13245 0.23153 0.00000 0.00000 0.00000 sumk
68.12278 37.56210 -5.03271 2.67251 -1.82956 0.15209 0.27132 0.28927 -0.12450 0.00000 0.00000 shtz
79.48491 43.32751 1.15570 4.78457 0.72063 0.09783 0.11990 0.22618 0.00000 0.00000 0.00000 podg
72.77750 40.52993 -0.92791 6.25872 -0.04391 0.20896 0.23339 0.52015 0.00000 0.00000 0.00000 oshk
71.68043 37.54230 -9.46220 14.70308 1.43947 0.22961 0.29069 0.46266 -0.07300 0.00000 0.00000 manm
70.31668 39.00647 -1.61108 3.68194 -1.10536 0.24610 0.36650 0.62912 -0.11050 0.00000 0.00000 garm
48.53431 34.86909 -2.30542 13.14337 0.87000 0.37973 0.38101 0.89600 -0.00300 0.00000 0.00000 hamd
80.24000 30.06000 2.70659 26.55726 7.80000 0.39991 0.75227 0.63485 0.00000 0.00000 0.00000 muns
78.01320 30.32900 4.38386 33.12459 0.60000 0.38922 0.67309 0.40000 0.00080 0.00000 0.00000 wih2
79.44611 29.39148 7.10582 33.70741 -0.65465 0.76931 0.41645 0.32047 0.00000 0.00000 0.00000 gbnl
47.97150 29.32497 1.02136 20.41543 -1.49913 0.25261 0.22748 0.33324 0.00348 0.00000 0.00000 kuwt
43.67304 34.60079 -3.17229 18.24751 -3.10245 0.60323 0.77159 1.88572 0.00938 0.00000 0.00000 issd
44.35328 32.01254 -1.65032 17.78267 -0.94455 0.25603 0.29048 0.56451 0.00330 0.00000 0.00000 isna
44.01094 36.15985 -4.16272 17.65717 -7.51600 0.25473 0.63161 0.68700 0.00882 0.00000 0.00000 iser
43.13482 42.46840 0.50114 2.66342 3.46000 0.37389 0.49466 1.44000 -0.01860 0.00000 0.00000 gr06
74.53318 42.85419 -0.76328 2.46416 0.59564 0.54114 0.56780 0.40997 0.00000 0.00000 0.00000 bik0
43.09345 40.58845 1.31269 4.49309 0.93500 0.23772 0.31372 0.59200 0.00400 0.00000 0.00000 krs1
61.71592 30.84128 1.46276 2.11846 2.58889 0.30083 0.28648 0.59549 0.00180 0.00000 0.00000 zabl
59.47986 36.33478 -0.46276 1.26480 1.65210 0.42258 0.57496 0.97140 0.00700 0.00000 0.00000 mshn
44.39216 39.37922 4.84412 7.84762 -0.59968 0.41610 0.90873 1.07381 -0.00020 0.00000 0.00000 bzgn
46.34330 38.05570 0.68906 11.61150 3.80000 0.48601 0.50188 0.70000 -0.00020 0.00000 0.00000 tabz
80.19100 29.59900 4.06780 31.92121 2.70000 0.61583 0.38316 1.20000 0.00000 0.00000 0.00000 pith
78.71224 30.19833 3.73568 32.02240 -0.04118 0.84973 0.41903 0.33264 0.00000 0.00000 0.00000 gbsn
45.80838 32.50189 -4.21612 15.72568 -4.24200 0.27066 0.41488 0.67600 0.01138 0.00000 0.00000 isku
47.79578 30.48701 -1.41171 19.83256 -4.05100 0.31065 0.34332 0.88200 0.00652 0.00000 0.00000 isb0
46.00920 36.93000 -2.14037 13.92798 -7.20000 1.17352 0.38699 0.80000 -0.08540 0.00000 0.00000 mndb
47.09420 37.57620 -1.17916 13.91008 0.90000 0.31829 0.43381 0.70000 0.01000 0.00000 0.00000 hstd
70.85101 39.22382 -2.54035 5.24407 6.54000 0.59697 1.20574 0.21000 -0.07050 0.00000 0.00000 usta
71.61159 36.73005 -9.82445 14.10605 5.81000 0.39625 0.42927 1.91000 -0.05750 0.00000 0.00000 isha
77.80488 41.72907 0.51314 9.56595 0.27885 0.31772 0.38504 0.44905 0.00000 0.00000 0.00000 tar7
75.31547 42.62071 2.81362 0.02221 1.60185 1.50206 1.69990 1.05330 0.00000 0.00000 0.00000 shas
78.58039 42.49944 -0.15154 9.51328 -2.25489 0.56920 0.46756 1.58262 0.00000 0.00000 0.00000 krgt
78.36087 42.77558 0.18946 4.55670 -2.04118 0.26537 0.34518 0.70645 0.00000 0.00000 0.00000 krb1
76.94264 43.28758 0.17128 2.23968 -2.85774 0.55972 0.33810 0.90457 0.00000 0.00000 0.00000 ala2
47.17515 41.22018 -0.09327 5.28610 -2.54800 0.16305 0.22816 0.73400 0.00450 0.00000 0.00000 sekc
49.24319 39.40434 2.53793 7.28003 -6.05100 0.56027 1.41804 0.64800 0.01000 0.00000 0.00000 neft
49.81442 40.37217 3.28248 1.13519 2.17100 0.22979 0.23812 0.57200 0.00450 0.00000 0.00000 baku
43.98868 38.65731 -2.54708 15.56068 0.31200 0.17755 0.48202 0.87700 0.00500 0.00000 0.00000 ozal
43.06069 38.00735 -3.69344 14.64003 -0.13500 0.23062 1.63197 1.17900 0.00250 0.00000 0.00000 catk
58.47300 35.27080 1.02103 5.37040 -0.11000 0.16033 0.25754 0.37000 0.00450 0.00000 0.00000 kshm
60.15830 34.58500 -0.27598 1.08446 1.00000 0.42031 0.53787 1.23000 0.00250 0.00000 0.00000 khaf
59.17600 33.74000 -0.36166 5.48468 1.08000 0.17748 0.36831 0.45000 0.00400 0.00000 0.00000 qaen
58.68350 34.37310 -0.65462 6.18018 1.06000 0.13591 0.25140 0.44000 0.00425 0.00000 0.00000 gona
55.08130 33.76930 -0.08993 11.32045 0.90000 0.21195 0.36782 0.39000 0.00425 0.00000 0.00000 khur
55.80520 36.08610 0.98600 8.56910 1.95000 0.22608 0.14262 0.35000 0.00325 0.00000 0.00000 biaj
59.21870 35.34700 0.44568 3.80141 3.33000 0.16478 0.22223 0.58000 0.00250 0.00000 0.00000 thed
59.84300 35.69605 -0.17028 1.96008 -1.76000 0.23472 0.29467 0.65000 0.00300 0.00000 0.00000 farm
60.56420 35.29440 -0.22979 2.51636 3.13000 0.33313 0.29490 0.51000 0.00150 0.00000 0.00000 tjam
58.18310 34.03070 -1.40890 8.04944 -0.08000 0.17529 0.19021 0.54000 0.00475 0.00000 0.00000 ferd
56.95070 33.60340 -0.67145 9.80371 -1.48000 0.17929 0.26460 0.48000 0.00175 0.00000 0.00000 tabs
45.06150 39.35140 4.49568 9.75073 1.20000 0.24647 0.25380 0.60000 -0.00125 0.00000 0.00000 pold
45.11440 38.99880 4.28297 9.59003 0.20000 0.30741 0.51031 0.50000 0.00025 0.00000 0.00000 nzsf
44.15990 39.33230 4.17684 8.08022 1.60000 0.40653 0.50238 1.30000 0.00100 0.00000 0.00000 kkdy
45.19330 38.49150 2.64423 13.66591 1.00000 0.26822 0.20445 0.50000 0.00075 0.00000 0.00000 vldn
71.63329 36.72642 -8.24893 15.37142 -0.94000 0.26145 0.34237 1.14000 0.04100 0.00000 0.00000 rin0
71.57894 37.49656 -8.98682 13.15249 7.84000 0.21024 0.30647 1.29000 -0.00800 0.00000 0.00000 dash
79.31943 29.40940 5.40385 33.13990 0.70000 0.21219 0.21230 0.49547 0.00000 0.00000 0.00000 ktbh
79.55900 30.53100 4.45250 27.30953 3.90000 0.28248 0.35393 0.49526 0.00000 0.00000 0.00000 auli
79.49100 30.74100 -0.66494 22.46825 2.80000 0.43432 0.50084 0.40000 0.00567 0.00000 0.00000 bdri
80.39933 31.52900 -1.43012 18.75134 1.75500 0.70000 0.50000 1.12709 0.10900 0.00000 0.00000 2640
79.25800 35.93800 -2.99200 17.28219 0.99000 0.45482 0.45041 1.51000 0.01500 0.00000 0.00000 2476
44.48767 42.44600 -0.30242 3.08770 0.79000 0.28748 0.34671 0.28000 0.01167 0.00000 0.00000 guda
48.08705 29.08317 0.44271 20.38313 -0.84000 0.43826 0.39203 0.98000 -0.00680 0.00000 0.00000 fg40
73.42696 39.22588 -7.94748 17.24468 3.27000 1.77181 2.20375 1.72000 -0.00200 0.00000 0.00000 ubla
74.18464 37.83560 -6.16129 18.48392 3.71000 1.28040 1.32210 0.69000 0.00200 0.00000 0.00000 stsa
74.82845 37.54021 -3.59683 20.69728 6.67000 0.52429 0.48497 1.51000 0.00500 0.00000 0.00000 shma
73.63793 38.14584 -6.19735 22.24579 9.81000 1.27503 1.90545 1.72000 0.00600 0.00000 0.00000 mada
69.19947 38.03873 -11.36516 7.02839 -0.56000 0.60348 2.09816 1.00000 -0.00700 0.00000 0.00000 laka
70.05627 38.86909 -3.29143 6.22096 0.14000 1.66924 0.72957 1.03000 -0.10933 0.00000 0.00000 hina
71.92281 38.09542 -9.37116 14.82666 5.67000 0.89441 0.92146 1.96000 -0.02000 0.00000 0.00000 drja
72.66788 39.49471 -2.02532 8.07672 -2.30000 0.42037 0.56131 1.91000 -0.04050 0.00000 0.00000 brda
43.28292 38.56535 -4.51795 12.79683 -0.45100 0.34982 0.19338 1.65300 0.00000 0.00000 0.00000 vaan
44.57389 37.30515 -5.33431 15.59580 1.10600 0.44443 0.56254 1.30300 0.00000 0.00000 0.00000 semd
44.01825 39.92920 2.71005 5.95002 -0.23600 0.21400 0.35918 0.90800 0.00000 0.00000 0.00000 igir
44.01731 38.04345 -4.58797 15.93234 0.63800 0.17405 1.05624 1.13900 0.00000 0.00000 0.00000 bask
52.60259 29.54437 -0.75446 14.13711 -6.55300 0.45164 0.26446 1.10500 0.00500 0.00000 0.00000 shrz
48.74423 31.34391 -2.58659 17.52554 -2.27700 0.45390 0.53942 1.12700 0.00333 0.00000 0.00000 ahvz
53.22648 31.12046 -0.70897 14.71204 -6.77200 0.69256 0.43037 0.92000 0.00400 0.00000 0.00000 abrk
58.87825 35.59173 -2.08779 3.01248 3.76000 0.69028 0.78314 0.80000 0.00000 0.00000 0.00000 kadn
59.25530 32.90020 0.68312 6.89892 0.49000 0.19590 0.24432 0.40000 0.00400 0.00000 0.00000 bijd
59.62750 36.22410 0.69949 0.72573 0.33000 0.21412 0.34012 0.55000 0.00300 0.00000 0.00000 torq
61.14860 36.53680 -0.43896 1.48189 1.29000 0.13897 0.49257 0.41000 0.00233 0.00000 0.00000 sark
57.92130 36.69820 -0.34096 4.37671 2.58000 0.39822 0.12016 0.53000 0.00267 0.00000 0.00000 safi
57.65280 36.18490 1.02752 7.56358 0.34000 0.34604 0.33490 0.59000 0.00100 0.00000 0.00000 sabz
58.53730 37.07070 -0.36114 2.20425 -2.18000 0.48536 0.29160 0.61000 0.00300 0.00000 0.00000 quch
55.94390 37.80100 -4.67032 6.10140 1.90000 0.15714 0.26261 0.42000 0.00367 0.00000 0.00000 mavt
57.49460 37.04950 0.68557 5.89165 1.77000 0.29401 0.40421 0.47000 0.00167 0.00000 0.00000 esfn
57.27160 37.48030 -2.34951 4.67670 0.96000 0.16370 0.12317 0.46000 0.00433 0.00000 0.00000 bojd
44.54980 38.44580 -0.30765 13.70702 0.40000 0.29294 0.65197 0.70000 0.00300 0.00000 0.00000 zari
45.41420 38.67210 4.13147 10.69047 1.20000 0.24868 0.39624 0.50000 0.00167 0.00000 0.00000 ykkz
47.03230 38.86870 4.65702 12.44335 1.40000 0.28753 0.47796 0.60000 0.00167 0.00000 0.00000 klbr
46.59560 38.15170 2.57252 10.23497 -0.80000 0.29773 0.33417 0.70000 0.00133 0.00000 0.00000 khje
44.56470 39.03060 4.02932 10.27686 -0.90000 0.45873 0.60649 0.80000 0.00100 0.00000 0.00000 kblg
45.73160 38.67400 4.31844 10.70270 1.60000 0.25440 0.24426 0.50000 0.00233 0.00000 0.00000 bsof
47.28840 37.91900 1.11926 12.80958 0.80000 0.20626 0.23660 0.60000 0.00133 0.00000 0.00000 brmn
47.65010 37.82880 0.79743 12.76014 0.70000 0.24350 0.42885 0.80000 0.00067 0.00000 0.00000 ardh
46.15520 38.23120 1.97464 11.18833 2.10000 0.29919 0.20312 0.50000 0.00100 0.00000 0.00000 amnd
47.04970 38.46820 2.84855 10.43447 1.40000 0.55442 0.60747 0.90000 -0.00033 0.00000 0.00000 ahar
45.36060 38.31600 -0.07881 13.99557 1.40000 0.22042 0.49152 0.40000 0.00200 0.00000 0.00000 tasj
46.12290 37.93320 -0.22199 12.70721 0.80000 0.17887 0.22286 0.50000 0.00233 0.00000 0.00000 skoh
44.77100 37.98505 -2.34941 13.73046 -1.10000 0.40694 0.94923 0.80000 0.00050 0.00000 0.00000 mmkn
77.17165 31.82765 -0.57525 28.96679 0.73000 0.83611 0.76834 0.41000 0.00000 0.00000 0.00000 gbkl
70.55067 40.05806 0.22591 2.70386 -0.19000 0.26419 0.52218 1.10000 0.06200 0.00000 0.00000 shu0
70.41011 40.76983 -1.59861 2.38591 4.98000 0.31615 0.60294 0.91000 0.00400 0.00000 0.00000 sh01
74.81442 37.47234 -3.99548 21.45024 3.29000 0.22774 0.33766 1.91000 0.01750 0.00000 0.00000 kozi
78.14000 30.79000 2.24988 31.49769 1.40000 0.07086 0.21215 0.35253 0.00000 0.00000 0.00000 sunr
78.34000 29.59000 5.00006 33.85567 -1.50000 0.28313 0.63629 1.27356 0.00000 0.00000 0.00000 naji
78.34000 30.21000 5.27185 32.65567 -0.20000 0.07066 0.21251 0.49523 0.00000 0.00000 0.00000 agar
78.40000 30.46000 5.16104 33.57307 0.80000 0.28262 0.28252 0.21169 0.00000 0.00000 0.00000 kunr
78.42000 30.96000 0.24170 26.77887 5.50000 0.07082 0.07086 0.28207 0.00000 0.00000 0.00000 phol
78.66000 30.55000 2.75584 30.84846 1.40000 0.07062 0.07063 0.49622 0.00000 0.00000 0.00000 bdkd
78.67000 29.89000 4.08400 32.45136 0.30000 0.21220 0.21200 0.70643 0.00000 0.00000 0.00000 gumk
78.88000 30.17000 4.57043 33.61227 1.30000 0.07079 0.07084 0.56451 0.00000 0.00000 0.00000 khir
79.10000 29.64000 5.39352 34.37608 0.50000 0.07084 0.14138 0.42339 0.00000 0.00000 0.00000 kota
79.34000 30.38000 1.45944 27.54570 4.00000 0.07057 0.14152 0.35399 0.00000 0.00000 0.00000 hrmn
79.46000 29.38000 4.90482 33.48052 0.90000 0.07074 0.14172 0.28312 0.00000 0.00000 0.00000 nain
79.59000 29.64000 4.19162 32.01824 1.10000 0.21208 0.21234 0.98738 0.00000 0.00000 0.00000 kora
79.60000 29.94000 4.57759 30.72114 5.20000 0.28274 0.21199 0.63674 0.00000 0.00000 0.00000 baij
79.82000 28.95000 5.02611 35.18497 -0.30000 0.42413 0.49657 0.63577 0.00000 0.00000 0.00000 nnkm
79.89000 30.69000 0.64518 22.90529 3.30000 0.07066 0.07076 0.21242 0.00000 0.00000 0.00000 mala
80.09000 29.42000 5.00106 33.36332 0.70000 0.07061 0.14114 0.42361 0.00000 0.00000 0.00000 loha
80.69000 29.98000 5.67370 24.43745 3.20000 0.21219 0.21245 1.20121 0.00000 0.00000 0.00000 pang
78.74500 30.53000 2.69096 29.56381 1.40000 0.10273 0.07614 0.30000 0.00000 0.00000 0.00000 ghut
58.17628 23.58489 6.64878 26.83151 0.96761 0.21782 0.14032 0.91919 0.00000 0.00000 0.00000 squo
43.49260 41.41012 1.68562 4.33075 -1.70000 0.36782 0.43781 0.49000 -0.00050 0.00000 0.00000 akal
43.18280 42.17402 0.15993 3.25447 4.08000 0.40331 0.45289 1.88000 -0.04900 0.00000 0.00000 gr03
73.42595 39.92511 1.39000 3.06000 3.04000 1.63000 1.52000 1.51000 0.00000 0.00000 0.00000 kg3b
68.54464 39.38916 -0.20410 0.98124 -1.55000 1.87717 0.49376 1.97000 -0.13100 0.00000 0.00000 aina
44.08559 40.28571 1.72962 6.05357 0.98800 0.12221 0.11159 0.71000 0.00000 0.00000 0.00000 aruc
72.98172 41.24380 -2.92117 4.99598 -1.19500 0.48986 0.56210 1.53200 0.00600 0.00000 0.00000 arsl
54.51987 24.38302 5.28965 23.86585 1.48600 0.44482 0.42678 1.09200 0.00000 0.00000 0.00000 adh1
69.22270 38.39310 -11.62083 3.29494 17.38000 2.94385 0.71566 0.76000 -0.00850 0.00000 0.00000 chrb
68.53220 38.33440 -7.07975 2.82341 -1.02000 0.62483 1.41413 0.52000 -0.00200 0.00000 0.00000 lnsb
58.82026 36.20704 -0.56567 5.66331 -90.47000 0.19614 0.90083 0.66000 -0.00050 0.00000 0.00000 nish
59.40127 36.45012 2.29105 5.44985 -47.22000 0.22011 0.95923 0.82000 -0.00100 0.00000 0.00000 nfrd
59.24776 36.55822 1.25989 3.77042 -9.98000 0.23896 0.58934 0.57000 -0.00100 0.00000 0.00000 golm
47.39280 37.57940 -0.36864 12.77865 1.40000 0.27982 0.16046 0.60000 0.00150 0.00000 0.00000 tkce
57.82270 37.43720 -2.93568 3.20385 -10.21000 0.37301 0.52009 0.95000 0.00050 0.00000 0.00000 shrn
60.03820 31.54200 1.73768 7.11064 0.58000 0.38247 0.64379 0.73000 0.00150 0.00000 0.00000 nehb
60.00980 33.60390 0.36384 2.25090 0.07000 0.39138 0.26259 1.31000 0.00350 0.00000 0.00000 hjbd
59.06920 37.46620 -0.41968 1.02496 0.34000 0.29224 0.28830 1.32000 0.00350 0.00000 0.00000 drgz
79.08000 30.54000 12.05405 38.07028 0.80000 0.40000 0.30000 0.40000 0.00000 0.00000 0.00000 gupt
78.60000 30.81000 16.54612 28.73106 -2.20000 0.30000 0.20000 0.40000 0.00000 0.00000 0.00000 rath
80.29000 29.57000 3.99331 31.82137 2.70000 0.50000 0.30000 1.20000 0.00000 0.00000 0.00000 pth2
46.69420 24.67410 4.16968 20.03054 -1.06000 0.38000 0.32000 0.69000 0.00000 0.00000 0.00000 ry99
46.99670 24.92940 4.32769 20.34328 -0.68000 0.56000 0.50000 1.49000 0.00000 0.00000 0.00000 ry97
47.55570 25.10300 3.90222 20.01836 -2.14000 0.45000 0.46000 1.32000 0.00000 0.00000 0.00000 ry96
47.15580 25.57070 3.23995 19.73164 -1.94000 0.37000 0.37000 0.81000 0.00000 0.00000 0.00000 ry95
45.79440 25.59540 3.73496 19.11575 -1.20000 0.35000 0.30000 0.90000 0.00000 0.00000 0.00000 ry94
46.55210 25.68860 3.30766 19.95647 -1.57000 0.32000 0.32000 0.85000 0.00000 0.00000 0.00000 ry93
45.41800 25.86180 3.34314 19.21659 -0.76000 0.34000 0.34000 1.32000 0.00000 0.00000 0.00000 ry92
45.23970 25.23710 3.64781 18.91450 -1.01000 0.34000 0.31000 1.23000 0.00000 0.00000 0.00000 ry91
45.86340 24.92110 4.07608 19.27214 -1.64000 0.32000 0.26000 1.35000 0.00000 0.00000 0.00000 ry90
45.25480 24.61360 4.46153 19.30806 0.64000 0.34000 0.30000 1.39000 0.00000 0.00000 0.00000 ry89
45.81170 24.34440 4.31487 19.21985 -1.18000 0.30000 0.32000 1.28000 0.00000 0.00000 0.00000 ry87
45.27380 24.06080 4.52489 18.97254 1.08000 0.31000 0.32000 1.31000 0.00000 0.00000 0.00000 ry86
44.75920 23.76030 4.14445 18.69155 -1.22000 0.52000 0.49000 1.27000 0.00000 0.00000 0.00000 ry85
46.29390 24.02320 4.11771 19.62470 -0.21000 0.30000 0.35000 0.65000 0.00000 0.00000 0.00000 ry84
46.83510 24.40130 4.75301 20.14439 -1.01000 0.36000 0.30000 1.44000 0.00000 0.00000 0.00000 ry83
47.17250 24.30390 4.19539 20.27566 -0.68000 0.45000 0.41000 1.48000 0.00000 0.00000 0.00000 ry82
46.49060 23.21530 4.88808 19.93174 0.66000 0.37000 0.33000 1.46000 0.00000 0.00000 0.00000 ry77
44.82160 26.24770 2.89573 19.62618 -1.06000 0.37000 0.44000 1.02000 0.00000 0.00000 0.00000 ry75
43.47930 25.14130 3.16995 16.94406 -0.50000 0.48000 0.52000 0.80000 0.00000 0.00000 0.00000 ry74
43.68430 24.67290 4.10141 17.77137 -1.79000 0.46000 0.40000 1.75000 0.00000 0.00000 0.00000 ry73
44.28640 24.72080 4.08596 18.44108 0.91000 0.40000 0.39000 1.48000 0.00000 0.00000 0.00000 ry72
47.23340 26.36780 3.09566 20.55037 -2.47000 0.46000 0.48000 1.56000 0.00000 0.00000 0.00000 ry18
43.23370 24.55720 4.58868 17.55755 -3.03000 0.35000 0.40000 1.23000 0.00000 0.00000 0.00000 ry15
47.51720 24.18760 5.12872 19.65903 -1.86000 0.38000 0.30000 1.39000 0.00000 0.00000 0.00000 ry13
47.09410 23.55620 5.35005 19.57675 -0.87000 0.33000 0.20000 1.35000 0.00000 0.00000 0.00000 ry11
46.64880 25.15610 4.45178 19.43965 -2.00000 0.61000 0.60000 1.40000 0.00000 0.00000 0.00000 ry10
43.91960 23.40390 4.78942 18.00584 -0.41000 0.37000 0.36000 1.30000 0.00000 0.00000 0.00000 ry07
45.31870 26.88360 3.89177 19.43314 -2.53000 0.34000 0.20000 1.39000 0.00000 0.00000 0.00000 ry06
45.61550 23.57550 4.69576 18.39332 -0.43000 0.51000 0.36000 1.42000 0.00000 0.00000 0.00000 ry05
46.14910 26.13190 3.54118 19.09014 -2.59000 0.35000 0.40000 1.18000 0.00000 0.00000 0.00000 ry04
48.05890 24.20660 5.14272 20.60070 -1.14000 0.41000 0.30000 1.35000 0.00000 0.00000 0.00000 ry03
46.16580 25.32560 4.27864 20.23412 -1.41000 0.38000 0.30000 1.39000 0.00000 0.00000 0.00000 ry02
46.36300 24.91730 3.91157 19.95121 -2.41000 0.49000 0.48000 1.41000 0.00000 0.00000 0.00000 ry01
46.75630 24.68040 4.14519 20.54545 -2.78000 0.30000 0.26000 0.76000 0.00000 0.00000 0.00000 riyd
43.29060 26.03340 2.20818 17.30063 0.91000 0.41000 0.41000 1.17000 0.00000 0.00000 0.00000 qs97
43.35470 25.56090 2.84620 17.73537 0.98000 0.35000 0.37000 0.72000 0.00000 0.00000 0.00000 qs96
44.58910 25.83120 2.84527 18.43173 0.86000 0.43000 0.42000 1.80000 0.00000 0.00000 0.00000 qs95
43.94780 25.60980 3.96998 17.40238 -0.61000 0.38000 0.40000 1.33000 0.00000 0.00000 0.00000 qs07
44.09450 26.99200 3.05397 19.18644 1.99000 0.91000 1.10000 1.62000 0.00000 0.00000 0.00000 qs04
50.11620 26.42560 3.40627 22.18804 -0.52000 0.20000 0.15000 0.59000 0.00000 0.00000 0.00000 qatd
43.55540 29.64290 1.14726 17.53162 -1.09000 0.41000 0.58000 1.41000 0.00000 0.00000 0.00000 nb02
46.23240 24.47310 4.12025 20.31001 -1.32000 0.44000 0.30000 0.86000 0.00000 0.00000 0.00000 muzh
43.17100 27.60730 3.06826 19.37316 -0.42000 0.34000 0.34000 0.86000 0.00000 0.00000 0.00000 hl06
43.01290 27.06950 3.59868 18.42691 1.37000 0.38000 0.45000 1.32000 0.00000 0.00000 0.00000 hl03
49.53080 26.26530 3.38131 21.77253 -1.78000 0.75000 0.74000 1.44000 0.00000 0.00000 0.00000 es99
48.83390 25.84890 3.56457 21.61049 -1.96000 0.48000 0.48000 1.36000 0.00000 0.00000 0.00000 es97
49.56580 25.35580 3.46837 21.50120 -1.51000 0.32000 0.28000 1.00000 0.00000 0.00000 0.00000 es96
44.89330 27.86170 2.07602 18.05301 -1.73000 0.62000 0.73000 1.68000 0.00000 0.00000 0.00000 es20
48.50810 27.46390 3.23197 21.13051 -3.24000 0.60000 0.61000 1.60000 0.00000 0.00000 0.00000 es19
48.96420 23.29880 5.90884 21.80256 -0.94000 0.54000 0.56000 1.37000 0.00000 0.00000 0.00000 es10
49.49630 24.89340 3.28543 21.41398 1.08000 0.44000 0.44000 1.41000 0.00000 0.00000 0.00000 es09
47.68180 27.51180 3.91040 20.76896 -4.25000 0.59000 0.62000 1.46000 0.00000 0.00000 0.00000 es08
45.96300 28.43110 0.76371 18.96582 -0.94000 0.32000 0.37000 1.31000 0.00000 0.00000 0.00000 es07
47.16230 28.98950 2.04325 18.58321 -1.31000 0.51000 0.46000 1.79000 0.00000 0.00000 0.00000 es06
51.44090 24.57130 4.68399 22.99056 0.73000 0.48000 0.39000 1.01000 0.00000 0.00000 0.00000 es05
50.52270 25.27650 4.17163 23.49960 -0.38000 0.66000 0.56000 1.49000 0.00000 0.00000 0.00000 es04
49.30820 27.31350 3.16997 21.57744 -1.74000 0.41000 0.43000 1.11000 0.00000 0.00000 0.00000 es02
49.96920 26.83310 2.82071 22.38142 -1.39000 0.49000 0.46000 1.53000 0.00000 0.00000 0.00000 es01
43.95500 26.35120 2.76898 18.52405 -1.19000 0.28000 0.27000 0.45000 0.00000 0.00000 0.00000 burd
44.96800 42.11000 0.09000 3.60000 0.88000 0.17000 0.26000 0.39000 0.00300 0.00000 0.00000 tian
44.80700 41.70200 0.95000 5.27000 0.81000 0.14000 0.18000 0.44000 0.00600 0.00000 0.00000 tbil
44.10200 41.53900 0.42000 3.67000 0.69000 0.15000 0.17000 0.42000 0.00300 0.00000 0.00000 trlt
43.35300 42.32400 0.23000 2.43000 3.02000 0.25000 0.26000 0.93000 0.00700 0.00000 0.00000 sark
44.50900 41.68900 1.03000 5.53000 1.01000 0.40000 0.46000 1.59000 -0.02500 0.00000 0.00000 gk06
43.66560 41.31739 1.84000 4.02000 -1.69000 0.42000 0.48000 1.62000 -0.01200 0.00000 0.00000 gj06
46.63931 24.73582 4.01461 19.33237 2.67400 0.65000 0.51300 1.65300 0.00000 0.00000 0.00000 sas0
48.47694 40.00942 5.15718 11.62089 2.28800 0.34900 0.35000 1.52200 0.00000 0.00000 0.00000 sabd
49.10832 27.49177 2.91072 21.34408 -1.10000 0.19700 0.21200 0.63400 0.00000 0.00000 0.00000 rasz
43.05876 44.03738 -0.82727 0.36543 0.90500 0.21000 0.23000 0.80200 0.00000 0.00000 0.00000 ptgk
49.89882 40.56222 1.83398 0.63992 1.79100 0.24400 0.32200 1.03800 0.00000 0.00000 0.00000 pirs
48.59530 40.78020 2.53771 3.45691 2.51200 0.34100 0.37300 1.06000 0.00000 0.00000 0.00000 pirg
49.19722 27.13532 2.57314 21.67702 -1.22100 0.23100 0.27200 0.78600 0.00000 0.00000 0.00000 kuhr
49.56250 27.10332 3.07703 21.81139 -0.88000 0.27200 0.31000 0.95100 0.00000 0.00000 0.00000 juba
49.46659 26.90269 3.11025 21.82163 -0.14700 0.34300 0.34500 1.12100 0.00000 0.00000 0.00000 jub4
46.36131 40.68037 3.03027 9.96383 -2.60700 0.26400 0.31100 1.63600 0.00000 0.00000 0.00000 ganj
44.79748 39.65511 4.39624 9.10654 -1.17400 0.61000 0.70600 1.91600 0.00000 0.00000 0.00000 dluc
72.48320 38.31140 -8.73000 16.82000 -34.37000 0.12000 0.40000 0.37000 0.00000 0.00000 0.00000 brcb
