80.34100 34.43800 28.09668 17.94133 0.29876 0.14969 0.00300 j315
75.76800 37.84000 26.82607 21.80881 0.40965 0.44536 0.00112 i407
80.23900 41.14300 30.63368 15.13235 0.47007 0.39196 0.00300 i061
46.16200 36.90800 24.83865 23.37625 0.37535 0.40549 0.00544 mian
77.59997 34.12824 24.39486 20.07395 0.63486 0.66818 0.01017 rscl
78.97324 32.77875 27.03079 19.91448 0.40925 0.42911 -0.00025 iaoh
48.38800 38.95200 32.06170 21.56429 0.33987 0.37468 -0.00200 yard
48.41900 38.70600 31.83201 21.18441 0.31038 0.32306 -0.00183 gosm
60.17900 27.86500 31.44861 8.87602 0.84256 0.61578 0.00740 bazm
53.56400 35.66200 27.76159 16.39346 0.47694 0.35814 0.00717 semn
56.07000 33.36900 28.41011 16.87160 0.39167 0.42890 0.00350 roba
50.74800 32.36700 25.39431 21.19537 0.45388 0.44491 -0.00417 shah
47.93000 36.23200 25.06630 22.24976 0.49382 0.46920 0.00333 bija
46.42700 33.64800 24.57509 26.30398 0.62578 0.54393 0.01478 ilam
47.12300 37.36800 24.63913 22.59637 0.58538 0.67479 0.01714 khor
71.48703 34.00406 30.27411 28.72246 0.49980 0.83982 -0.01520 nceg
67.11287 24.93144 34.32842 32.66611 0.22679 0.31380 -0.04180 kchi
57.30800 37.81400 25.95865 9.45923 0.95171 0.40055 0.00880 shir
51.76800 36.58600 24.06187 18.63039 0.63547 0.52471 0.00500 nosh
46.09300 39.53600 30.79810 19.70368 0.37433 0.42115 0.00760 nora
54.00400 26.88300 30.44477 29.10582 0.76261 0.54853 0.01420 lamb
43.06167 40.58126 28.02092 14.61906 0.32547 0.51692 -0.00100 kars
45.66100 39.83700 31.14354 19.44505 0.36088 0.48680 -0.00880 jerm
48.92200 37.76400 29.36301 20.46821 0.41671 0.39643 -0.00700 hash
53.63100 28.62400 27.40915 23.72555 0.63735 0.47463 -0.01040 got2
54.31600 29.23900 27.02546 20.84897 0.87441 0.45385 -0.00900 tmn2
54.83200 29.36300 27.15417 21.21535 0.41672 0.29233 0.00460 bes2
56.50400 28.52900 32.32805 21.26058 0.54766 0.53490 -0.01480 dena
57.11900 30.27700 28.37284 22.31438 0.29873 0.30247 0.00525 kerm
57.21700 28.01000 29.57601 21.72460 0.63461 0.50505 -0.00480 ghol
53.14600 30.08700 26.42139 21.19382 0.66591 0.42816 -0.01740 saa2
54.12600 29.92300 26.30043 21.90746 0.38507 0.28746 0.00660 kho2
54.19900 36.86000 25.43606 13.20426 0.43131 0.45233 0.00720 kord
51.79900 32.25000 25.18258 22.06782 0.52541 0.51873 0.00140 qoms
45.88700 38.22800 28.42220 21.78173 0.32111 0.37139 0.00500 shab
48.23100 38.47700 31.52740 21.17891 0.34554 0.34738 -0.00160 arbi
80.14800 28.96300 35.27263 34.80895 0.89465 0.44314 0.06150 mahe
43.80726 40.09727 28.97181 16.28198 0.25216 0.39791 0.00160 sa24
43.95094 40.10820 29.00600 16.76777 0.26160 0.36110 0.00240 sa14
43.78196 41.12119 28.13168 16.12809 0.24755 0.38036 0.00060 bav4
73.45965 38.95657 23.02172 22.04581 0.73519 1.78227 0.00767 krka
73.61774 38.56029 22.07519 22.10270 1.03962 0.72799 0.00367 akba
49.12000 41.06600 27.50648 9.63019 0.42648 0.56142 0.00225 siye
49.42600 40.02500 31.75187 10.61488 0.70240 0.43488 0.00475 shik
56.94600 27.48800 27.27894 25.99977 0.77924 0.63759 -0.01700 sarz
51.88500 35.22325 27.40394 18.21126 0.49052 0.55783 0.01200 pish
43.89110 41.53702 27.25559 13.94698 0.30972 0.38552 -0.00900 nino
57.62000 26.99300 27.99295 19.94861 0.81666 0.67262 -0.01633 mosh
57.10000 27.16000 27.62394 28.87627 1.16372 0.96084 -0.01933 mina
52.15700 35.86800 26.36123 15.89899 0.43235 0.55844 0.01250 mehr
43.75300 42.97798 27.03746 9.82058 0.50745 0.74231 -0.02575 mats
48.40900 30.24600 26.36987 27.35012 0.59456 0.63979 0.00525 khos
49.23700 39.81800 31.81485 15.13925 0.94965 1.00623 0.00000 khid
56.23300 26.20800 31.18653 31.70434 0.87467 0.64930 0.00825 khas
43.34085 38.54932 21.96993 23.24206 0.48259 0.35016 0.01100 kal2
55.86700 27.65100 29.13521 26.39379 0.79752 0.72726 -0.01367 fino
52.05900 35.70100 25.91728 16.84723 0.31942 0.45847 0.00925 dama
48.71700 39.49700 32.48163 20.99773 0.27152 0.27911 0.00000 bile
43.95440 40.60902 28.28222 17.19168 0.34471 0.38527 -0.00750 arti
52.58600 35.70100 25.53176 16.26636 0.35906 0.37212 0.01000 amin
43.76795 40.97218 27.41707 16.31714 0.36087 0.34963 -0.00150 amas
53.06600 28.34700 26.86874 24.40140 0.75094 0.46529 0.00025 isl2
53.24400 29.28100 26.73881 21.84172 0.75098 0.45638 0.00025 svr2
53.63700 27.85200 27.50385 23.45459 0.74077 0.56242 0.00025 big2
54.32000 27.64400 27.83377 25.76215 0.67253 0.52122 0.00300 lar2
57.88400 27.90100 28.93151 18.95569 0.70746 0.77417 -0.02667 sorc
53.42070 35.58820 28.26667 17.44982 0.38696 0.26916 0.00050 smnn
54.60800 30.07900 28.38536 20.77751 0.32918 0.27764 0.00350 hara
51.38600 35.74625 26.85362 20.98128 0.58869 0.53704 0.00650 tehr
51.25500 34.15000 25.11730 21.09016 0.50271 0.33796 -0.00150 ksha
50.45800 33.15700 24.74681 21.56993 0.50765 0.52812 0.00425 khon
49.85100 35.14000 25.56538 21.90182 0.50515 0.53193 -0.00050 ghar
49.66800 33.07300 26.77014 22.37327 0.50299 0.52513 0.00000 shol
48.95200 34.25600 23.99785 24.31975 0.50107 0.52937 -0.00050 joza
45.04900 39.29700 31.60414 19.78872 0.48578 0.54578 -0.00033 jam1
45.60500 38.95200 31.16685 21.03232 0.63575 0.98200 0.00450 jolf
46.26500 38.73600 31.94269 19.23472 0.78835 0.66780 0.00200 khav
47.86900 37.92900 30.56169 22.47079 0.47258 0.50015 0.00267 orta
48.00500 37.16900 26.64385 21.92063 0.49342 0.97007 0.00850 agka
48.81400 36.76400 27.04343 20.17971 0.24418 0.32916 0.00100 bada
51.98625 35.79300 26.38467 17.91391 0.41010 0.39084 0.01175 abal
52.28510 36.58820 23.67299 14.68426 0.37380 0.28618 0.00650 mahm
44.09100 40.17800 28.85584 16.24555 0.31155 0.43394 -0.00900 met4
44.81000 40.15950 28.68568 17.72616 0.32540 0.39268 -0.00700 geg4
45.20900 40.19800 29.52279 18.11458 0.31504 0.34969 -0.00025 era4
44.27600 40.73600 27.97047 16.68251 0.30609 0.45776 -0.00600 cho4
44.28700 40.38100 28.56840 16.70661 0.29229 0.36507 -0.01025 bur4
50.98870 35.08780 26.27053 20.01889 0.23214 0.35977 0.00425 chsm
71.38148 38.19034 13.32630 14.89965 3.10681 0.78722 -0.01700 yzgu
71.66436 37.84072 18.44072 17.05799 0.13403 0.16822 0.04933 khuf
71.77781 37.29699 19.69555 20.05885 0.20049 0.16523 0.05967 brao
76.97792 40.84425 28.95167 13.38110 0.33225 0.81613 0.01433 qiqi
78.96607 39.87701 29.02186 17.14651 0.24195 0.64993 0.01167 akta
77.12400 28.48133 34.26295 34.24448 0.97791 1.17936 0.00033 delh
47.73900 33.05700 23.82850 26.15384 1.14750 1.13894 0.00450 gori
47.42900 32.69200 25.93254 25.70933 1.16635 1.15663 0.00450 delo
44.75000 37.53400 23.41191 25.14488 0.40109 0.47506 0.01840 bala
68.60963 38.74163 29.02310 5.17459 0.76480 0.92692 0.02833 tdpa
68.37073 39.08443 27.94938 6.04834 0.57829 0.53639 -0.01833 srya
71.67505 38.51807 15.55880 16.36207 2.49604 1.44175 -0.08800 seda
69.27726 38.85301 26.60616 7.06323 0.74134 1.20061 -0.16300 obga
70.20123 39.12043 27.31098 6.90431 0.63648 0.43846 -0.05350 kmra
69.57617 37.98390 23.87438 8.83497 0.64392 0.42224 -0.02900 gf19
71.66297 38.00319 16.70862 16.02607 1.13107 0.75657 -0.14633 emta
69.42127 38.58522 27.47389 5.55368 0.74910 0.56778 -0.07367 duba
73.41514 37.79332 23.98363 21.82967 0.79670 0.90847 -0.00200 bzra
73.10580 38.55378 22.50686 20.29450 1.01686 0.80699 0.00450 atsa
73.27965 38.90243 21.87629 17.42978 1.40535 1.04068 0.00600 ajla
73.12010 37.46110 23.98289 20.84848 0.94559 0.91332 0.00350 abla
44.36400 41.03100 29.14972 15.27756 0.47618 0.43354 -0.00300 step
46.76000 39.75300 31.42674 19.81749 0.37600 0.39698 -0.00200 shou
47.25000 41.13200 27.29966 14.74751 0.31662 0.45663 0.00067 shek
48.52900 41.59500 27.01117 10.29605 0.44919 0.61181 -0.00067 samu
49.02000 39.67600 33.17872 15.43983 0.80349 0.91960 0.00333 saly
43.40000 42.34889 27.82630 15.05070 0.46132 0.53667 0.01200 sacc
57.23700 26.37900 29.79115 30.60613 0.93853 0.78839 -0.00600 poos
48.33582 32.41771 25.08252 26.14205 0.91965 0.46042 -0.00433 nilo
44.52600 41.83100 27.21049 15.81225 0.30209 0.32101 0.00467 nich
44.11400 40.17800 28.54439 17.00148 0.39042 0.44357 -0.01233 mmor
48.55100 40.61400 29.39242 11.20692 0.49859 0.97610 -0.00100 medr
43.53990 42.48545 26.74274 9.71128 0.54290 0.62114 -0.00267 leso
48.14800 40.33300 30.46731 19.09802 0.48049 0.59760 0.00233 kurd
45.79500 41.95100 26.10539 14.26612 0.41634 0.39542 -0.00800 kudi
47.86300 40.97500 26.88897 13.03760 0.38658 0.57531 -0.00133 kebe
46.51100 41.65200 26.77473 14.29595 0.49644 0.42429 -0.00100 kate
46.75800 40.18400 30.36399 19.96688 0.44808 0.44866 -0.00133 kasp
45.13900 40.90700 29.66539 16.86195 0.31927 0.34044 -0.00200 ijev
46.36700 39.51100 31.65125 19.85811 0.23670 0.30441 -0.00533 gori
56.16200 27.36600 31.75763 28.34209 0.93255 0.81199 -0.02250 genp
44.74200 40.14900 28.60603 18.65250 0.61066 0.79768 0.00133 garn
44.85900 40.52600 26.98425 14.66208 0.68241 0.52074 -0.00500 gaga
55.65700 27.00000 32.59672 31.64051 0.94615 0.80706 -0.01700 bagh
51.08190 28.91900 27.86340 29.17352 0.46032 0.43830 0.00300 alis
48.68443 31.33965 26.18348 28.55665 0.67961 0.69048 0.02200 ahva
44.67744 43.04631 26.26829 11.52761 0.55001 0.46286 0.00000 vlkk
52.75200 29.79800 27.70045 21.75781 0.87754 0.77182 0.00000 marv
53.02900 28.47700 26.40618 23.63125 1.08709 0.62856 0.00033 qir2
54.70000 28.64500 26.58755 21.20196 1.03485 0.60766 0.00067 deh2
55.80000 28.33000 30.82637 22.28619 0.67090 0.53559 -0.00067 razd
59.18800 33.66300 27.51170 10.66324 0.44629 0.52737 0.00233 qae2
58.86900 35.10800 28.34587 10.99001 0.44719 0.46772 -0.00467 dogh
58.21500 34.55800 27.52057 12.73418 0.43422 0.48316 -0.00133 baje
55.90600 35.98800 28.76722 16.00185 0.52936 0.50907 -0.00767 biar
59.19700 35.49500 27.86819 8.58936 0.45010 0.44958 -0.00967 gard
57.58900 35.91500 27.59040 12.23785 0.43971 0.43191 -0.00467 darg
60.29600 33.65400 28.46816 6.18738 0.55365 0.93241 -0.00500 shkh
58.53133 33.01900 27.74003 14.05677 0.55095 0.62840 0.00400 toti
52.56800 31.22800 26.58048 21.56564 1.04269 0.77377 0.00000 abad
53.30800 31.12300 26.87402 20.90731 0.95267 0.79073 0.00000 abar
52.60700 27.47400 27.88174 31.22478 1.15958 1.09017 0.00000 osl2
52.10600 28.85100 25.34005 27.19366 0.60800 0.56251 -0.00333 far2
52.05600 27.83400 28.16986 30.05141 0.64830 0.59071 -0.00333 kan2
51.43000 31.22500 24.82451 21.50636 1.10579 0.98624 0.00000 semi
50.57800 30.99000 27.83865 25.32870 0.85211 0.88436 0.00000 deda
50.53100 31.80800 23.62358 23.55203 0.93952 0.92156 0.00000 krd2
50.09800 32.48200 23.99180 25.62571 0.94170 0.91928 0.00000 chel
50.02600 30.32500 26.17661 28.40737 1.05847 0.96417 -0.00033 sard
49.32800 32.03700 24.51342 28.53287 0.96344 1.51947 0.01500 sole
69.13000 34.57400 31.24479 11.49083 0.53525 0.32301 0.03400 kbul
66.12940 26.18228 34.79038 29.35388 0.44482 0.40660 0.01167 shfd
65.60532 26.39270 33.87779 17.61368 0.53521 0.50283 0.02067 zhao
65.22591 26.44925 33.53020 16.86398 0.74085 0.68747 -0.03600 bedi
64.10960 26.97782 30.02173 6.84138 0.45405 0.44479 0.02400 pang
64.63393 25.20879 30.89842 17.56813 0.84744 0.77816 0.00750 orma
44.42800 38.48900 25.14791 22.01201 0.63292 0.82888 -0.02100 ghot
46.60300 38.17800 29.92707 20.93238 0.68276 0.43344 -0.00400 varz
47.15700 38.98400 32.26305 20.87875 1.45229 0.88393 0.00833 pirm
47.74400 39.51300 34.15231 23.85262 0.30649 0.80391 -0.00700 damo
51.80800 34.97700 28.23312 18.53575 0.86812 0.61822 0.03367 moba
51.81200 35.73000 26.17156 18.29501 0.28389 0.30429 -0.00067 boom
52.04300 35.49200 26.92548 17.67217 0.39810 0.41161 0.01267 tang
52.30500 36.20600 25.02308 17.66760 0.56206 0.47080 0.02400 heli
77.17200 28.54400 35.99708 32.42355 1.06047 0.67580 0.00000 jnuc
54.35327 36.87576 24.39887 14.38255 0.38509 0.60001 0.00000 grgn
44.19000 41.18500 28.07874 14.60846 0.39853 0.50183 -0.00800 kiz4
49.81200 36.69900 26.03795 20.94574 0.41219 0.45278 -0.00133 gho1
49.62440 37.32300 25.25111 21.46584 0.09401 0.24916 0.00367 rsht
48.89100 37.18700 27.14604 19.85811 0.42459 0.46897 -0.01000 marg
47.27100 38.27000 30.37759 20.98478 0.62932 0.68751 -0.00033 taza
50.05210 34.67600 25.98348 20.94096 0.23651 0.37176 0.00433 tfsh
44.95400 38.20700 30.59019 23.20519 0.56635 0.38117 -0.00200 ggsh
48.18300 36.60700 27.77574 20.60556 0.40132 0.45679 -0.00900 dand
51.83013 36.20720 25.50001 17.89107 0.21702 0.26113 0.00667 mf09
77.57533 34.71067 25.86250 20.46824 1.09136 0.76280 0.00133 pan2
74.42274 37.52025 24.76881 23.71687 0.33617 0.24485 0.02150 sala
71.23276 38.40411 18.37132 15.97684 0.38384 0.62313 -0.15100 pish
72.36575 37.37560 22.19128 19.68753 0.42020 0.44733 0.02550 javs
73.78485 37.67811 22.81236 22.36512 0.41740 0.23478 0.01650 guru
70.29236 40.19404 27.49886 7.42177 0.39777 1.10069 0.00950 cap1
78.99000 37.11000 27.26296 18.53686 1.18616 0.60386 0.00000 i417
79.77400 37.13500 25.90086 17.78555 0.67339 0.63546 0.04550 y035
75.12400 39.69700 27.77422 16.23503 0.90554 0.66115 0.00650 wuqo
75.51000 39.31100 30.18619 21.21127 0.40228 0.97361 -0.01750 wupa
78.03200 36.34900 25.34241 20.35467 0.55983 0.54987 0.01550 v407
75.38800 40.51700 28.51389 12.79209 0.39149 0.38986 0.00400 turg
75.21100 37.84700 23.08369 26.16375 0.94019 0.87903 0.01150 taxk
77.24800 38.41200 26.37889 21.70820 0.72267 0.61279 0.00150 shac
78.43619 39.95010 28.06789 18.16564 0.76395 0.57184 -0.00600 sanc
75.40400 40.09400 29.31118 13.00316 0.32138 0.39972 0.02500 qiak
76.69000 37.86200 25.56752 21.94114 1.00000 1.00000 0.03300 kosr
80.88500 44.12000 28.57019 4.44700 1.21116 0.66386 0.03150 korg
76.46300 38.65600 27.46377 21.71909 0.40815 0.40837 0.00200 kizi
77.90600 37.25800 25.47980 20.30211 0.75806 0.82152 0.02750 keli
75.47900 38.85300 28.97705 23.47985 0.35590 0.35317 0.00400 gaze
77.00100 36.44400 25.39450 22.07170 0.44749 0.50228 0.01500 g0bk
77.32328 40.33156 30.59472 12.83863 0.56862 0.86053 0.00200 aj02
80.04100 29.83800 32.44737 29.93195 0.50000 0.50000 0.00000 chok
80.19400 30.35900 24.15330 11.64581 1.20000 1.10000 0.00000 burf
43.54350 42.56341 26.47614 9.99805 0.49245 0.51686 -0.05450 gr10
43.39970 42.49966 26.67356 11.96319 0.46471 0.51279 -0.07650 gr09
43.28010 42.63684 26.01710 12.08178 0.59284 0.69267 -0.02400 gr08
43.03880 42.53952 27.14033 11.39188 0.83385 0.54321 0.01450 gr07
43.00490 42.10176 27.30170 13.63223 0.44028 0.47675 -0.00150 gr01
80.23214 26.52143 36.38519 34.43093 0.55630 0.58117 0.00000 iitk
79.41105 29.36835 32.40000 31.88000 1.14000 1.21000 0.00000 i020
48.17500 33.40600 26.57175 25.79515 1.50000 1.48000 0.00000 kora
45.57300 28.52700 29.09092 28.72783 2.25700 0.63900 0.00000 f040
45.35400 26.57900 30.38147 28.72322 2.06200 0.58200 0.00000 f039
46.68200 24.74400 31.57349 29.13482 1.34805 0.45743 -0.11270 f020
71.49677 37.56157 17.01092 14.68540 1.19070 0.90550 0.00000 shug
69.78009 35.25127 26.82703 12.73073 0.72490 1.12330 0.00000 pan3
69.65021 35.29980 26.13804 14.04771 0.56220 0.64810 0.00000 pan2
69.63162 35.40181 24.14325 11.05131 1.22180 0.89980 0.00000 pan1
72.76384 39.91728 30.52000 2.99000 1.50000 1.77000 -0.04300 pamb
71.33661 39.24137 24.33277 7.69769 0.95353 1.24273 -0.13200 lhsq
70.73578 36.93562 20.13795 18.84856 1.04793 0.57978 -0.05450 kash
69.24540 38.34592 19.83040 8.54523 1.40425 1.40311 0.01750 gf20
70.32621 38.77699 10.94785 9.60990 0.79405 0.72039 -0.05700 gf05
70.35333 38.73343 9.89622 11.30675 1.07615 0.80467 -0.00250 gf04
70.59466 37.08359 19.04556 18.02380 1.42485 0.99467 -0.08150 fyz2
68.66728 37.37260 20.98549 3.73420 1.06660 0.43520 -0.07900 dusa
70.89490 36.99090 21.05855 21.39728 0.73275 0.73219 0.00200 bah1
69.26227 35.64383 25.91061 10.55365 0.92360 1.01010 0.00000 bag1
70.19908 37.15119 21.23581 14.49392 0.64197 0.61734 -0.03150 arg2
70.43921 37.05828 19.33666 16.18411 1.57978 0.53960 -0.00350 arg1
44.82600 41.37700 31.85946 14.72404 2.35115 1.09559 -0.00050 shul
58.56900 23.56400 32.98901 32.90580 0.64421 0.53061 0.00150 musc
46.45900 39.31500 30.36380 21.40782 1.18341 0.75154 0.04300 karm
44.14495 39.55561 29.75236 17.91462 2.51534 0.97518 0.00000 dbyz
60.69400 25.30000 28.42683 13.34865 1.94376 0.78792 0.00250 chac
45.34100 40.12400 29.01000 18.36000 1.60000 1.11000 0.00000 astg
43.90134 42.78800 26.20000 16.65000 1.25000 1.49000 0.00000 tsey
44.09384 42.53309 25.54780 12.12707 0.81325 0.85718 0.00000 dzmg
44.29099 43.19988 25.57000 11.49328 0.55643 0.66931 0.00000 ardn
58.46360 35.29267 28.86304 12.12683 0.55122 1.29519 0.00000 yas1
77.23787 43.30099 27.55200 3.98800 0.60500 1.03200 0.00000 tal2
70.94615 38.89600 17.14382 13.61306 0.86737 0.84697 0.00000 shkc
70.17210 37.94960 14.22757 11.42979 1.50268 0.71522 0.00000 gf17
69.81920 37.92290 11.35527 10.45037 0.13984 0.36115 0.00000 kulc
76.29818 40.81641 28.91541 13.01800 0.27801 0.23742 0.00500 kul4
75.96714 40.71713 28.51448 12.91291 0.35519 0.42653 0.00400 aks4
74.34700 33.39500 30.48024 31.51754 0.40829 0.61926 0.00500 rauj
74.48400 34.09500 27.78694 31.05764 0.48132 0.84134 0.04000 mulg
74.97400 34.35300 27.97603 27.71767 0.70411 1.05615 -0.04300 nara
75.03450 33.59550 28.94233 29.81616 2.05974 0.86912 0.03300 kulg
75.27200 34.10000 30.21973 29.92873 0.81381 0.90611 -0.01800 aruu
74.83700 34.12950 27.82521 28.64764 0.15734 0.96315 0.00250 conv
75.32500 34.29200 27.97854 27.62737 0.70335 0.86791 0.09150 son1
75.76850 34.42400 26.40799 27.38576 0.88834 2.04651 0.00900 dras
76.16200 34.55900 27.64194 24.28944 0.45249 0.83146 0.00700 karg
68.61630 37.93440 22.05323 5.67265 1.00630 0.78873 0.00600 gana
61.51700 31.04900 29.23327 7.50262 0.76544 0.70434 0.00750 zab0
53.82214 32.31303 27.14831 21.36482 0.44963 0.49202 0.00500 ros3
72.49800 41.98000 28.00677 5.04853 0.44925 0.53066 0.00600 uzu4
75.08600 43.37900 27.36271 3.60153 0.42526 1.10173 0.00250 urd1
73.82400 42.32000 28.13482 3.72306 0.45716 0.56431 0.00650 tus4
77.64100 43.31250 28.47012 4.15970 1.32922 0.49215 0.00350 tur4
73.16000 41.89500 27.83990 4.86120 0.40124 0.55710 0.01550 tor4
73.55500 42.20600 28.70210 5.53606 0.38093 0.42846 0.00950 suu4
72.92000 42.41000 27.21784 4.26893 0.65952 0.54909 0.01350 ska4
73.20100 42.23500 27.93085 3.75119 0.47174 0.69141 0.01050 otm4
76.33900 43.89400 27.50155 1.93256 0.55847 0.44822 0.00350 kut4
70.60100 41.66900 27.08121 4.21150 0.46538 0.62683 0.00950 kum4
70.94000 42.78300 26.88391 2.99795 0.50756 0.49045 0.04350 ktau
72.36700 42.59300 27.30876 3.26187 0.60764 0.80243 0.00900 ken4
71.57900 42.20200 27.26126 3.93167 0.46642 0.55694 0.00700 kbu4
72.87500 41.96600 27.67669 4.20838 0.48592 0.73833 0.00600 chy4
71.72100 42.01500 27.33136 4.17798 0.43337 0.60406 0.01250 cha4
71.79200 41.49500 26.75844 5.30542 0.49537 0.60365 0.00900 boz4
71.46000 41.36200 27.22713 5.04025 0.30000 0.30000 0.00700 ala4
72.14500 41.55700 26.38269 5.63440 0.42482 0.42757 0.01050 akj4
71.80000 40.11000 26.23980 8.54295 1.15708 0.69503 0.09350 djd5
55.70700 29.30400 28.16438 22.00051 1.24891 1.14574 0.00100 srjn
56.58000 29.23910 29.31322 21.25636 0.94022 0.84681 0.00650 baft
56.69000 29.59600 29.27124 21.70067 0.90651 0.80412 0.00200 lale
58.42800 28.78400 33.62606 16.39378 1.16359 1.09606 0.00150 ba09
58.67500 28.96000 33.31463 13.82735 0.92012 0.84411 0.00300 ba38
58.46900 28.89800 30.93479 15.32630 1.13967 1.07564 0.00200 ba36
58.52300 29.13700 31.06371 14.07133 0.90465 0.82954 0.00300 ba12
57.91700 29.64200 30.49892 16.49544 1.21936 1.14845 0.00150 hrmk
58.19500 28.88800 32.93990 17.30153 1.18663 1.10748 0.00150 ba35
58.27800 28.94400 32.09136 16.25141 1.22694 1.15758 0.00150 ba34
58.14100 29.07800 30.71388 17.87937 1.17136 1.09327 0.00150 ba32
58.13000 29.18700 30.56622 17.45776 1.16090 1.08026 0.00150 ba31
57.96700 29.31600 31.39817 16.36520 0.91054 0.82637 0.00250 ba30
57.94000 29.10500 32.88251 16.44138 0.91235 0.82143 0.00300 ba14
58.07400 29.23000 29.33951 17.38550 1.20005 1.13653 0.00150 ba13
58.30500 29.14900 29.37785 18.19900 1.12589 1.06556 0.00150 ba07
57.58400 29.76200 29.28989 20.68669 1.20303 1.14029 0.00100 rain
57.46500 29.37100 30.24800 20.95627 1.22011 1.15355 0.00100 hsad
59.95500 32.57800 29.73929 11.31864 0.87948 0.88859 0.00200 sarb
59.93700 32.98800 29.54965 11.03240 0.76163 0.77072 0.00200 nogh
60.36000 35.00200 28.96517 5.63784 0.58859 0.55247 -0.00050 bakh
60.50200 31.57300 29.66679 7.89678 0.89788 0.89781 0.00250 hajt
57.76000 30.53700 28.13410 15.27592 1.22251 1.16400 0.00100 cmcv
60.04700 31.57300 29.26690 11.66894 0.97014 0.96634 0.00200 neba
58.31900 32.48400 29.35274 13.99180 1.15550 1.14784 0.00100 abgr
58.82100 32.75500 28.75516 12.56307 0.86914 0.86480 0.00150 khsf
59.29700 31.19600 29.91719 12.87132 1.17663 1.15653 0.00100 desl
56.36500 31.41300 28.97539 18.11436 0.83455 0.78065 0.00150 kati
57.04600 31.20600 30.77270 18.16041 1.21070 1.17397 0.00100 abjn
57.39700 32.49200 27.60181 15.97514 0.93894 0.92660 0.00100 nybd
56.80920 31.25200 28.98580 18.66456 0.48293 0.78173 0.00550 ravr
55.92900 31.71300 27.87809 19.30977 0.81506 0.76040 0.00150 send
56.44500 30.77500 27.55579 20.31136 1.19568 1.14133 0.00100 iraj
56.72100 29.99700 28.31261 21.95797 1.26847 1.19466 0.00100 brsr
55.79100 31.41600 28.04145 18.22260 1.19505 1.14906 0.00050 gotr
55.88500 30.01400 28.52773 20.85329 1.25439 1.17527 0.00050 srch
55.10750 30.14620 27.73558 20.91442 0.69486 0.65995 0.00750 sbak
53.48000 26.97000 30.61084 28.24796 1.04116 0.95896 0.00050 bmg2
48.92500 31.18800 24.71380 29.51536 1.13046 1.11371 0.00450 awaz
48.67800 32.65700 23.66047 26.85920 1.11715 1.10876 0.00450 dezf
48.50600 33.77200 22.99266 23.27636 1.11539 1.11427 0.00450 boru
52.23500 29.61700 26.57651 22.99629 1.08393 1.03470 0.00000 yagh
51.77500 28.40000 27.39316 26.12267 1.12669 1.06894 0.00000 shan
51.35800 30.61000 25.68995 24.04941 1.10658 1.06308 0.00000 sepi
52.17900 30.72600 27.90404 19.70629 1.07488 1.03513 0.00000 sede
51.81400 29.94500 26.15350 23.13092 1.10793 1.05982 0.00000 dash
50.98000 30.10900 27.01438 26.33017 1.12325 1.06008 0.00000 bamo
68.82000 27.72800 32.70365 33.03811 0.12513 0.08396 0.00100 siba
67.29100 30.43700 31.48238 23.30456 0.36290 0.44034 0.04400 kach
66.87000 30.56800 29.83339 18.96498 0.74086 0.76824 0.01150 sarn
66.66000 30.73050 30.24160 16.14447 0.27753 0.20419 0.02000 qila
66.58700 30.83000 32.23858 16.15085 0.72108 0.62806 -0.01500 shbg
66.45100 30.91400 28.76489 10.58603 0.27013 0.16027 0.00650 chmc
62.32033 25.14408 33.20035 12.89481 0.24157 0.22573 0.01900 gwad
63.46840 25.25882 32.42553 21.87576 0.78981 0.70422 0.01200 pasn
66.22359 26.19502 33.83944 33.14760 0.35005 0.36490 0.00600 lakc
66.60140 29.10583 33.35617 21.90368 0.52778 0.50834 0.00900 kalt
71.60800 36.00100 24.61897 21.78469 0.62425 0.52802 -0.02800 uchu
71.85200 35.27200 27.61101 25.75648 0.63412 0.50622 0.00100 qlnd
71.93300 34.57200 29.55914 29.64636 1.72521 0.33621 0.01150 mala
72.36200 32.72150 30.23558 29.38967 0.60433 0.65150 0.01900 cnji
74.81700 34.10900 29.90409 31.57482 1.59791 1.29417 -0.01750 knew
61.03400 36.60100 27.95200 5.30667 1.37752 0.48805 0.00800 yazt
43.38160 42.57828 25.60496 9.57366 0.71848 0.63533 0.00150 khur
78.68000 29.84800 38.44149 33.11877 1.55000 1.45000 -0.00200 lans
58.51500 36.43800 29.83842 9.58902 0.49856 0.46655 -0.01250 zvng
58.43100 37.57000 27.06441 8.45306 0.52425 0.42512 -0.01300 sham
55.95600 37.84450 23.31892 12.64045 0.49015 0.47617 -0.00600 mar2
59.64040 36.39130 28.28158 6.96878 0.49380 0.41332 0.00250 kalt
56.26400 37.04200 27.12709 14.83568 0.44967 0.41843 -0.00650 grme
57.42700 37.15900 28.59621 11.03774 0.52003 0.46862 -0.00700 esfa
45.36700 40.11400 30.43104 18.13130 0.55821 0.70195 0.00000 zol0
45.90800 40.20400 31.52910 18.21589 0.58379 0.66056 -0.00400 zod0
45.05500 40.30700 29.15235 18.13726 0.59037 0.74812 -0.00100 tsa0
45.68600 40.11700 30.26481 18.53043 0.60715 0.66954 -0.00800 sub0
44.52800 40.75300 29.21388 16.09369 0.56839 0.86727 -0.00450 sha0
44.71800 40.52000 28.89136 16.52184 0.67396 0.66296 -0.00600 raz0
44.55000 40.84000 28.91773 16.29462 0.53296 0.81466 -0.00350 pam0
44.59300 41.05500 29.24456 16.29506 0.52277 0.75140 -0.00300 odz0
44.65700 40.10100 28.65323 17.22103 0.58963 0.66246 -0.00300 kar0
45.09400 40.92000 29.81754 16.30585 0.58349 0.78116 -0.00500 eno0
44.67900 39.84000 30.98898 16.78270 1.08032 0.91377 -0.00100 ara4
45.64500 40.09900 30.40058 17.76099 0.65201 0.65873 0.00100 akh0
48.99300 40.87000 27.92829 11.25156 0.64801 0.66581 0.00300 kiza
78.70400 33.19100 27.30000 19.10000 0.60000 0.60000 0.00000 muth
78.17800 34.03100 25.87772 18.99806 1.13964 0.50746 0.00000 tngs
78.41400 33.99900 26.90000 18.30000 0.60000 0.60000 0.00000 lkng
77.52200 34.82300 27.10000 20.30000 0.70000 0.70000 0.00000 tksh
77.56700 34.72700 26.32228 20.74596 1.25957 0.58455 0.00000 pnmk
77.61900 34.56800 27.78390 20.52258 2.12387 0.53227 0.00000 trth
48.04900 39.01300 32.87656 20.01216 0.58203 0.69467 -0.01450 mogh
48.45800 38.00000 31.32998 20.66026 0.58082 0.67879 -0.01750 hefz
49.21100 36.19600 25.05015 18.21148 0.46119 0.47913 -0.00050 krmd
51.63200 35.34400 26.91984 20.59137 0.19861 0.48269 -0.00050 vrmn
51.72400 35.55000 27.22475 19.15290 0.29775 0.33456 0.00900 tn06
51.51500 35.63300 27.34969 19.30954 0.35964 0.39893 0.01000 tn05
51.40900 35.49500 26.38150 21.22095 0.33844 0.38157 0.00950 tn04
51.37900 35.36600 26.88847 20.77392 0.35055 0.39576 0.01050 tn03
51.17000 35.20300 26.98210 20.96138 0.33089 0.37956 0.00850 tn02
51.00000 35.49300 26.59259 21.23307 0.50389 0.53199 0.02100 tn01
50.74500 36.14380 24.44249 19.73609 0.32385 0.21027 0.00050 tlgn
51.56800 35.80800 24.46214 19.32183 0.37584 0.40995 0.01150 tf20
51.52200 35.77400 25.95469 20.25830 0.30584 0.34365 0.00950 tf16
51.42500 35.83300 26.38970 20.48196 0.36728 0.39863 0.00950 tf09
51.25700 35.81200 26.02638 20.85476 0.31522 0.35298 0.01000 tf01
51.88420 35.27720 26.79738 21.31964 0.12048 0.32233 0.00300 shor
51.71100 35.57420 26.68165 18.83075 0.55315 0.35596 -0.00050 rtcl
51.97100 35.63015 26.70331 17.88445 0.22444 0.44573 0.00200 plzi
50.04500 36.40100 25.25783 19.65826 0.55053 0.60546 -0.00150 neya
51.79470 35.05290 27.01146 20.19709 0.24361 0.25016 0.00550 mobk
51.10800 35.75300 26.18597 18.88628 0.24849 0.30513 -0.00050 mf17
51.66500 35.72400 26.49296 19.78713 0.25474 0.29564 -0.00050 mf16
50.63200 36.00900 26.45092 19.66366 0.33138 0.37225 0.00100 mf13
50.54300 35.22700 26.53454 20.27664 0.31675 0.37018 0.00050 mf06
51.27700 35.49300 26.96997 20.14929 0.32608 0.35979 -0.00100 mf05
52.11700 35.25800 25.79670 19.40957 0.26933 0.30922 0.00150 mf04
51.88500 35.64900 26.27862 18.70216 0.24713 0.28909 -0.00050 mf03
51.95500 35.68300 26.38348 17.77015 0.31295 0.34533 -0.00200 mf01
50.74700 36.00685 25.83320 19.64177 0.23763 0.25787 0.00750 hsgd
54.98900 36.43000 27.80553 17.11420 0.51022 0.52069 0.00950 ghab
50.84000 35.76490 26.26449 19.94048 0.30826 0.28007 0.00200 fopm
51.16600 35.40915 26.42051 20.55654 0.43463 0.42162 0.00750 foim
53.02500 35.70500 28.10746 17.84100 0.54316 0.57342 0.00000 bash
51.07490 35.92840 26.02796 18.41745 0.16059 0.45497 0.00050 arng
50.60060 35.58830 26.04327 19.91230 0.21808 0.22011 0.00550 akht
52.09120 35.66120 26.13391 16.64038 0.32957 0.50644 0.00500 absd
50.93010 36.78590 24.39662 18.13326 0.17185 0.20401 0.00700 tkbn
51.30980 36.68500 24.21089 17.47420 0.42300 0.58798 0.00450 nkad
51.99400 35.76300 25.93875 17.51039 0.34764 0.38162 0.01100 tn07
53.49200 36.67900 23.15658 15.67220 0.53567 0.55450 0.00800 sha1
51.57420 36.40310 24.88872 17.75831 0.24367 0.38731 0.00400 pool
52.06400 35.84980 25.83176 16.98656 0.35426 0.19984 0.00250 plor
51.61300 35.98800 25.27354 19.53061 0.25621 0.29544 -0.00750 mf15
51.31500 36.15000 26.48204 19.98484 0.39862 0.42627 0.00800 mf12
51.30400 36.39400 25.08512 19.43257 0.34620 0.38043 -0.00100 mf10
52.00800 35.89700 27.28403 16.53138 0.25464 0.29624 0.00000 mf07
51.79700 35.80100 26.71123 18.22466 0.25513 0.29486 0.00050 mf02
52.81100 36.07800 25.25199 15.80954 0.49253 0.51245 0.00050 larz
51.64570 35.98500 25.95339 18.51803 0.32685 0.20030 0.01250 garm
50.73200 36.62300 26.14109 19.35894 0.53885 0.57363 0.00200 bond
80.63600 29.01200 35.14080 34.60417 1.11210 1.17509 0.00000 shp0
80.72100 29.52700 33.98917 28.94463 1.11876 1.06331 0.00000 shb0
80.60200 29.33400 34.68542 33.48002 0.90141 0.90834 0.00000 dad2
77.19200 32.31700 26.74683 21.77331 0.93741 2.58469 0.00100 koth
78.15500 30.34200 33.95245 32.14044 1.05758 0.78343 0.00550 dhou
80.94300 26.89100 38.01813 34.24378 0.67730 1.22410 0.00000 luck
46.03050 40.89950 30.22092 17.35621 0.74320 0.73294 -0.08300 dash
62.31832 27.39024 30.93229 8.37213 0.22275 0.28883 0.00150 srvn
51.09860 35.48680 26.58588 19.73835 0.22825 0.22269 0.00250 rtkm
57.76989 25.63753 29.62177 19.84039 0.21534 0.33598 0.00300 jasc
59.44851 27.48216 31.32050 12.47304 0.47999 0.20926 0.00400 glmt
60.65113 25.28080 30.67596 11.56761 0.31270 0.71107 0.00050 chbr
46.05190 37.36990 24.86756 21.68320 0.72223 0.44497 0.00000 bnab
73.19227 37.67443 22.49000 20.41000 0.71000 0.74000 0.04300 sasi
74.42732 38.06191 24.20000 21.97000 1.05000 1.13000 0.03000 kash
71.30000 39.24582 26.12000 10.62000 0.83000 0.90000 0.04400 jir0
79.92600 36.74300 24.40674 16.03142 1.20000 1.10000 0.05800 p008
76.00000 39.48000 29.41185 18.23479 1.30000 1.20000 0.01900 p007
77.17500 37.39600 25.88191 19.60494 1.00000 1.00000 0.03100 koky
80.78100 41.38000 30.35890 14.79087 1.00000 0.80000 -0.01300 kara
76.85600 38.44900 26.95487 20.29453 1.00000 0.80000 -0.23000 as25
44.18380 24.26430 31.69000 28.45000 0.39000 0.30000 0.00000 ry70
48.46080 28.48400 29.73000 29.32000 0.44000 0.39000 0.00000 kafj
71.87100 23.12500 36.97399 33.43765 1.40000 1.00000 0.00000 porr
72.07500 23.08500 34.53916 37.17335 1.30000 1.00000 0.00000 hasa
80.15100 30.43800 31.00352 17.64194 0.80000 0.80000 0.00000 mila
80.15300 30.02400 33.49556 29.64212 1.40000 1.40000 0.00000 bala
80.16500 30.40200 24.82451 20.44320 1.30000 1.20000 0.00000 belj
80.19500 30.06100 35.99121 24.14590 1.10000 1.10000 0.00000 khal
80.20300 30.28500 36.59029 26.64661 1.10000 1.20000 0.00000 lasp
80.20500 30.32300 29.47332 18.04679 1.40000 1.30000 0.00000 mart
80.23000 30.18000 34.24698 16.54903 1.40000 1.40000 0.00000 rail
80.24300 30.14600 29.06659 27.35019 1.50000 1.30000 0.00000 lila
44.68800 42.30400 25.96957 13.36511 0.75000 0.88000 -0.02200 gk12
44.67200 42.22500 26.41600 12.81885 0.46000 0.55000 -0.08000 gk11
44.50200 41.55800 29.42444 14.42861 0.59000 0.74000 0.04100 gk04
44.46800 42.52500 26.71071 13.68655 0.59000 0.58000 -0.19800 gk14
44.41800 41.37900 29.10254 13.89822 0.51000 0.57000 -0.06200 gk03
44.32500 41.21600 29.69785 13.62991 0.56000 0.66000 0.06400 gk01
44.31000 41.27400 28.89052 14.39340 0.82000 0.99000 -0.16500 gk02
76.65230 31.72160 30.96000 34.09000 0.04000 0.04000 0.00000 smpr
79.52310 29.23080 37.15000 32.88000 1.61000 1.36000 0.00000 i017
79.44640 29.33590 34.79000 31.32000 1.76000 1.59000 0.00000 i016
79.33680 29.29520 33.20000 31.00000 1.65000 1.51000 0.00000 i015
79.18710 29.30480 33.98000 32.53000 1.62000 1.46000 0.00000 i011
79.23190 29.35710 37.33000 34.06000 1.74000 1.59000 0.00000 i010
79.26840 29.37530 35.61000 31.95000 1.52000 1.41000 0.00000 i009
79.31870 29.35250 36.24000 32.70000 1.75000 1.53000 0.00000 i006
79.78700 29.67410 33.77000 32.01000 0.08000 0.07000 0.00000 dhlc
79.67080 29.61520 35.57000 28.85000 1.61000 1.53000 0.00000 almr
79.54880 29.54650 35.57000 32.75000 1.45000 1.41000 0.00000 jnvn
79.49660 29.50040 35.64000 32.55000 1.44000 1.54000 0.00000 chra
79.38740 29.34660 32.41000 34.24000 1.31000 1.27000 0.00000 mngl
79.37680 29.32840 36.01000 36.28000 1.75000 1.54000 0.00000 gtgh
79.31430 29.27430 33.65000 36.23000 1.19000 1.14000 0.00000 nygn
78.85690 29.14860 34.94000 34.81000 0.04000 0.04000 0.00000 thkd
77.33590 31.12310 30.96000 34.82000 0.17000 0.15000 0.00000 theo
77.13090 31.04400 32.31000 34.85000 1.58000 1.57000 0.00000 sghi
77.10710 30.96920 34.82000 34.39000 1.47000 1.47000 0.00000 kngt
77.02440 30.89760 32.84000 33.62000 1.15000 1.11000 0.00000 dhrm
76.98790 30.83680 33.31000 33.27000 1.63000 1.58000 0.00000 koti
76.93850 30.81390 31.31000 32.61000 1.31000 1.27000 0.00000 tipr
76.91150 30.73940 32.06000 33.75000 1.23000 1.21000 0.00000 bkta
76.76090 30.76740 31.88000 32.11000 0.07000 0.06000 0.00000 chd1
76.54360 32.43970 25.72000 27.46000 0.09000 0.11000 0.00000 brmr
76.13560 32.11810 30.13000 29.92000 1.45000 1.43000 0.00000 mnai
75.86510 31.95280 30.95000 32.95000 1.48000 1.49000 0.00000 bbmb
75.68490 31.96820 29.95000 33.28000 0.12000 0.11000 0.00000 muke
72.32132 36.94987 23.32000 21.09000 1.47000 1.71000 -0.10700 wakh
70.76688 38.57607 12.30000 12.17000 0.57000 0.62000 -0.01500 hrba
71.26913 38.31464 14.25000 18.26000 0.94000 1.01000 0.00200 gf14
71.02796 38.46641 13.64000 13.40000 0.66000 0.73000 0.02400 gf13
70.81086 38.44668 13.51000 13.52000 0.55000 0.60000 -0.07300 gf12
70.57610 37.12601 16.25000 19.33000 1.36000 0.60000 -0.03500 fayz
71.59451 36.71915 21.28000 22.81000 1.58000 1.80000 0.01500 eshk
46.16200 39.12600 27.33000 23.14000 1.33000 0.86000 0.00000 kajr
55.91800 28.30200 26.46000 24.56000 0.86000 0.64000 0.00000 haji
55.89500 28.29400 26.29000 24.97000 1.49000 1.04000 0.00000 haj2
62.21764 34.35124 26.93000 5.63000 0.54000 0.43000 0.02400 afht
43.77480 42.46077 26.35000 11.12000 0.85000 0.87000 0.00000 erts
43.64462 42.52383 26.14000 11.03000 0.88000 0.90000 0.00000 kvys
44.06981 42.29531 26.90000 11.28000 1.38000 1.40000 0.00000 sat2
44.26345 42.50759 27.52000 12.18000 0.84000 0.85000 0.00000 ermn
44.16839 42.70424 27.07000 11.86000 1.50000 1.54000 0.00000 hil2
44.22501 42.74177 26.93000 10.88000 0.85000 0.85000 0.00000 bugt
44.23598 42.79405 27.92000 11.79000 1.00000 1.02000 0.00000 tlap
44.23704 42.80343 26.83000 11.32000 0.84000 0.84000 0.00000 fgdn
44.28388 42.83373 26.95000 11.28000 0.86000 0.87000 0.00000 kadt
44.50935 42.84145 29.00000 11.45000 1.20000 1.22000 0.00000 kani
44.66105 42.96074 25.98000 12.08000 1.15000 1.17000 0.00000 trdn
44.66632 42.98591 26.73000 11.00000 1.21000 1.24000 0.00000 tvlm
44.65286 43.06393 27.37000 12.17000 1.29000 1.38000 0.00000 tngm
44.59759 43.08795 28.02000 10.88000 1.26000 1.30000 0.00000 tngp
44.56842 42.96677 26.11000 12.07000 1.03000 1.05000 0.00000 gavt
44.56752 42.98476 25.84000 11.84000 1.54000 1.64000 0.00000 gvso
44.40130 43.02614 26.99000 11.88000 1.09000 1.12000 0.00000 fdzf
44.42103 43.06797 26.40000 10.36000 1.12000 1.15000 0.00000 frsv
44.20406 42.95967 28.99000 11.42000 1.20000 1.27000 0.00000 atam
44.22888 42.99575 28.49000 11.28000 1.21000 1.25000 0.00000 avbm
44.23297 43.00764 27.06000 10.34000 1.21000 1.25000 0.00000 avbc
44.24625 43.04089 27.80000 11.31000 1.52000 1.60000 0.00000 anbk
44.26352 43.06419 26.79000 11.09000 1.23000 1.27000 0.00000 atsc
44.25969 43.13208 26.84000 11.24000 1.14000 1.17000 0.00000 armn
43.59540 43.49573 25.83000 10.78000 0.88000 0.88000 0.00000 naln
43.91623 42.38236 26.48000 12.60000 0.94000 0.94000 0.00000 uo01
44.29582 42.82656 26.13000 11.15000 0.69000 0.68000 0.00000 latz
44.28200 43.75125 25.89000 10.57000 0.69000 0.69000 0.00000 prtn
44.46140 42.74240 24.46000 12.20000 0.79000 0.95000 0.00000 krmd
43.93680 42.31540 24.87000 13.47000 1.15000 1.25000 0.00000 kehv
43.94450 42.40620 26.49000 11.20000 1.55000 1.82000 0.00000 hvce
43.89650 42.20540 27.63000 13.06000 0.83000 1.02000 0.00000 hetg
44.11940 42.59650 24.75000 12.69000 0.93000 1.16000 0.00000 rook
44.00370 42.42490 24.34000 13.97000 1.13000 1.27000 0.00000 mzgm
43.04620 44.67770 25.21000 12.41000 0.10000 0.11000 0.00000 vlkz
47.68958 40.95798 27.84700 15.18700 0.72600 0.68400 0.00000 qabl
74.06120 37.52290 23.46458 21.97168 1.72000 1.00000 0.00000 ynga
70.71050 38.68840 11.25225 13.98327 1.68000 0.92000 0.00000 gf02
70.62520 38.74860 14.80738 12.11763 1.76000 0.70000 0.00000 gf03
70.23830 38.79880 11.85284 9.13805 0.69000 0.65000 0.00000 gf01
70.18890 38.83400 13.36989 4.46213 1.44000 1.02000 0.00000 gf06
69.93550 38.90640 25.25855 4.78436 0.89000 1.01000 0.00000 gf07
69.86040 38.00610 13.59628 9.18576 0.86000 0.75000 0.00000 gf18
68.85870 39.11230 30.31146 9.62059 0.61000 1.13000 0.00000 ygna
75.67163 39.98507 30.58000 15.89000 0.42000 0.46000 0.00000 tl02
78.15874 40.86606 30.39000 16.83000 0.16000 0.16000 0.00000 nj35
77.65893 39.84470 29.87000 17.05000 0.28000 0.27000 0.00000 nj33
77.97955 39.93970 29.50000 17.96000 0.24000 0.19000 0.00000 nj32
77.37491 39.82183 31.99000 15.90000 0.20000 0.20000 0.00000 nj31
77.78555 40.65515 29.41000 16.75000 0.32000 0.29000 0.00000 nj28
77.64376 40.38457 30.47000 16.34000 0.15000 0.15000 0.00000 nj27
77.32059 40.47353 31.14000 14.20000 0.18000 0.20000 0.00000 nj26
77.62087 40.60436 30.48000 15.63000 0.15000 0.15000 0.00000 nj25
77.59527 40.81826 28.83000 15.63000 0.22000 0.24000 0.00000 nj24
76.94008 39.87462 29.33000 17.10000 0.21000 0.19000 0.00000 nj21
75.79772 40.06746 31.19000 14.80000 0.22000 0.20000 0.00000 nj20
76.16264 40.01209 31.18000 15.85000 0.14000 0.16000 0.00000 nj19
76.28474 40.14320 30.94000 16.19000 0.15000 0.17000 0.00000 nj18
76.01982 40.10546 30.61000 15.85000 0.14000 0.15000 0.00000 nj17
75.97510 39.80999 31.28000 16.49000 0.15000 0.15000 0.00000 nj14
75.93803 39.89645 31.38000 15.28000 0.15000 0.15000 0.00000 nj13
76.08007 40.36318 29.57000 15.06000 0.27000 0.28000 0.00000 nj12
75.88312 40.27778 29.81000 14.23000 0.19000 0.20000 0.00000 nj11
77.19436 40.04964 29.21000 14.09000 0.36000 0.38000 0.00000 kp31
78.28669 40.60224 30.75000 15.87000 0.55000 0.63000 0.00000 kp21
78.11136 40.52430 29.53000 16.91000 0.55000 0.61000 0.00000 kp20
77.79106 40.40482 29.82000 17.03000 0.37000 0.39000 0.00000 kp18
78.36287 40.48960 28.96000 16.70000 0.54000 0.60000 0.00000 kp17
78.17896 40.42889 29.84000 17.09000 0.56000 0.61000 0.00000 kp16
77.99147 40.45312 31.52000 17.45000 0.42000 0.46000 0.00000 kp15
77.49297 40.34224 33.35000 15.33000 0.43000 0.47000 0.00000 kp13
77.32142 40.28657 31.09000 15.33000 0.48000 0.52000 0.00000 kp12
79.04838 40.30917 30.89000 16.00000 0.40000 0.43000 0.00000 kp11
78.84569 40.36635 31.63000 14.82000 0.38000 0.41000 0.00000 kp10
78.67889 40.28526 31.02000 15.63000 0.39000 0.42000 0.00000 kp09
78.31170 40.19858 32.44000 17.09000 0.37000 0.41000 0.00000 kp08
78.11134 40.15625 30.84000 16.42000 0.36000 0.39000 0.00000 kp07
77.93379 40.15090 31.45000 15.75000 0.45000 0.51000 0.00000 kp06
77.76699 40.11799 28.91000 16.91000 0.41000 0.44000 0.00000 kp05
77.59165 40.11254 31.03000 14.57000 0.40000 0.44000 0.00000 kp04
77.43487 40.10798 32.18000 14.02000 0.40000 0.43000 0.00000 kp03
78.83473 40.14845 29.85000 16.98000 0.40000 0.43000 0.00000 kp02
79.28682 40.48509 30.82000 16.41000 0.18000 0.17000 0.00000 js29
79.06555 39.71688 26.73000 18.12000 0.65000 0.70000 0.00000 js28
78.99082 40.03849 29.36000 17.83000 0.33000 0.34000 0.00000 js26
78.81116 39.80842 29.23000 17.64000 0.25000 0.23000 0.00000 js25
78.80858 40.61722 34.71000 16.87000 1.11000 1.18000 0.00000 js23
78.52247 40.55531 31.84000 15.83000 0.20000 0.19000 0.00000 js21
78.20913 40.71712 29.89000 16.65000 0.28000 0.27000 0.00000 js20
78.38822 40.28320 30.67000 16.46000 0.18000 0.19000 0.00000 js19
77.99454 40.54203 30.63000 15.74000 0.22000 0.22000 0.00000 js18
77.90123 40.81614 29.49000 16.49000 0.17000 0.19000 0.00000 js16
77.13034 40.24040 30.64000 13.22000 0.21000 0.22000 0.00000 js15
77.38228 40.79465 29.57000 14.58000 0.17000 0.19000 0.00000 js14
76.94420 40.37995 30.07000 14.86000 0.32000 0.30000 0.00000 js13
76.63485 39.99213 28.95000 14.94000 0.35000 0.35000 0.00000 js11
77.30946 40.22841 29.58000 12.46000 0.51000 0.46000 0.00000 g0bf
43.13980 41.08865 26.96405 15.00399 0.22000 0.27000 0.00000 cild
43.16953 40.68534 27.96657 15.83716 0.12000 0.14000 0.00000 karh
43.18629 41.29482 26.82899 14.93332 0.44000 0.48000 0.00000 acil
43.34671 40.86220 27.43007 16.12645 0.23000 0.27000 0.00000 arpc
43.41679 40.37823 27.74369 16.62032 0.37000 0.47000 0.00000 digo
43.58468 37.26364 22.43895 26.58161 0.48000 0.36000 0.00000 ckrc
43.63264 40.74238 28.12433 15.67054 0.21000 0.24000 0.00000 akyk
43.66118 40.08017 29.35840 16.51395 0.33000 0.43000 0.00000 tzlc
73.96900 34.64200 24.33969 18.40333 1.59000 1.48000 0.00000 kern
74.05500 34.08400 28.29394 29.30693 0.91000 0.98000 0.00000 urii
59.47000 36.30900 27.78011 8.53718 1.12600 1.08800 0.00000 msh0
69.18200 34.52200 29.29974 12.93613 1.77500 1.23700 0.00000 afk0
74.37900 42.30200 27.90413 4.49424 0.40000 0.40000 0.00200 zkk4
75.00900 41.09200 27.57378 9.88580 0.40000 0.40000 0.00600 zba4
73.20700 41.33500 26.90329 7.71208 0.70000 0.60000 -0.00400 yzg4
75.74100 41.97900 28.07943 7.87474 0.30000 0.30000 0.00700 yuz4
68.96700 38.85400 26.51339 7.98016 0.60000 0.60000 0.00300 warz
76.98100 42.02100 28.66095 9.95663 0.40000 0.40000 0.00400 vtu4
76.74400 42.04000 29.26524 9.56082 0.40000 0.40000 0.00600 vtg4
74.99900 42.22100 28.29345 5.68559 0.30000 0.30000 0.00700 vse4
76.33600 42.18500 29.67322 7.26473 0.40000 0.40000 0.00500 vkr4
78.83300 42.89800 29.64801 6.13198 0.50000 0.50000 0.00100 vke4
79.39200 42.54600 30.03504 9.02464 0.40000 0.40000 0.00400 vka4
77.86300 42.03100 28.84906 10.84519 0.40000 0.40000 -0.00700 vjk4
79.02200 43.14400 29.85023 5.52912 0.40000 0.50000 0.00600 uzl4
74.78000 41.06900 27.57624 9.48960 0.50000 0.50000 0.00800 uzg4
74.92900 41.93600 28.08951 6.78609 0.30000 0.30000 0.00400 uzb4
79.53200 44.47800 26.66269 3.62248 0.80000 0.90000 0.04200 uyg4
73.47800 41.21900 26.79787 8.70881 0.40000 0.40000 0.00100 uum4
76.33800 42.11000 28.37206 7.56517 0.40000 0.40000 0.00100 urs4
71.95800 42.35400 27.73867 4.03144 0.30000 0.30000 0.01300 urm4
75.08000 42.34600 28.29458 5.38302 0.50000 0.50000 0.01600 ulu4
78.92600 42.85800 29.14619 6.63097 0.40000 0.40000 0.00400 ult4
75.95900 41.93400 28.07528 8.07193 0.30000 0.30000 0.00500 uko4
70.25400 42.28000 26.86060 4.35919 0.40000 0.40000 0.01500 ugam
73.33400 40.56900 27.28821 9.21081 0.50000 0.50000 0.01700 tzb4
78.50900 42.63200 28.54883 8.33559 0.30000 0.30000 0.00300 tyup
71.20300 40.21200 27.90977 6.64429 0.70000 0.60000 0.04500 tut4
79.29700 43.02900 30.14336 5.22521 0.40000 0.40000 0.00700 tum4
78.94800 42.41500 29.43838 10.22982 0.30000 0.30000 0.00700 tua4
74.79000 42.05500 28.19260 6.68781 0.40000 0.40000 -0.00700 tsh5
75.38300 40.57800 28.56002 12.17957 0.40000 0.40000 0.00600 trg4
77.31100 42.17600 28.85929 9.65245 0.30000 0.30000 0.01100 tos4
77.05200 42.15700 29.26202 8.85580 0.40000 0.40000 0.00400 ton4
75.83700 42.35500 28.98354 5.47297 0.30000 0.30000 0.00800 tok6
75.26300 40.88900 28.06691 11.08202 0.40000 0.40000 0.00600 thr4
74.72200 41.51100 27.78490 6.98875 0.40000 0.40000 0.00600 tgu4
71.14600 41.53900 26.83458 4.54504 0.30000 0.30000 0.01100 ter4
73.33300 41.78500 27.30997 5.41009 0.40000 0.40000 0.01100 tem4
78.84200 44.85500 27.47935 2.43146 0.50000 0.50000 0.00500 tek4
76.59400 42.13700 29.06938 8.46170 0.30000 0.30000 0.01200 teg4
77.55300 42.13700 28.65491 10.04983 0.40000 0.40000 0.00500 tam4
73.65700 44.23800 28.14728 3.80506 0.70000 0.80000 0.00900 tald
67.80900 42.23300 25.69170 4.60031 0.70000 0.70000 0.00600 takr
73.25700 39.73200 28.27488 10.61120 0.60000 0.60000 0.02300 syt4
80.41200 42.90600 29.82405 6.51132 0.40000 0.40000 0.00800 sum4
78.22600 43.43300 29.46600 3.73971 0.60000 0.60000 0.02000 sug4
75.81400 42.12800 28.98000 6.17338 0.80000 0.80000 0.01700 ste4
77.89000 42.34900 28.55283 9.44364 0.40000 0.40000 -0.00100 ssr4
78.27500 43.22700 29.26154 4.33901 0.50000 0.50000 0.00400 srt4
78.30700 42.78600 28.85412 5.83907 0.30000 0.30000 0.00700 srb4
73.90100 42.64400 27.71663 3.90123 0.50000 0.60000 0.01400 sos4
75.42300 41.91400 27.78182 7.37842 0.30000 0.30000 0.00300 son4
77.62700 41.91800 29.15030 10.74815 0.40000 0.40000 -0.00200 smo4
75.77200 40.47600 28.95176 12.67310 0.60000 0.60000 0.01500 sme4
76.35400 42.24600 29.47349 6.96570 0.40000 0.50000 0.01100 skt4
79.32200 42.60400 30.53595 9.62422 0.40000 0.40000 0.00200 skr4
77.95900 42.09500 28.84771 10.84335 0.40000 0.40000 -0.00200 sjk4
72.78900 41.30200 26.10868 6.71911 1.00000 1.00000 0.03600 shy5
79.30400 42.86800 29.93975 5.72525 0.40000 0.40000 0.00600 shl4
71.53200 42.45400 27.64620 4.13833 0.30000 0.30000 0.01000 shi4
78.93600 43.69000 29.65916 4.73018 0.60000 0.60000 0.01800 she4
80.48700 43.25100 29.92923 6.41034 0.50000 0.50000 0.01500 shd4
75.39700 42.62200 28.79507 5.67967 0.40000 0.40000 0.06700 sha5
78.81300 43.43000 29.45637 4.93157 0.40000 0.50000 0.00700 sgd4
78.74200 43.90000 29.26598 3.53343 0.50000 0.60000 0.01700 sex4
76.04500 42.27500 28.67964 6.86894 0.30000 0.30000 0.00800 sem4
74.15300 42.05200 27.70209 5.59813 0.30000 0.30000 0.00400 sdy4
80.11700 42.50300 30.52279 9.31484 0.70000 0.70000 0.00400 sba4
72.24800 39.43900 23.98269 18.42811 0.90000 0.90000 0.01900 sauk
78.40800 43.05700 30.25762 5.13683 0.70000 0.70000 0.00400 saty
78.97200 42.75100 29.54379 6.43011 0.30000 0.30000 0.00800 sas4
71.70100 40.77400 26.81311 7.53558 0.40000 0.40000 0.00300 sary
70.88100 41.69700 27.14205 4.54924 0.40000 0.40000 0.01600 san4
68.24600 39.69400 27.43746 6.99279 0.40000 0.40000 0.00200 san1
76.71500 42.25000 29.76946 6.75992 0.40000 0.40000 0.00500 sak4
79.74000 42.90500 30.13402 8.81930 0.60000 0.60000 0.00900 saaz
76.10300 42.52300 29.88294 5.96875 0.40000 0.40000 0.01300 ryb4
78.90600 42.54800 28.94235 9.63057 0.40000 0.40000 -0.00200 rts4
72.66700 42.70600 27.33556 3.41995 0.50000 0.50000 0.00700 rtr4
70.39100 39.86400 27.71308 6.05743 0.60000 0.60000 0.04200 rtc4
75.73200 41.69700 28.47370 8.07425 0.30000 0.30000 0.00400 rsr4
75.37000 41.76000 28.98052 6.97919 0.30000 0.30000 0.00400 rso4
79.06600 42.12100 29.33186 9.92882 0.40000 0.40000 -0.00500 rkt4
74.74200 41.72600 27.98932 6.58818 0.40000 0.40000 0.00100 rkr4
79.14200 41.96400 29.22899 11.72856 0.80000 0.80000 0.00800 rka4
75.19500 43.17400 27.00672 3.08197 0.50000 0.50000 0.01400 rga4
74.25200 41.91200 27.79887 6.19559 0.30000 0.30000 0.00700 ral4
73.62700 41.28800 26.09704 7.60640 0.40000 0.40000 0.00000 pur4
75.08800 40.57800 28.46347 11.08379 0.40000 0.40000 0.00700 ptu4
78.86100 42.62000 29.54431 8.43015 0.40000 0.40000 0.00100 pto4
78.92600 42.72100 28.94368 8.83097 0.40000 0.40000 0.00400 psh4
78.29200 42.54700 29.05035 8.53926 0.40000 0.40000 0.00000 ppr4
78.07600 43.20800 29.46564 4.44165 0.70000 0.70000 0.01700 pkz4
80.22800 43.75600 29.74140 5.51279 0.40000 0.50000 0.00600 pdb4
79.06000 42.39600 29.53604 9.52850 0.40000 0.40000 -0.00300 pch4
80.04000 43.99400 29.74674 2.61538 0.50000 0.50000 0.02000 pan0
75.13000 40.84800 27.86802 10.68409 0.40000 0.40000 0.00400 pak4
74.07600 40.43600 26.87600 11.99955 0.40000 0.40000 -0.00400 oyt4
72.74300 40.52200 27.09444 8.41987 0.40000 0.50000 0.01300 osh4
77.91800 42.44000 28.25502 9.24381 0.30000 0.30000 0.00300 orgo
75.98300 41.57700 28.06835 9.17124 0.80000 0.80000 0.03500 ona4
67.67000 40.29100 27.35681 6.70229 0.40000 0.40000 0.00300 okt1
74.54900 42.04000 28.29729 5.59292 0.30000 0.30000 0.00500 ogi4
75.84900 41.43300 27.96801 11.57262 0.70000 0.70000 0.02500 obo4
78.37400 42.68400 28.65254 7.13833 0.40000 0.40000 0.00200 ntp4
79.21000 43.13900 29.74722 5.82654 0.40000 0.40000 0.00400 nte4
73.76300 40.88000 25.88666 10.10360 0.40000 0.40000 -0.00300 nsb4
74.69000 41.82000 28.09063 6.98966 0.40000 0.40000 -0.00100 nrk4
79.21000 42.66500 29.53850 9.72654 0.40000 0.40000 0.00400 nkr4
78.23800 42.40600 27.24942 10.44036 0.80000 0.80000 0.01200 njt4
77.94600 42.24800 28.35081 10.64299 0.40000 0.40000 -0.00400 njk4
75.73000 41.87500 27.77677 7.37481 0.80000 0.80000 0.00300 ngs4
80.00000 42.59900 31.02632 9.51657 0.70000 0.70000 0.01200 nba4
76.25500 41.44600 28.46156 11.26734 0.40000 0.40000 0.01600 nar5
73.31800 42.17500 28.71577 4.61126 0.40000 0.40000 0.00700 mus4
73.79600 38.13700 22.33881 25.30242 0.60000 0.60000 0.00500 murg
78.11200 42.43900 28.75143 9.54158 0.40000 0.40000 -0.00400 mun4
76.57200 41.12900 27.55235 12.76185 0.90000 0.90000 0.04700 mud4
75.03800 41.66900 28.08278 7.18472 0.30000 0.30000 0.00400 mol4
79.32300 42.75700 29.43851 9.22494 0.50000 0.50000 0.00100 mnj4
73.04500 42.24800 28.02179 4.01506 0.40000 0.40000 0.00900 mkr4
73.34100 42.52400 27.22193 3.30987 0.50000 0.50000 0.01000 mer4
70.15700 40.03500 28.42069 4.26092 0.60000 0.60000 0.03300 mdg4
76.47800 43.15500 27.78738 4.26409 0.40000 0.40000 0.00700 may1
78.50100 44.22500 27.67471 2.13582 0.60000 0.60000 0.01500 mat4
73.22100 41.57200 27.60754 6.91220 0.40000 0.40000 0.01200 ljm4
68.52600 38.32300 20.50823 7.78810 0.60000 0.60000 0.01200 ledi
69.93300 39.77400 28.11918 6.06462 0.60000 0.60000 0.05700 lam4
78.31400 43.52200 30.06585 4.33911 0.70000 0.70000 0.01400 kzz4
75.97700 40.52300 29.85114 12.67091 0.70000 0.70000 0.01900 kzy4
73.32300 39.37900 23.36749 17.90987 0.70000 0.70000 0.01500 kyzy
75.13500 42.09200 27.98903 6.28269 0.30000 0.30000 0.00600 kyz4
68.71500 37.87400 19.19774 10.78429 0.80000 0.80000 0.01600 kurg
72.83200 43.25300 27.24190 3.21818 0.70000 0.70000 0.00300 kura
75.56900 41.35800 27.87138 10.57671 0.30000 0.30000 0.01200 kun4
75.76100 41.74900 29.07496 7.87417 0.80000 0.80000 0.05000 kuk4
79.85800 43.63000 29.94500 6.01829 0.70000 0.70000 0.02000 kud4
76.19800 42.89500 27.88750 3.26824 0.50000 0.50000 0.01100 kty4
76.38700 42.61900 29.08005 4.96549 0.40000 0.40000 0.02200 kte4
77.74400 44.59200 26.19105 2.24645 0.60000 0.70000 0.02600 ksh4
73.66700 41.34400 27.29662 7.10528 0.50000 0.50000 0.00000 krv4
76.44300 40.73400 28.74810 13.46386 0.70000 0.70000 0.01200 kru4
75.04800 41.48700 28.07981 7.78494 0.40000 0.40000 0.00500 krt4
79.92600 43.02700 29.93357 6.11727 0.40000 0.40000 0.00500 krs4
78.16100 43.48300 28.96883 3.44088 0.60000 0.60000 0.01400 krm4
76.43400 41.12200 28.15414 12.76437 0.40000 0.40000 0.00800 krl6
71.90400 39.49400 27.38780 7.73339 0.60000 0.60000 0.04800 krk4
76.07200 41.78100 28.57024 9.16940 0.30000 0.30000 0.00400 krb4
79.09200 42.16600 30.33308 10.52855 0.30000 0.30000 0.01000 koy4
73.88100 41.80800 27.70109 5.10279 0.50000 0.50000 0.01500 kovk
76.52000 40.91800 28.74926 14.06336 0.70000 0.70000 0.01000 kos4
78.64600 43.45200 29.35994 4.03428 0.40000 0.40000 0.00300 kok4
76.40800 41.89200 27.46763 9.86463 0.70000 0.70000 0.02400 kog4
78.82500 43.02400 29.75006 5.43222 0.40000 0.40000 0.00100 kns4
71.46400 39.87500 27.69918 8.24014 0.60000 0.60000 0.03100 kng4
70.97500 39.74200 28.10484 7.44828 0.60000 0.60000 0.02800 klm4
75.55000 41.01800 27.76622 11.07701 0.80000 0.70000 0.02900 kky4
70.22200 43.27100 27.47905 4.26001 0.60000 0.60000 0.00900 kkt4
75.14600 42.25700 28.09252 5.58363 0.40000 0.40000 0.01000 kko4
76.20500 41.90200 28.17049 9.46729 0.50000 0.50000 0.02300 kkd4
74.92800 41.73700 28.38582 6.68637 0.40000 0.40000 0.00100 kkc4
72.73500 39.67800 27.87976 9.62009 0.60000 0.60000 0.02500 kkb4
72.89400 41.69500 27.31360 6.01697 0.40000 0.40000 0.01400 kka4
73.19000 41.00100 26.09692 8.81180 0.50000 0.50000 -0.01500 kja6
74.06600 42.20400 27.90655 4.89933 0.30000 0.30000 0.00200 kin4
72.29700 40.36200 28.29894 7.42653 0.60000 0.60000 0.03800 khz4
73.67200 44.38000 28.14976 1.90589 0.50000 0.60000 0.00500 kha4
80.35500 43.40000 30.43337 5.61126 0.50000 0.50000 0.00500 ket4
76.05700 42.75900 28.58717 3.46959 0.50000 0.50000 0.01400 kek4
69.82400 42.03600 26.66187 4.46662 0.40000 0.40000 0.01700 kazy
80.00800 42.74000 30.42770 8.71633 0.70000 0.60000 0.01700 kat4
76.84000 41.13200 28.64810 13.15801 0.30000 0.30000 0.00500 kasu
75.96700 43.04500 27.49372 4.57170 0.70000 0.80000 0.00500 kast
75.44300 42.30000 28.58839 5.27884 0.30000 0.30000 0.00600 kas4
76.77600 41.73300 28.85958 10.95889 0.40000 0.40000 0.01900 kar4
76.39700 42.30600 29.27410 5.96570 0.40000 0.40000 0.00800 kal4
72.90400 42.80600 27.73322 5.01620 0.40000 0.40000 0.00800 kak1
76.10100 41.17300 27.76020 12.86931 0.50000 0.50000 0.02400 kai4
69.65000 43.50400 27.59162 3.96950 1.00000 0.80000 0.04000 k121
69.03400 43.37600 26.69757 4.07977 0.90000 0.80000 0.02500 k111
67.17600 44.40100 26.24171 4.61010 0.80000 0.80000 0.02200 k100
75.64500 42.10500 27.78205 6.97652 0.30000 0.30000 0.01400 jua4
78.22400 43.10400 29.06014 4.44027 0.40000 0.50000 0.00400 jni4
73.68600 40.63700 25.78302 9.80500 0.50000 0.50000 0.00400 jlk4
75.33400 43.01100 27.50078 3.08023 0.40000 0.40000 0.00000 jjo4
78.27400 42.29700 28.74679 10.33829 0.40000 0.40000 0.00300 jet4
78.68100 43.25400 29.75578 4.33349 0.40000 0.40000 0.00300 jap4
71.52600 42.90800 27.15497 3.63899 0.60000 0.50000 0.01300 jam4
77.49000 43.26100 28.37420 4.35043 0.60000 0.80000 0.03800 isy5
78.21000 41.60100 30.33566 11.94018 0.40000 0.50000 -0.00200 ish4
79.07000 42.01500 30.43057 10.92870 0.30000 0.30000 0.00300 iny4
78.18800 43.95300 27.87470 2.64034 0.70000 0.70000 0.02300 ili4
73.79600 39.65400 29.26534 12.00242 0.70000 0.60000 0.00300 ikz4
73.06700 42.49300 27.72583 3.81495 0.30000 0.30000 0.00800 hrt4
73.80200 42.42600 27.91348 3.20275 0.30000 0.30000 -0.00600 hon4
76.76700 42.64100 29.07498 4.85940 0.30000 0.30000 0.01000 hok4
77.13900 42.07100 29.06036 9.65350 0.40000 0.40000 0.00900 gta4
78.62100 43.54600 29.46274 4.43327 0.40000 0.40000 0.00500 gso4
78.92100 43.03900 29.64939 5.43037 0.40000 0.40000 0.00300 gku4
76.72500 42.17100 28.76768 7.96013 0.40000 0.40000 0.00900 gko4
78.78700 43.66400 29.26153 5.53185 0.70000 0.70000 0.01400 gbl4
68.51500 37.64200 20.59603 9.28811 0.60000 0.60000 0.01200 gara
80.30800 43.06100 30.32914 6.21241 0.40000 0.40000 0.00100 ese4
76.42200 41.49400 29.26079 12.56472 0.70000 0.70000 0.02500 eng4
74.45200 41.82100 27.79529 6.99292 0.30000 0.30000 0.00500 eme4
75.05100 42.62400 28.10036 4.68510 0.50000 0.50000 0.00700 els4
74.21500 42.61800 27.61168 4.39788 0.30000 0.30000 0.00700 elg4
76.46800 41.82000 28.26579 9.56488 0.30000 0.30000 0.00600 elb4
76.74200 42.07000 29.16531 9.16038 0.30000 0.30000 0.00800 eks4
76.36700 43.00500 26.88584 3.76607 0.60000 0.60000 0.02000 ega4
74.36600 41.47600 27.08958 7.29586 0.40000 0.40000 0.00000 dyu4
68.62500 38.51600 22.91066 14.28697 0.90000 0.90000 0.02600 dusc
78.66800 43.43200 29.25855 4.43412 0.40000 0.40000 0.00400 dso4
79.87700 43.38000 30.03985 6.11697 0.60000 0.70000 0.02800 dor4
73.61900 40.92500 25.79027 10.00662 0.60000 0.60000 0.00800 dng4
74.46900 40.98700 27.97931 9.69319 0.50000 0.50000 0.00600 djr4
73.95600 41.89600 28.00310 6.00093 0.30000 0.30000 0.00500 dje4
66.10600 38.33800 24.93803 10.93016 0.60000 0.60000 0.02000 djan
76.49800 41.24500 28.35601 13.16351 0.70000 0.70000 0.01200 dja4
67.88000 38.23500 26.91432 6.89991 0.50000 0.40000 0.01600 dena
75.76600 43.24500 27.69932 2.87377 0.50000 0.50000 0.01200 dege
72.28600 39.57300 26.68383 10.02658 0.60000 0.60000 0.03100 dat4
75.04100 40.78200 28.26811 10.88489 0.40000 0.40000 0.00500 dar4
78.45700 43.13700 29.75714 5.23713 0.40000 0.40000 0.00000 dal4
74.00200 43.42300 27.52822 2.40014 0.40000 0.40000 -0.00500 chu4
76.05200 41.33400 28.46345 11.96998 0.70000 0.70000 0.01900 cht4
78.97600 43.27100 29.85181 5.02999 0.40000 0.40000 0.00100 chr4
77.07500 42.71900 28.87187 5.55538 0.30000 0.30000 0.01800 cho4
78.37300 43.52900 29.16568 3.53761 0.70000 0.70000 0.00500 chlk
77.84500 43.26700 28.56866 4.44422 0.40000 0.50000 0.00200 chl4
77.73900 41.52700 29.54176 12.44684 0.60000 0.60000 0.00700 chk4
78.87800 43.58400 29.25803 7.13140 0.60000 0.60000 0.00600 chil
75.75000 40.68600 28.85675 13.07423 0.70000 0.70000 0.02100 cek4
72.09000 40.19900 27.19792 9.62888 0.40000 0.40000 0.00600 cauv
68.10400 41.24500 26.76939 5.59565 0.40000 0.40000 0.02000 car1
75.72900 42.74900 28.09229 3.77509 0.30000 0.30000 0.00400 bys4
76.43200 42.81100 27.88235 3.76493 0.30000 0.40000 0.00300 buz4
79.05300 42.26100 30.03484 10.42845 0.40000 0.40000 -0.00100 bur4
75.02000 41.18600 27.47570 10.18474 0.40000 0.40000 0.00400 btr4
70.76500 40.04800 28.21235 5.35026 0.60000 0.60000 0.03300 btk4
70.52000 42.56900 27.16209 4.15586 0.60000 0.60000 0.01800 brl4
71.28300 43.77700 28.77463 3.74218 0.70000 0.70000 0.00400 bost
73.23500 41.64800 27.40824 6.41131 0.40000 0.40000 0.01100 bor4
73.21200 42.76800 27.32908 2.81269 0.80000 0.70000 -0.00100 bok4
75.42600 40.75700 28.36139 12.07958 0.70000 0.70000 0.02000 bke4
75.03000 40.64600 28.46605 10.88495 0.40000 0.40000 0.00500 bet4
70.52400 40.35700 26.82175 8.35575 0.60000 0.60000 0.00800 besh
75.79500 42.81800 28.19242 3.67368 0.30000 0.30000 0.00600 bes4
75.65700 42.95700 27.99660 3.87617 0.50000 0.50000 0.01400 ber4
67.04600 38.17500 26.82396 9.21453 0.60000 0.60000 0.01700 bays
75.08300 41.07900 27.67270 9.88418 0.40000 0.40000 0.00700 bay4
75.01900 41.57600 28.28206 6.58502 0.40000 0.40000 0.00300 bau4
77.61600 42.00800 28.95259 10.74822 0.50000 0.50000 0.03600 bar4
73.26800 39.51300 26.07068 12.31114 0.60000 0.60000 0.02800 bab4
77.11400 43.89700 28.79118 2.95548 0.40000 0.50000 0.00300 azo4
76.96600 43.05900 28.07783 4.45682 0.50000 0.50000 0.00900 ast4
78.14800 43.31000 29.06464 3.84052 0.50000 0.50000 0.00200 ass4
73.49400 42.70000 26.72313 3.00836 0.50000 0.50000 0.01700 asp4
73.53800 40.07500 29.47598 9.60713 0.70000 0.70000 0.05800 ask4
74.82700 40.83800 28.07261 9.88850 0.40000 0.40000 0.00800 arp4
76.66500 41.69300 29.05977 9.96188 0.70000 0.70000 0.02000 arc4
77.75000 41.86000 29.74785 10.64577 0.40000 0.40000 -0.00400 ara4
70.08200 41.10200 27.84128 6.96258 0.60000 0.60000 0.00300 angr
69.51400 39.73700 27.52244 7.47190 0.70000 0.60000 0.06000 and4
77.60300 42.79000 28.86581 5.44785 0.30000 0.30000 0.01400 ana4
74.24400 40.33100 26.77137 15.29581 0.40000 0.40000 0.00600 alun
77.76300 43.90800 28.28018 1.94614 0.40000 0.40000 0.00300 alt4
69.73000 40.82900 27.54144 6.16749 0.50000 0.50000 -0.02700 alm1
72.25800 39.42100 21.48270 14.02634 0.60000 0.60000 0.03500 ald4
76.16700 42.31300 28.87875 6.16789 0.40000 0.40000 0.01300 alb5
79.85100 43.42700 29.94133 5.51825 0.50000 0.50000 0.00200 akt4
76.85400 42.88500 28.77701 4.05810 0.40000 0.40000 0.00400 akk4
78.54200 41.79500 30.43389 11.23536 0.40000 0.40000 -0.00500 akh4
76.95600 42.07300 29.36340 9.65662 0.30000 0.30000 0.00600 akb4
79.96900 42.89600 30.03185 7.21624 0.40000 0.40000 0.00300 aib4
70.02300 40.80000 27.23654 7.76283 0.60000 0.60000 0.00800 adra
75.52500 44.13200 27.31795 2.47698 0.40000 0.40000 0.00000 ada4
72.05000 41.78400 26.32623 4.52996 0.30000 0.30000 0.01000 abd4
73.75500 42.16800 28.61060 5.70382 0.30000 0.30000 0.00400 aac4
80.13000 42.46000 33.02665 5.16420 1.88000 1.37000 0.07600 vba4
79.93000 37.12000 25.03719 16.32315 1.81000 1.55000 0.02800 hota
79.27000 41.99000 28.22075 12.19076 1.42000 1.21000 0.00800 uch4
76.87000 43.33700 28.13450 4.59763 0.66000 0.55000 0.03700 atak
75.29000 42.68000 27.07940 3.53049 0.33000 0.38000 -0.02000 iv12
75.15000 42.65000 26.92620 3.48751 0.34000 0.37000 -0.03000 iv11
75.03000 42.75000 27.19329 3.53695 0.30000 0.34000 -0.03000 iv05
75.03000 42.61000 27.34196 5.11695 0.40000 0.40000 -0.12000 iv17
74.90000 42.67000 27.13863 3.84917 0.29000 0.33000 -0.01000 iv16
74.88000 42.71000 27.07852 4.53674 0.41000 0.43000 0.09000 iv09
74.87000 42.81000 25.28936 2.24953 0.29000 0.32000 -0.04000 iv04
74.84000 42.76000 26.59734 5.48988 0.34000 0.38000 -0.07000 iv8a
74.79000 42.73000 26.05556 4.10581 0.31000 0.35000 -0.08000 iv08
74.78000 42.70000 27.34647 3.83059 0.30000 0.33000 -0.03000 iv8b
74.77000 42.80000 28.94532 2.77338 0.30000 0.34000 -0.01000 iv03
74.77000 42.66000 26.71406 4.88338 0.29000 0.33000 -0.04000 iv22
74.76000 42.68000 27.41550 4.86617 0.60000 0.73000 -0.05000 iv15
74.75000 42.71000 27.37425 -0.47005 1.58000 1.61000 -0.01000 maev
74.71000 42.79000 27.10495 3.42309 1.92000 1.40000 -0.04000 alat
74.71000 42.72000 26.87284 5.69309 0.31000 0.35000 -0.03000 iv7a
74.70000 42.76000 25.75287 4.84587 0.32000 0.35000 -0.07000 iv07
74.62000 42.75000 26.90113 4.43215 0.30000 0.33000 -0.04000 iv06
74.58000 42.66000 25.80966 3.69429 0.32000 0.36000 -0.02000 iv14
74.48000 42.66000 27.53482 4.86913 0.36000 0.38000 -0.08000 iv20
74.48000 42.59000 26.53463 5.02913 0.42000 0.44000 -0.01000 iv21
74.42000 42.78000 27.00534 2.79883 0.60000 0.69000 -0.04000 iv13
74.26000 42.66000 26.68765 4.32136 0.37000 0.39000 -0.04000 iv19
74.07000 42.68000 26.69254 3.72422 0.36000 0.37000 -0.04000 iv18
56.81900 33.48900 25.15885 14.27280 1.58000 1.58000 0.00000 tbas
49.57100 31.48400 25.57039 30.14030 1.50000 1.48000 0.00000 haft
51.83600 27.85000 32.54376 27.49344 1.47000 1.43000 0.00000 dayy
67.16000 30.57000 26.03018 18.96747 0.50000 0.50000 0.03600 surb
80.09800 32.50900 31.34440 16.80615 1.70000 1.30000 -0.02000 shiq
79.69000 35.03000 26.99845 19.72028 0.80000 0.80000 0.00800 bj02
66.26300 28.49100 28.85541 18.21254 0.81000 0.77000 0.01600 sura
66.92300 30.30000 30.24243 20.55104 0.54000 0.51000 0.02800 gulh
67.45000 24.14200 33.72913 32.59837 0.34000 0.31000 0.01900 keti
67.57900 30.22600 32.84256 24.93415 0.54000 0.54000 0.04600 khst
67.70000 30.81600 35.58404 19.92210 0.64000 0.61000 0.03500 musb
67.70400 30.40600 39.39910 21.04301 0.50000 0.47000 0.04300 zart
67.71200 30.19400 36.68254 23.00682 0.66000 0.60000 0.08400 shrg
67.90200 25.89700 34.69583 32.32990 0.30000 0.27000 0.01600 rani
67.94200 30.10500 33.93440 23.68696 0.38000 0.37000 0.03600 hrni
67.95400 30.35400 35.52895 22.57168 0.45000 0.43000 0.01800 chtr
68.26900 24.35300 34.04853 33.32250 0.35000 0.32000 0.01500 jati
68.31200 30.26600 37.88654 22.57172 0.68000 0.68000 0.07700 sanj
68.35200 25.36700 34.98303 33.18577 0.32000 0.29000 0.02000 hydb
68.35300 30.69400 37.82304 20.19749 0.38000 0.36000 0.03900 qlas
68.54400 30.40200 36.54056 18.76217 0.40000 0.38000 0.02500 lori
68.95400 26.04100 32.97077 33.95773 0.51000 0.47000 0.01800 mail
69.00800 25.52500 32.97925 32.83891 0.49000 0.46000 0.03400 mirp
69.37700 25.82400 33.56932 34.20857 0.47000 0.43000 0.02700 khip
69.73500 25.35900 33.68310 33.75412 0.43000 0.39000 0.03300 umer
70.25100 25.10800 34.55360 33.74703 0.52000 0.47000 0.03500 chac
70.76200 24.33700 34.57280 32.28509 0.25000 0.22000 0.01500 turt
71.33200 32.52000 28.91194 31.92464 1.35000 1.43000 0.00000 isak
71.78300 32.70500 30.66485 29.72589 0.48000 0.52000 -0.04200 rikh
72.17300 34.23200 28.64698 31.25389 0.56000 0.60000 0.10100 shah
72.35200 33.13400 30.24350 31.85629 0.30000 0.29000 0.06200 path
72.37400 32.80500 30.26675 33.27519 0.22000 0.21000 0.03600 but1
72.46000 32.60800 30.70052 28.07535 0.26000 0.25000 0.03700 awan
72.47200 32.26300 29.44976 33.30903 0.25000 0.24000 -0.01800 spur
72.79200 31.85600 29.49951 33.36928 0.28000 0.27000 0.04200 lali
72.95400 31.75500 29.81419 34.56432 0.44000 0.43000 0.02900 chin
72.99800 35.11200 25.55365 26.94011 0.33000 0.33000 0.00700 pata
73.19400 34.32900 25.91187 31.07769 0.44000 0.41000 0.00900 mnk2
73.24900 34.42000 25.47102 29.32642 0.65000 0.90000 -0.00100 hazu
73.39100 33.89500 26.28302 29.71398 0.65000 0.67000 -0.00100 mure
73.65300 33.97800 27.51812 32.38217 0.26000 0.26000 0.04300 arja
73.75200 33.87100 29.62928 33.30665 0.26000 0.25000 0.00000 rawl
73.93500 33.93000 28.01571 32.65777 0.38000 0.41000 -0.03300 dhul
74.36300 35.92500 27.33760 28.76870 0.66000 0.65000 0.03300 gilg
74.43100 35.89400 24.61506 23.54177 0.35000 0.35000 0.06400 deny
74.59300 33.99300 26.22948 31.56367 0.94000 0.94000 0.06000 rank
74.88900 34.12000 27.97439 30.19024 1.36000 1.39000 0.00700 nish
75.04500 34.22700 29.76897 27.72077 0.76000 0.82000 -0.10300 sumb
46.84700 43.12500 25.20794 13.13006 0.55000 0.55000 0.00000 zura
46.84200 43.02600 27.85584 12.95223 0.55000 0.55000 -0.00400 dubk
79.43000 29.64000 34.27060 35.96401 0.93000 0.83000 0.00000 rani
79.65000 29.59000 36.95573 35.86747 0.72000 0.65000 0.00000 almo
79.90000 29.78000 34.43810 32.30354 0.77000 0.69000 0.00000 kapk
79.77000 29.82000 33.83468 35.03990 0.73000 0.64000 0.00000 bagr
80.34000 29.76000 36.75625 30.57246 0.84000 0.74000 0.00000 asko
80.09000 29.33000 33.61833 33.60739 0.81000 0.73000 0.00000 cham
80.18000 29.10000 37.22453 34.35022 0.80000 0.69000 0.00000 banb
79.51000 29.21000 34.07031 36.21463 0.78000 0.67000 0.00000 hald
79.08000 29.23000 35.69241 33.20590 0.74000 0.67000 0.00000 ramr
58.24600 25.76500 24.40070 17.49426 1.39000 1.31000 0.00900 yekd
57.57200 25.84500 22.19342 21.67281 1.38000 1.32000 0.00800 band
57.44100 25.84600 24.54236 27.45164 1.36000 1.31000 0.00900 garo
57.37800 26.85700 25.77276 22.08489 1.36000 1.31000 -0.00800 send
57.27000 26.83300 25.59636 20.05874 1.38000 1.33000 -0.00800 zeha
57.26500 26.84300 24.79459 23.24903 1.35000 1.30000 -0.00700 absh
57.24000 26.82700 24.56861 28.21448 1.67000 1.62000 -0.00700 gani
57.05500 26.79500 28.14303 32.18412 1.34000 1.31000 -0.00500 palo
57.49700 27.11000 27.11636 19.29918 1.37000 1.34000 -0.01300 anbe
57.36000 27.12100 24.10015 21.15854 1.33000 1.29000 -0.00900 shar
57.30100 27.06300 25.35762 20.58075 1.36000 1.32000 -0.01000 jafa
57.27000 27.05800 21.85986 19.09874 1.71000 1.67000 -0.01100 doom
57.24200 27.04800 23.58203 26.07496 1.35000 1.31000 -0.00800 kask
57.11100 26.98500 25.35068 27.23271 1.34000 1.31000 -0.00700 gavr
57.02700 27.00900 29.36863 30.81133 1.34000 1.30000 -0.00600 jahg
58.38200 27.83100 27.38455 14.62294 1.37000 1.34000 -0.03600 rahm
57.36300 27.47000 28.21063 22.05876 1.06000 1.00000 -0.02500 gena
57.20700 27.48000 23.55929 21.03098 1.35000 1.32000 -0.01300 nakh
57.10900 27.45900 24.51549 21.07222 1.35000 1.32000 -0.01200 rood
57.08500 27.45300 27.31904 23.07840 1.36000 1.33000 -0.01200 fary
57.03600 27.44400 24.40619 22.11801 1.33000 1.30000 -0.01100 dak1
56.97700 27.42900 25.72159 26.13119 1.35000 1.32000 -0.01000 hoss
56.93600 27.39800 26.99222 27.83973 1.34000 1.31000 -0.00900 emam
56.92700 27.39200 27.49051 28.32205 1.35000 1.33000 -0.01000 esma
59.07600 37.41300 27.19213 4.94617 0.46000 0.46000 -0.00100 jana
44.57500 39.88100 29.14910 16.27636 1.40000 1.30000 0.04400 kho0
54.72300 27.06000 32.52220 28.96394 0.84000 0.70000 0.00000 3461
52.68500 27.36000 28.35026 25.32748 1.58000 1.02000 -0.10500 3457
53.47600 27.73600 30.63133 24.83940 0.92000 0.70000 -0.01200 3451
54.38100 26.93700 31.13846 28.08224 0.78000 0.62000 0.00100 3427
55.32000 27.93900 28.59926 22.18071 0.96000 0.76000 0.02000 3387
54.50300 28.34200 29.97274 23.55948 1.16000 0.94000 0.08000 3165
54.46300 27.75100 30.47219 22.17957 0.98000 0.78000 -0.01800 3157
53.80500 27.91800 28.55737 21.15702 0.84000 0.64000 -0.01000 3142
52.90300 28.39200 27.98305 23.28230 0.98000 0.72000 0.01100 3095
51.55100 28.19100 28.26036 28.50855 1.42000 1.08000 -0.05400 3084
50.75500 29.40200 26.33578 25.80436 1.04000 0.72000 0.00400 3062
52.63900 29.47700 30.59762 20.60789 1.00000 0.70000 -0.04700 3021
55.78000 28.93600 30.04584 18.72268 1.18000 0.86000 -0.02200 2951
55.19000 29.33600 28.08968 17.27370 1.42000 1.20000 0.06000 2943
53.78300 29.33100 28.54959 19.22154 1.24000 0.88000 -0.07900 2696
52.66400 30.05800 28.29688 20.91169 1.08000 0.80000 -0.04600 2661
51.75500 29.73200 23.92062 26.48738 1.26000 0.72000 -0.08100 2647
50.33000 29.93000 26.95995 26.77775 1.42000 0.92000 -0.02000 2604
49.01100 30.66400 24.65138 25.06682 1.10000 0.80000 0.01200 2574
49.47600 31.15700 23.87478 26.71418 1.00000 0.60000 0.05900 2562
50.73400 30.38600 26.82224 25.29748 1.28000 1.04000 -0.02800 2522
51.44200 30.71500 23.10361 22.31531 1.04000 0.64000 -0.04200 2511
52.52100 31.21600 26.85234 21.09716 1.26000 0.82000 -0.06200 2127
50.79900 32.19900 24.74930 21.78262 1.32000 0.88000 0.02600 2081
50.45100 31.53800 21.44736 25.95736 1.10000 0.72000 0.04300 2077
48.81800 32.23300 24.44054 24.83299 1.26000 0.86000 0.04900 1991
49.78900 33.30700 25.86870 24.56772 2.02000 1.16000 0.18900 1531
55.89500 28.31500 31.47534 21.17436 1.60000 1.26000 0.13400 0101
51.41000 35.88200 25.14048 18.82516 0.55000 0.55000 0.00000 gtcl
53.73900 36.23600 23.35985 13.04656 0.71000 0.72000 0.00300 kaho
77.61300 34.13000 27.16514 19.27106 0.68000 0.65000 0.00300 sabu
77.80800 33.97200 27.07356 17.30856 1.25000 1.12000 0.00400 shak
78.66000 33.20900 28.53966 17.16836 0.70000 0.65000 0.00100 nyom
77.42500 32.79800 27.62893 17.74359 1.80000 1.67000 0.00400 srch
76.68900 32.69800 26.78437 23.80218 0.91000 0.89000 0.00100 udai
77.17500 32.63400 24.25633 19.42644 1.44000 1.39000 -0.00600 jipa
75.36300 32.56500 33.74787 31.24715 1.54000 1.37000 -0.00200 hira
75.99300 32.53600 29.28966 29.23145 0.78000 0.76000 0.00000 dalh
77.92100 32.36400 24.46629 18.26898 1.86000 1.66000 0.00500 kaza
75.88100 32.30400 31.71604 31.14169 0.78000 0.77000 0.00000 nurp
76.30700 32.24800 28.90835 29.22682 0.75000 0.75000 0.00000 nadi
77.10800 32.06700 26.95954 24.79716 0.91000 0.89000 0.00000 kulu
76.67300 31.91900 32.22654 34.71165 1.36000 1.29000 0.00100 chbg
76.29400 31.89700 31.89448 30.22645 0.89000 0.88000 0.00000 jwlm
76.81500 31.63400 31.28372 32.01100 0.77000 0.76000 0.00000 rewl
76.30700 31.53800 33.62160 31.80682 1.02000 0.98000 -0.00100 unan
75.93800 31.47900 31.92928 31.21079 0.91000 0.89000 0.00000 boha
78.75400 31.03700 31.94506 23.94908 1.14000 1.10000 0.00300 hars
78.61700 30.80600 31.57210 27.48039 1.14000 1.11000 0.00400 bhat
78.02100 30.45900 33.33638 31.77702 0.73000 0.71000 0.00600 hati
78.11500 30.45200 35.93660 29.76574 1.38000 1.28000 0.03900 bata
78.36800 30.39400 33.45665 31.20301 0.88000 0.84000 0.00400 chmb
79.19400 30.32900 31.59895 30.37302 1.16000 1.10000 0.00600 pokh
77.86000 30.32900 35.33474 32.65903 0.79000 0.72000 0.01400 saba
79.09000 30.29800 33.75754 29.67511 1.29000 1.12000 0.01900 ghol
77.97400 30.28500 35.07371 31.26716 0.77000 0.71000 0.01100 wild
77.63000 30.27600 34.37142 32.13031 0.81000 0.76000 0.00000 qasi
78.18700 30.19100 34.37319 33.00462 0.92000 0.89000 0.00500 doiw
77.86800 30.14700 36.70186 29.55979 1.31000 1.12000 0.01200 moha
77.97900 30.09500 34.89142 36.08776 1.18000 1.10000 -0.00700 raja
78.60800 25.45200 37.72291 32.90990 0.88000 0.84000 0.00200 jhan
77.44700 23.20900 36.97361 33.93445 1.24000 1.21000 0.00100 rrlb
79.87600 23.12900 39.48055 29.86525 1.62000 1.54000 0.00100 jbpr
48.55000 25.24200 31.91557 29.59997 2.38500 0.67700 0.00000 f037
50.74400 24.07700 33.85397 31.29105 2.38800 0.67800 0.00000 f036
49.03900 23.83200 32.79914 30.02312 1.51200 0.42300 0.00000 f035
49.93900 26.67200 30.89111 30.76149 2.39600 0.68000 0.00000 f030
48.29000 28.24300 29.50571 29.54384 1.89600 0.53400 0.00000 f029
45.41800 41.11200 28.54901 18.23749 0.70000 0.80000 -0.11000 aqst
45.46600 41.31600 27.85601 17.92345 1.10000 1.40000 -0.10000 salo
45.69700 40.87300 29.87874 18.35622 0.90000 1.20000 -0.09000 magm
46.31400 40.70800 31.24536 19.47733 0.90000 1.20000 -0.13000 shim
46.50200 41.55900 26.57341 15.82258 1.40000 1.70000 0.01000 mamk
46.53400 40.79600 28.26986 18.51413 1.00000 1.00000 -0.04000 kaha
47.06800 40.57000 30.92561 16.05831 0.90000 1.20000 -0.10000 sama
47.66800 40.48500 30.28650 14.18215 0.90000 1.20000 -0.08000 ucar
47.72900 40.98000 25.59951 13.36275 1.00000 1.20000 -0.06000 ulud
47.74200 39.73600 31.87932 20.25968 1.40000 1.80000 -0.01000 sult
47.93100 40.39100 28.41164 18.40398 1.40000 1.80000 -0.06000 teze
48.12500 39.71300 30.01740 22.44701 1.20000 1.80000 -0.08000 abis
48.25300 40.40100 29.64567 21.60962 1.40000 2.00000 0.04000 quru
48.29500 39.94200 30.63994 21.79664 1.20000 1.70000 -0.09000 101k
48.37800 41.57400 25.37432 13.77090 1.10000 1.70000 0.09000 yukh
48.39800 39.27600 31.33309 23.56714 1.20000 1.50000 -0.05000 karo
48.52800 39.74400 31.55887 19.52819 1.40000 1.70000 -0.09000 yast
48.53500 38.76700 32.63200 23.92552 1.40000 1.70000 -0.07000 almu
48.59000 38.57200 29.73194 22.30941 1.50000 1.70000 -0.06000 hamu
48.61300 39.11300 32.15046 21.00293 1.20000 1.50000 -0.12000 pris
48.66200 39.50300 32.36615 21.68824 1.00000 1.30000 -0.06000 shix
48.74900 38.92600 34.45778 24.96347 1.20000 1.50000 -0.12000 shat
48.84800 39.05700 30.47184 21.63281 1.20000 1.70000 -0.09000 qizi
48.85900 38.69600 31.76117 22.32918 1.50000 1.90000 -0.06000 tuta
48.87600 41.47100 26.02557 12.02212 1.10000 1.70000 0.20000 aziz
48.95400 40.57500 30.71887 10.60045 1.50000 1.70000 0.00000 qinj
48.96400 40.85800 29.62556 12.19806 1.10000 1.50000 -0.06000 tara
48.97000 40.07400 30.61092 12.69562 1.40000 1.60000 -0.01000 gour
49.11000 39.51200 26.11067 15.45508 0.90000 1.10000 -0.02000 duro
49.84700 40.41800 28.80390 10.03271 0.40000 0.40000 -0.12000 komi
56.60770 30.83320 27.15038 20.50238 0.20000 0.25000 0.00600 zrnd
56.77190 35.58960 28.46895 16.46891 0.53000 0.56000 0.01200 zman
57.24850 34.90190 28.83593 15.31245 0.37000 0.54000 0.00800 tptg
47.01460 35.25520 24.11852 23.27239 0.37000 0.35000 0.00100 sndj
51.70610 32.51770 27.31201 21.21233 0.33000 0.12000 0.00500 sfhn
57.68170 30.41220 30.10634 14.92710 0.19000 0.20000 0.00600 sdad
50.46860 34.48420 26.12878 21.46393 0.10000 0.09000 0.02000 salf
46.31120 36.22110 24.86693 24.44115 0.16000 0.23000 0.00400 sagz
60.25360 26.25360 30.31784 11.24478 0.44000 0.37000 0.00600 nksr
57.28840 30.07160 29.57606 21.33185 0.18000 0.16000 0.00800 mhan
53.20340 27.36370 31.15718 27.22028 0.22000 0.14000 0.00800 lamd
48.27870 33.43340 22.98070 23.39562 0.14000 0.13000 0.00900 krad
47.12470 34.35610 26.45249 19.68585 1.17000 0.50000 0.00000 kmsh
46.39740 33.58870 23.87073 26.20055 0.10000 0.10000 0.01600 illm
48.25340 32.66990 23.84403 24.07181 0.27000 0.28000 0.00300 hosn
54.41410 34.04010 27.98417 20.35747 0.59000 0.42000 0.01400 gndg
57.33020 29.23770 31.08607 18.50073 0.41000 0.83000 0.00100 dbst
51.21320 35.72870 26.22105 20.54690 0.44000 0.47000 0.00200 chit
56.32060 27.20720 33.08234 30.09824 0.26000 0.27000 0.00600 brbs
50.21690 30.60570 24.76308 26.89684 0.11000 0.11000 0.01600 bebn
56.04610 31.84070 28.58611 19.34060 0.10000 0.10000 0.01900 bahd
57.89730 26.45720 28.64736 18.87956 0.48000 0.34000 -0.00300 angn
48.21350 30.37780 27.98811 29.33156 0.12000 0.10000 0.01500 abdn
45.06000 37.62000 25.60000 26.20000 0.40000 0.30000 0.00000 oryh
47.14300 40.19000 28.56574 20.13143 1.20000 1.25000 -0.01100 ayaq
47.14600 40.62600 26.83943 13.62071 0.98000 1.01000 -0.01100 yevl
47.28600 40.58000 30.96797 19.70690 1.50000 1.50000 0.00200 mlay
47.64700 40.80000 29.26662 18.95947 1.09000 1.14000 -0.01100 qurd
49.44600 40.20300 33.30626 9.12845 1.06000 1.09000 0.01800 sang
80.78000 29.53500 32.86600 30.37700 0.20000 0.20000 0.00000 ddl0
78.05000 30.32000 33.30000 35.91000 0.65000 0.64000 0.00000 dehr
69.85200 23.35400 35.24084 34.35137 0.09000 0.06000 0.00000 huba
70.14200 23.28500 35.32973 33.96794 0.09000 0.06000 0.00000 chad
70.37300 23.86600 35.17511 32.27238 0.08000 0.06000 0.00000 gibf
70.69400 23.89800 35.36466 31.60326 0.08000 0.07000 0.00000 gadh
70.40800 23.60900 34.03622 32.45907 0.08000 0.07000 0.00000 ekal
69.76600 23.92200 32.27680 34.71442 0.29000 0.31000 0.00000 khav
69.71300 23.99100 34.16086 31.44395 0.35000 0.21000 0.00000 kuar
69.39500 23.02500 35.95556 33.76050 0.18000 0.27000 0.00000 vand
69.19600 24.21500 34.76998 31.78027 0.17000 0.17000 0.00000 vkot
70.34900 23.30000 35.45968 33.57779 0.19000 0.10000 0.00000 bhac
70.43100 23.42500 35.40908 32.71346 0.21000 0.11000 0.00000 vamk
70.57100 23.47500 35.36744 33.15006 0.13000 0.10000 0.00000 bada
70.65800 23.55900 35.04762 33.02649 0.27000 0.12000 0.00000 rapa
70.68600 23.74200 35.93716 31.95176 0.18000 0.13000 0.00000 desa
70.80100 23.87400 35.74109 31.73332 0.50000 0.29000 0.00000 bela
71.61700 23.81900 37.30783 32.99249 0.22000 0.16000 0.00000 rada
72.66800 23.15900 36.10461 33.20464 0.27000 0.11000 0.00000 isrr
72.77900 24.65300 36.31538 33.07321 0.15000 0.17000 0.00000 mabu
56.30785 27.20391 32.15351 31.78210 0.21000 0.19000 0.00000 babs
58.88126 28.93733 28.07255 13.63621 0.22000 0.20000 0.00000 fhrj
43.03700 42.37697 25.52158 8.62326 0.61000 0.93000 -0.03000 gr05
43.03900 42.10448 26.38919 11.43756 0.89000 0.97000 -0.01000 gr02
43.29560 41.77900 27.09814 12.96959 0.34000 0.36000 -0.00000 bjmi
43.32070 41.45798 27.81554 12.18356 0.64000 0.70000 -0.00000 gj02
43.40090 42.48827 25.27642 13.82594 1.39000 1.43000 -0.01000 sfre
43.86400 41.46125 24.51638 11.45004 0.66000 0.73000 0.00000 gj08
