80.34100 34.43800 -0.94280 17.77270 0.29876 0.14969 0.00300 j315
75.76800 37.84000 -2.14311 20.32689 0.40965 0.44536 0.00112 i407
80.23900 41.14300 1.75257 14.93902 0.47007 0.39196 0.00300 i061
46.16200 36.90800 -2.41644 13.89949 0.37535 0.40549 0.00544 mian
77.59997 34.12824 -4.62750 19.11514 0.63486 0.66818 0.01017 rscl
78.97324 32.77875 -1.98259 19.35768 0.40925 0.42911 -0.00025 iaoh
48.38800 38.95200 4.71686 12.62540 0.33987 0.37468 -0.00200 yard
48.41900 38.70600 4.46737 12.25312 0.31038 0.32306 -0.00183 gosm
60.17900 27.86500 3.13743 2.99099 0.84256 0.61578 0.00740 bazm
53.56400 35.66200 -0.20091 8.75601 0.47694 0.35814 0.00717 semn
56.07000 33.36900 0.22331 9.88729 0.39167 0.42890 0.00350 roba
50.74800 32.36700 -2.41549 12.84145 0.45388 0.44491 -0.00417 shah
47.93000 36.23200 -2.39381 13.19907 0.49382 0.46920 0.00333 bija
46.42700 33.64800 -2.84658 16.89051 0.62578 0.54393 0.01478 ilam
47.12300 37.36800 -2.68365 13.35010 0.58538 0.67479 0.01714 khor
71.48703 34.00406 1.36222 26.00126 0.49980 0.83982 -0.01520 nceg
67.11287 24.93144 5.94148 28.70169 0.22679 0.31380 -0.04180 kchi
57.30800 37.81400 -2.20230 2.80261 0.95171 0.40055 0.00880 shir
51.76800 36.58600 -3.72182 10.53374 0.63547 0.52471 0.00500 nosh
46.09300 39.53600 3.72921 10.21047 0.37433 0.42115 0.00760 nora
54.00400 26.88300 2.50908 21.58201 0.76261 0.54853 0.01420 lamb
43.06167 40.58126 1.37665 4.42003 0.32547 0.51692 -0.00100 kars
45.66100 39.83700 4.14476 9.84918 0.36088 0.48680 -0.00880 jerm
48.92200 37.76400 1.89132 11.66039 0.41671 0.39643 -0.00700 hash
53.63100 28.62400 -0.56700 16.10536 0.63735 0.47463 -0.01040 got2
54.31600 29.23900 -1.01045 13.40602 0.87441 0.45385 -0.00900 tmn2
54.83200 29.36300 -0.91716 13.90663 0.41672 0.29233 0.00460 bes2
56.50400 28.52900 4.18201 14.39078 0.54766 0.53490 -0.01480 dena
57.11900 30.27700 0.14209 15.60751 0.29873 0.30247 0.00525 kerm
57.21700 28.01000 1.40988 15.04377 0.63461 0.50505 -0.00480 ghol
53.14600 30.08700 -1.55515 13.44880 0.66591 0.42816 -0.01740 saa2
54.12600 29.92300 -1.73817 14.41525 0.38507 0.28746 0.00660 kho2
54.19900 36.86000 -2.53299 5.73098 0.43131 0.45233 0.00720 kord
51.79900 32.25000 -2.70831 13.97904 0.52541 0.51873 0.00140 qoms
45.88700 38.22800 1.27799 12.23949 0.32111 0.37139 0.00500 shab
48.23100 38.47700 4.16581 12.20164 0.34554 0.34738 -0.00160 arbi
80.14800 28.96300 6.39730 34.58911 0.89465 0.44314 0.06150 mahe
43.80726 40.09727 2.19850 6.25177 0.25216 0.39791 0.00160 sa24
43.95094 40.10820 2.21753 6.77090 0.26160 0.36110 0.00240 sa14
43.78196 41.12119 1.45659 6.09208 0.24755 0.38036 0.00060 bav4
73.45965 38.95657 -5.86741 19.89092 0.73519 1.78227 0.00767 krka
73.61774 38.56029 -6.83419 20.00745 1.03962 0.72799 0.00367 akba
49.12000 41.06600 0.25267 0.87117 0.42648 0.56142 0.00225 siye
49.42600 40.02500 4.38389 1.93148 0.70240 0.43488 0.00475 shik
56.94600 27.48800 -0.85020 19.24699 0.77924 0.63759 -0.01700 sarz
51.88500 35.22325 -0.43930 10.14429 0.49052 0.55783 0.01200 pish
43.89110 41.53702 0.60909 3.93622 0.30972 0.38552 -0.00900 nino
57.62000 26.99300 -0.14844 13.37505 0.81666 0.67262 -0.01633 mosh
57.10000 27.16000 -0.49831 22.16436 1.16372 0.96084 -0.01933 mina
52.15700 35.86800 -1.48268 7.90114 0.43235 0.55844 0.01250 mehr
43.75300 42.97798 0.56056 -0.22214 0.50745 0.74231 -0.02575 mats
48.40900 30.24600 -1.26324 18.41636 0.59456 0.63979 0.00525 khos
49.23700 39.81800 4.44963 6.40911 0.94965 1.00623 0.00000 khid
56.23300 26.20800 3.15891 24.76299 0.87467 0.64930 0.00825 khas
43.34085 38.54932 -4.88032 13.10427 0.48259 0.35016 0.01100 kal2
55.86700 27.65100 1.05885 19.35605 0.79752 0.72726 -0.01367 fino
52.05900 35.70100 -1.92450 8.82446 0.31942 0.45847 0.00925 dama
48.71700 39.49700 5.14341 12.13950 0.27152 0.27911 0.00000 bile
43.95440 40.60902 1.53884 7.19555 0.34471 0.38527 -0.00750 arti
52.58600 35.70100 -2.35254 8.37789 0.35906 0.37212 0.01000 amin
43.76795 40.97218 0.72918 6.27788 0.36087 0.34963 -0.00150 amas
53.06600 28.34700 -1.06332 16.63584 0.75094 0.46529 0.00025 isl2
53.24400 29.28100 -1.22911 14.12187 0.75098 0.45638 0.00025 svr2
53.63700 27.85200 -0.44805 15.83595 0.74077 0.56242 0.00025 big2
54.32000 27.64400 -0.15207 18.32025 0.67253 0.52122 0.00300 lar2
57.88400 27.90100 0.73414 12.45258 0.70746 0.77417 -0.02667 sorc
53.42070 35.58820 0.31296 9.77549 0.38696 0.26916 0.00050 smnn
54.60800 30.07900 0.31279 13.41045 0.32918 0.27764 0.00350 hara
51.38600 35.74625 -0.93120 12.78798 0.58869 0.53704 0.00650 tehr
51.25500 34.15000 -2.70403 12.86380 0.50271 0.33796 -0.00150 ksha
50.45800 33.15700 -3.03012 13.14334 0.50765 0.52812 0.00425 khon
49.85100 35.14000 -2.11109 13.32384 0.50515 0.53193 -0.00050 ghar
49.66800 33.07300 -0.94429 13.74984 0.50299 0.52513 0.00000 shol
48.95200 34.25600 -3.62923 15.51932 0.50107 0.52937 -0.00050 joza
45.04900 39.29700 4.62712 10.04833 0.48578 0.54578 -0.00033 jam1
45.60500 38.95200 4.10411 11.42317 0.63575 0.98200 0.00450 jolf
46.26500 38.73600 4.79544 9.78254 0.78835 0.66780 0.00200 khav
47.86900 37.92900 3.20026 13.40526 0.47258 0.50015 0.00267 orta
48.00500 37.16900 -0.77513 12.88821 0.49342 0.97007 0.00850 agka
48.81400 36.76400 -0.47241 11.34532 0.24418 0.32916 0.00100 bada
51.98625 35.79300 -1.44796 9.87265 0.41010 0.39084 0.01175 abal
52.28510 36.58820 -4.15362 6.71903 0.37380 0.28618 0.00650 mahm
44.09100 40.17800 2.05792 6.28119 0.31155 0.43394 -0.00900 met4
44.81000 40.15950 1.80648 7.92964 0.32540 0.39268 -0.00700 geg4
45.20900 40.19800 2.60329 8.41187 0.31504 0.34969 -0.00025 era4
44.27600 40.73600 1.20257 6.76118 0.30609 0.45776 -0.00600 cho4
44.28700 40.38100 1.76676 6.78785 0.29229 0.36507 -0.01025 bur4
50.98870 35.08780 -1.50359 11.72552 0.23214 0.35977 0.00425 chsm
71.38148 38.19034 -15.53282 12.14765 3.10681 0.78722 -0.01700 yzgu
71.66436 37.84072 -10.43669 14.38759 0.13403 0.16822 0.04933 khuf
71.77781 37.29699 -9.19842 17.42094 0.20049 0.16523 0.05967 brao
76.97792 40.84425 0.07983 12.24211 0.33225 0.81613 0.01433 qiqi
78.96607 39.87701 0.08593 16.58374 0.24195 0.64993 0.01167 akta
77.12400 28.48133 5.43117 33.14692 0.97791 1.17936 0.00033 delh
47.73900 33.05700 -3.72424 17.05670 1.14750 1.13894 0.00450 gori
47.42900 32.69200 -1.60093 16.53701 1.16635 1.15663 0.00450 delo
44.75000 37.53400 -3.66155 15.33429 0.40109 0.47506 0.01840 bala
68.60963 38.74163 0.27684 1.63336 0.76480 0.92692 0.02833 tdpa
68.37073 39.08443 -0.77427 2.43939 0.57829 0.53639 -0.01833 srya
71.67505 38.51807 -13.29860 13.69473 2.49604 1.44175 -0.08800 seda
69.27726 38.85301 -2.16101 3.71153 0.74134 1.20061 -0.16300 obga
70.20123 39.12043 -1.47844 3.81569 0.63648 0.43846 -0.05350 kmra
69.57617 37.98390 -4.93275 5.56829 0.64392 0.42224 -0.02900 gf19
71.66297 38.00319 -12.16424 13.35527 1.13107 0.75657 -0.14633 emta
69.42127 38.58522 -1.30823 2.24292 0.74910 0.56778 -0.07367 duba
73.41514 37.79332 -4.94016 19.66194 0.79670 0.90847 -0.00200 bzra
73.10580 38.55378 -6.38751 18.03782 1.01686 0.80699 0.00450 atsa
73.27965 38.90243 -7.01049 15.22313 1.40535 1.04068 0.00600 ajla
73.12010 37.46110 -4.94202 18.59589 0.94559 0.91332 0.00350 abla
44.36400 41.03100 2.39968 5.37675 0.47618 0.43354 -0.00300 step
46.76000 39.75300 4.30542 10.48385 0.37600 0.39698 -0.00200 shou
47.25000 41.13200 0.24373 5.53191 0.31662 0.45663 0.00067 shek
48.52900 41.59500 -0.13610 1.39170 0.44919 0.61181 -0.00067 samu
49.02000 39.67600 5.82406 6.65615 0.80349 0.91960 0.00333 saly
43.40000 42.34889 1.32195 4.92652 0.46132 0.53667 0.01200 sacc
57.23700 26.37900 1.70167 23.93061 0.93853 0.78839 -0.00600 poos
48.33582 32.41771 -2.53244 17.19042 0.91965 0.46042 -0.00433 nilo
44.52600 41.83100 0.52070 5.94924 0.30209 0.32101 0.00467 nich
44.11400 40.17800 1.74390 7.04246 0.39042 0.44357 -0.01233 mmor
48.55100 40.61400 2.15774 2.30797 0.49859 0.97610 -0.00100 medr
43.53990 42.48545 0.23658 -0.38064 0.54290 0.62114 -0.00267 leso
48.14800 40.33300 3.25028 10.10048 0.48049 0.59760 0.00233 kurd
45.79500 41.95100 -0.71546 4.70203 0.41634 0.39542 -0.00800 kudi
47.86300 40.97500 -0.24484 3.97061 0.38658 0.57531 -0.00133 kebe
46.51100 41.65200 -0.15396 4.90260 0.49644 0.42429 -0.00100 kate
46.75800 40.18400 3.27787 10.63276 0.44808 0.44866 -0.00133 kasp
45.13900 40.90700 2.81704 7.14275 0.31927 0.34044 -0.00200 ijev
46.36700 39.51100 4.55172 10.43029 0.23670 0.30441 -0.00533 gori
56.16200 27.36600 3.67690 21.38202 0.93255 0.81199 -0.02250 genp
44.74200 40.14900 1.73337 8.84004 0.61066 0.79768 0.00133 garn
44.85900 40.52600 0.13209 4.87705 0.68241 0.52074 -0.00500 gaga
55.65700 27.00000 4.56071 24.54760 0.94615 0.80706 -0.01700 bagh
51.08190 28.91900 0.04924 20.90355 0.46032 0.43830 0.00300 alis
48.68443 31.33965 -1.47059 19.69032 0.67961 0.69048 0.02200 ahva
44.67744 43.04631 -0.31070 1.70048 0.55001 0.46286 0.00000 vlkk
52.75200 29.79800 -0.24482 13.91178 0.87754 0.77182 0.00000 marv
53.02900 28.47700 -1.52731 15.85619 1.08709 0.62856 0.00033 qir2
54.70000 28.64500 -1.45577 13.85885 1.03485 0.60766 0.00067 deh2
55.80000 28.33000 2.72785 15.23084 0.67090 0.53559 -0.00067 razd
59.18800 33.66300 -0.86994 4.51010 0.44629 0.52737 0.00233 qae2
58.86900 35.10800 -0.00068 4.75095 0.44719 0.46772 -0.00467 dogh
58.21500 34.55800 -0.79342 6.31959 0.43422 0.48316 -0.00133 baje
55.90600 35.98800 0.63997 8.97438 0.52936 0.50907 -0.00767 biar
59.19700 35.49500 -0.49151 2.43866 0.45010 0.44958 -0.00967 gard
57.58900 35.91500 -0.65573 5.65603 0.43971 0.43191 -0.00467 darg
60.29600 33.65400 0.02245 0.33412 0.55365 0.93241 -0.00500 shkh
58.53133 33.01900 -0.60384 7.72698 0.55095 0.62840 0.00400 toti
52.56800 31.22800 -1.36727 13.67258 1.04269 0.77377 0.00000 abad
53.30800 31.12300 -1.12501 13.20393 0.95267 0.79073 0.00000 abar
52.60700 27.47400 0.00767 23.34167 1.15958 1.09017 0.00000 osl2
52.10600 28.85100 -2.54252 19.18284 0.60800 0.56251 -0.00333 far2
52.05600 27.83400 0.31883 22.02786 0.64830 0.59071 -0.00333 kan2
51.43000 31.22500 -3.04087 13.32417 1.10579 0.98624 0.00000 semi
50.57800 30.99000 0.03715 16.93216 0.85211 0.88436 0.00000 deda
50.53100 31.80800 -4.17330 15.14371 0.93952 0.92156 0.00000 krd2
50.09800 32.48200 -3.76577 17.10922 0.94170 0.91928 0.00000 chel
50.02600 30.32500 -1.58058 19.87294 1.05847 0.96417 -0.00033 sard
49.32800 32.03700 -3.18728 19.82521 0.96344 1.51947 0.01500 sole
69.13000 34.57400 2.40167 8.09728 0.53525 0.32301 0.03400 kbul
66.12940 26.18228 6.33934 25.11286 0.44482 0.40660 0.01167 shfd
65.60532 26.39270 5.42972 13.22615 0.53521 0.50283 0.02067 zhao
65.22591 26.44925 5.09132 12.37032 0.74085 0.68747 -0.03600 bedi
64.10960 26.97782 1.58996 2.03635 0.45405 0.44479 0.02400 pang
64.63393 25.20879 2.56825 12.90892 0.84744 0.77816 0.00750 orma
44.42800 38.48900 -1.82474 12.12612 0.63292 0.82888 -0.02100 ghot
46.60300 38.17800 2.70669 11.56107 0.68276 0.43344 -0.00400 varz
47.15700 38.98400 5.04279 11.64069 1.45229 0.88393 0.00833 pirm
47.74400 39.51300 6.91187 14.75670 0.30649 0.80391 -0.00700 damo
51.80800 34.97700 0.38875 10.44925 0.86812 0.61822 0.03367 moba
51.81200 35.73000 -1.64903 10.20952 0.28389 0.30429 -0.00067 boom
52.04300 35.49200 -0.92202 9.64533 0.39810 0.41161 0.01267 tang
52.30500 36.20600 -2.82041 9.70744 0.56206 0.47080 0.02400 heli
77.17200 28.54400 7.16134 31.34042 1.06047 0.67580 0.00000 jnuc
54.35327 36.87576 -3.58151 6.94925 0.38509 0.60001 0.00000 grgn
44.19000 41.18500 1.36323 4.66712 0.39853 0.50183 -0.00800 kiz4
49.81200 36.69900 -1.57136 12.35791 0.41219 0.45278 -0.00133 gho1
49.62440 37.32300 -2.30998 12.83156 0.09401 0.24916 0.00367 rsht
48.89100 37.18700 -0.35493 11.04250 0.42459 0.46897 -0.01000 marg
47.27100 38.27000 3.09657 11.77425 0.62932 0.68751 -0.00033 taza
50.05210 34.67600 -1.72498 12.41302 0.23651 0.37176 0.00433 tfsh
44.95400 38.20700 3.54170 13.44187 0.56635 0.38117 -0.00200 ggsh
48.18300 36.60700 0.31042 11.61656 0.40132 0.45679 -0.00900 dand
51.83013 36.20720 -2.30432 9.81004 0.21702 0.26113 0.00667 mf09
77.57533 34.71067 -3.16297 19.50277 1.09136 0.76280 0.00133 pan2
74.42274 37.52025 -4.18321 21.83941 0.33617 0.24485 0.02150 sala
71.23276 38.40411 -10.47673 13.18288 0.38384 0.62313 -0.15100 pish
72.36575 37.37560 -6.71677 17.21825 0.42020 0.44733 0.02550 javs
73.78485 37.67811 -6.12263 20.30384 0.41740 0.23478 0.01650 guru
70.29236 40.19404 -1.24652 4.35915 0.39777 1.10069 0.00950 cap1
78.99000 37.11000 -1.75605 17.98252 1.18616 0.60386 0.00000 i417
79.77400 37.13500 -3.12117 17.45659 0.67339 0.63546 0.04550 y035
75.12400 39.69700 -1.12139 14.55993 0.90554 0.66115 0.00650 wuqo
75.51000 39.31100 1.26831 19.64767 0.40228 0.97361 -0.01750 wupa
78.03200 36.34900 -3.68057 19.52082 0.55983 0.54987 0.01550 v407
75.38800 40.51700 -0.34958 11.19324 0.39149 0.38986 0.00400 turg
75.21100 37.84700 -5.87527 24.51377 0.94019 0.87903 0.01150 taxk
77.24800 38.41200 -2.59423 20.64742 0.72267 0.61279 0.00150 shac
78.43619 39.95010 -0.86115 17.44918 0.76395 0.57184 -0.00600 sanc
75.40400 40.09400 0.42763 11.40893 0.32138 0.39972 0.02500 qiak
76.69000 37.86200 -3.41372 20.71880 1.00000 1.00000 0.03300 kosr
80.88500 44.12000 -0.11451 4.44105 1.21116 0.66386 0.03150 korg
76.46300 38.65600 -1.49187 20.43105 0.40815 0.40837 0.00200 kizi
77.90600 37.25800 -3.52824 19.43197 0.75806 0.82152 0.02750 keli
75.47900 38.85300 0.04322 21.90729 0.35590 0.35317 0.00400 gaze
77.00100 36.44400 -3.61693 20.93928 0.44749 0.50228 0.01500 g0bk
77.32328 40.33156 1.69367 11.79959 0.56862 0.86053 0.00200 aj02
80.04100 29.83800 3.52843 29.68106 0.50000 0.50000 0.00000 chok
80.19400 30.35900 -4.78887 11.43931 1.20000 1.10000 0.00000 burf
43.54350 42.56341 -0.02194 -0.09300 0.49245 0.51686 -0.05450 gr10
43.39970 42.49966 0.18564 1.83898 0.46471 0.51279 -0.07650 gr09
43.28010 42.63684 -0.44143 1.93000 0.59284 0.69267 -0.02400 gr08
43.03880 42.53952 0.69994 1.18476 0.83385 0.54321 0.01450 gr07
43.00490 42.10176 0.81772 3.41734 0.44028 0.47675 -0.00150 gr01
80.23214 26.52143 7.66748 34.23545 0.55630 0.58117 0.00000 iitk
79.41105 29.36835 3.50559 31.44630 1.14000 1.21000 0.00000 i020
48.17500 33.40600 -1.01068 16.80419 1.50000 1.48000 0.00000 kora
45.57300 28.52700 1.69440 19.11109 2.25700 0.63900 0.00000 f040
45.35400 26.57900 3.03822 19.05470 2.06200 0.58200 0.00000 f039
46.68200 24.74400 4.20083 19.78243 1.34805 0.45743 -0.11270 f020
71.49677 37.56157 -11.86890 11.96700 1.19070 0.90550 0.00000 shug
69.78009 35.25127 -2.03540 9.52210 0.72490 1.12330 0.00000 pan3
69.65021 35.29980 -2.71990 10.80210 0.56220 0.64810 0.00000 pan2
69.63162 35.40181 -4.71340 7.80040 1.22180 0.89980 0.00000 pan1
72.76384 39.91728 1.68683 0.63497 1.50000 1.77000 -0.04300 pamb
71.33661 39.24137 -4.48838 4.93346 0.95353 1.24273 -0.13200 lhsq
70.73578 36.93562 -8.73314 15.91252 1.04793 0.57978 -0.05450 kash
69.24540 38.34592 -8.95355 5.18448 1.40425 1.40311 0.01750 gf20
70.32621 38.77699 -17.85871 6.55693 0.79405 0.72039 -0.05700 gf05
70.35333 38.73343 -18.91281 8.26151 1.07615 0.80467 -0.00250 gf04
70.59466 37.08359 -9.81815 15.04746 1.42485 0.99467 -0.08150 fyz2
68.66728 37.37260 -7.80564 0.20930 1.06660 0.43520 -0.07900 dusa
70.89490 36.99090 -7.81628 18.50670 0.73275 0.73219 0.00200 bah1
69.26227 35.64383 -2.93170 7.19770 0.92360 1.01010 0.00000 bag1
70.19908 37.15119 -7.61385 11.40470 0.64197 0.61734 -0.03150 arg2
70.43921 37.05828 -9.52270 13.16338 1.57978 0.53960 -0.00350 arg1
44.82600 41.37700 5.09058 4.93127 2.35115 1.09559 -0.00050 shul
58.56900 23.56400 5.02664 26.58611 0.64421 0.53061 0.00150 musc
46.45900 39.31500 3.23954 12.00201 1.18341 0.75154 0.04300 karm
44.14495 39.55561 2.89473 7.96280 2.51534 0.97518 0.00000 dbyz
60.69400 25.30000 0.24187 7.60364 1.94376 0.78792 0.00250 chac
45.34100 40.12400 2.06979 8.68842 1.60000 1.11000 0.00000 astg
43.90134 42.78800 -0.31568 6.64162 1.25000 1.49000 0.00000 tsey
44.09384 42.53309 -1.01841 2.16337 0.81325 0.85718 0.00000 dzmg
44.29099 43.19988 -0.95341 1.57545 0.55643 0.66931 0.00000 ardn
58.46360 35.29267 0.54544 5.77895 0.55122 1.29519 0.00000 yas1
77.23787 43.30099 -1.17141 2.92424 0.60500 1.03200 0.00000 tal2
70.94615 38.89600 -11.67844 10.73713 0.86737 0.84697 0.00000 shkc
70.17210 37.94960 -14.60085 8.33286 1.50268 0.71522 0.00000 gf17
69.81920 37.92290 -17.46205 7.25287 0.13984 0.36115 0.00000 kulc
76.29818 40.81641 0.05171 11.68225 0.27801 0.23742 0.00500 kul4
75.96714 40.71713 -0.34904 11.48142 0.35519 0.42653 0.00400 aks4
74.34700 33.39500 1.51074 29.61824 0.40829 0.61926 0.00500 rauj
74.48400 34.09500 -1.19238 29.19785 0.48132 0.84134 0.04000 mulg
74.97400 34.35300 -1.01351 25.99926 0.70411 1.05615 -0.04300 nara
75.03450 33.59550 -0.04158 28.11496 2.05974 0.86912 0.03300 kulg
75.27200 34.10000 1.22697 28.29638 0.81381 0.90611 -0.01800 aruu
74.83700 34.12950 -1.16058 26.88969 0.15734 0.96315 0.00250 conv
75.32500 34.29200 -1.01639 26.01032 0.70335 0.86791 0.09150 son1
75.76850 34.42400 -2.59442 25.89690 0.88834 2.04651 0.00900 dras
76.16200 34.55900 -1.36663 22.91432 0.45249 0.83146 0.00700 karg
68.61630 37.93440 -6.72046 2.13327 1.00630 0.78873 0.00600 gana
61.51700 31.04900 0.74774 1.98235 0.76544 0.70434 0.00750 zab0
53.82214 32.31303 -0.88928 13.79395 0.44963 0.49202 0.00500 ros3
72.49800 41.98000 -0.70838 2.61720 0.44925 0.53066 0.00600 uzu4
75.08600 43.37900 -1.31967 1.91546 0.42526 1.10173 0.00250 urd1
73.82400 42.32000 -0.59326 1.67305 0.45716 0.56431 0.00650 tus4
77.64100 43.31250 -0.25724 3.21280 1.32922 0.49215 0.00350 tur4
73.16000 41.89500 -0.89852 2.62010 0.40124 0.55710 0.01550 tor4
73.55500 42.20600 -0.02679 3.40860 0.38093 0.42846 0.00950 suu4
72.92000 42.41000 -1.48124 1.95883 0.65952 0.54909 0.01350 ska4
73.20100 42.23500 -0.78716 1.52188 0.47174 0.69141 0.01050 otm4
76.33900 43.89400 -1.16437 0.60864 0.55847 0.44822 0.00350 kut4
70.60100 41.66900 -1.59378 1.23696 0.46538 0.62683 0.00950 kum4
70.94000 42.78300 -1.72913 0.12026 0.50756 0.49045 0.04350 ktau
72.36700 42.59300 -1.36248 0.79293 0.60764 0.80243 0.00900 ken4
71.57900 42.20200 -1.41223 1.23681 0.46642 0.55694 0.00700 kbu4
72.87500 41.96600 -1.04976 1.88535 0.48592 0.73833 0.00600 chy4
71.72100 42.01500 -1.35860 1.52380 0.43337 0.60406 0.01250 cha4
71.79200 41.49500 -1.96555 2.67158 0.49537 0.60365 0.00900 boz4
71.46000 41.36200 -1.49440 2.31132 0.30000 0.30000 0.00700 ala4
72.14500 41.55700 -2.34815 3.10177 0.42482 0.42757 0.01050 akj4
71.80000 40.11000 -2.55771 5.91141 1.15708 0.69503 0.09350 djd5
55.70700 29.30400 0.04103 14.92074 1.24891 1.14574 0.00100 srjn
56.58000 29.23910 1.14006 14.40665 0.94022 0.84681 0.00650 baft
56.69000 29.59600 1.08179 14.88006 0.90651 0.80412 0.00200 lale
58.42800 28.78400 5.36497 10.03627 1.16359 1.09606 0.00150 ba09
58.67500 28.96000 5.03417 7.53614 0.92012 0.84411 0.00300 ba38
58.46900 28.89800 2.66746 8.97978 1.13967 1.07564 0.00200 ba36
58.52300 29.13700 2.78529 7.73930 0.90465 0.82954 0.00300 ba12
57.91700 29.64200 2.23812 10.00115 1.21936 1.14845 0.00150 hrmk
58.19500 28.88800 4.68759 10.88159 1.18663 1.10748 0.00150 ba35
58.27800 28.94400 3.83264 9.85370 1.22694 1.15758 0.00150 ba34
58.14100 29.07800 2.45801 11.44497 1.17136 1.09327 0.00150 ba32
58.13000 29.18700 2.30738 11.02042 1.16090 1.08026 0.00150 ba31
57.96700 29.31600 3.14420 9.88427 0.91054 0.82637 0.00250 ba30
57.94000 29.10500 4.63672 9.95324 0.91235 0.82143 0.00300 ba14
58.07400 29.23000 1.08236 10.93318 1.20005 1.13653 0.00150 ba13
58.30500 29.14900 1.11076 11.80852 1.12589 1.06556 0.00150 ba07
57.58400 29.76200 1.04456 14.10354 1.20303 1.14029 0.00100 rain
57.46500 29.37100 2.02034 14.34141 1.22011 1.15355 0.00100 hsad
59.95500 32.57800 1.31455 5.37285 0.87948 0.88859 0.00200 sarb
59.93700 32.98800 1.12414 5.08174 0.76163 0.77072 0.00200 nogh
60.36000 35.00200 0.52711 -0.19803 0.58859 0.55247 -0.00050 bakh
60.50200 31.57300 1.22335 2.09951 0.89788 0.89781 0.00250 hajt
57.76000 30.53700 -0.13932 8.73971 1.22251 1.16400 0.00100 cmcv
60.04700 31.57300 0.84770 5.74809 0.97014 0.96634 0.00200 neba
58.31900 32.48400 1.02273 7.60507 1.15550 1.14784 0.00100 abgr
58.82100 32.75500 0.39448 6.31110 0.86914 0.86480 0.00150 khsf
59.29700 31.19600 1.54486 6.74758 1.17663 1.15653 0.00100 desl
56.36500 31.41300 0.77254 11.20784 0.83455 0.78065 0.00150 kati
57.04600 31.20600 2.53036 11.43417 1.21070 1.17397 0.00100 abjn
57.39700 32.49200 -0.67222 9.34219 0.93894 0.92660 0.00100 nybd
56.80920 31.25200 0.75729 11.87551 0.48293 0.78173 0.00550 ravr
55.92900 31.71300 -0.29971 12.28835 0.81506 0.76040 0.00150 send
56.44500 30.77500 -0.64374 13.42597 1.19568 1.14133 0.00100 iraj
56.72100 29.99700 0.11149 15.14557 1.26847 1.19466 0.00100 brsr
55.79100 31.41600 -0.12515 11.16489 1.19505 1.14906 0.00050 gotr
55.88500 30.01400 0.37650 13.82029 1.25439 1.17527 0.00050 srch
55.10750 30.14620 -0.37000 13.67759 0.69486 0.65995 0.00750 sbak
53.48000 26.97000 2.70267 20.58885 1.04116 0.95896 0.00050 bmg2
48.92500 31.18800 -2.96008 20.70827 1.13046 1.11371 0.00450 awaz
48.67800 32.65700 -3.97928 17.99140 1.11715 1.10876 0.00450 dezf
48.50600 33.77200 -4.60925 14.36636 1.11539 1.11427 0.00450 boru
52.23500 29.61700 -1.33046 15.01829 1.08393 1.03470 0.00000 yagh
51.77500 28.40000 -0.45592 18.02779 1.12669 1.06894 0.00000 shan
51.35800 30.61000 -2.16735 15.84904 1.10658 1.06308 0.00000 sepi
52.17900 30.72600 -0.01301 11.71404 1.07488 1.03513 0.00000 sede
51.81400 29.94500 -1.72940 15.04593 1.10793 1.05982 0.00000 dash
50.98000 30.10900 -0.81113 18.03454 1.12325 1.06008 0.00000 bamo
68.82000 27.72800 4.07143 29.55653 0.12513 0.08396 0.00100 siba
67.29100 30.43700 2.77183 19.39021 0.36290 0.44034 0.04400 kach
66.87000 30.56800 1.13326 14.93212 0.74086 0.76824 0.01150 sarn
66.66000 30.73050 1.54389 12.05252 0.27753 0.20419 0.02000 qila
66.58700 30.83000 3.54045 12.03878 0.72108 0.62806 -0.01500 shbg
66.45100 30.91400 0.06942 6.43516 0.27013 0.16027 0.00650 chmc
62.32033 25.14408 4.96011 7.59494 0.24157 0.22573 0.01900 gwad
63.46840 25.25882 4.13320 16.89276 0.78981 0.70422 0.01200 pasn
66.22359 26.19502 5.38441 28.93306 0.35005 0.36490 0.00600 lakc
66.60140 29.10583 4.72201 17.79519 0.52778 0.50834 0.00900 kalt
71.60800 36.00100 -4.29177 19.09814 0.62425 0.52802 -0.02800 uchu
71.85200 35.27200 -1.31185 23.13984 0.63412 0.50622 0.00100 qlnd
71.93300 34.57200 0.63328 27.05294 1.72521 0.33621 0.01150 mala
72.36200 32.72150 1.31789 26.91930 0.60433 0.65150 0.01900 cnji
74.81700 34.10900 0.91880 29.81110 1.59791 1.29417 -0.01750 knew
61.03400 36.60100 -0.49251 -0.34563 1.37752 0.48805 0.00800 yazt
43.38160 42.57828 -0.87222 -0.55470 0.71848 0.63533 0.00150 khur
78.68000 29.84800 9.52737 32.47303 1.55000 1.45000 -0.00200 lans
58.51500 36.43800 1.54548 3.25485 0.49856 0.46655 -0.01250 zvng
58.43100 37.57000 -1.18421 2.09637 0.52425 0.42512 -0.01300 sham
55.95600 37.84450 -4.74216 5.62613 0.49015 0.47617 -0.00600 mar2
59.64040 36.39130 -0.08445 0.93777 0.49380 0.41332 0.00250 kalt
56.26400 37.04200 -0.99024 7.90251 0.44967 0.41843 -0.00650 grme
57.42700 37.15900 0.40063 4.41277 0.52003 0.46862 -0.00700 esfa
45.36700 40.11400 3.48715 8.46587 0.55821 0.70195 0.00000 zol0
45.90800 40.20400 4.53465 8.67865 0.58379 0.66056 -0.00400 zod0
45.05500 40.30700 2.25916 8.39829 0.59037 0.74812 -0.00100 tsa0
45.68600 40.11700 3.28678 8.94048 0.60715 0.66954 -0.00800 sub0
44.52800 40.75300 2.41928 6.23116 0.56839 0.86727 -0.00450 sha0
44.71800 40.52000 2.05428 6.70375 0.67396 0.66296 -0.00600 raz0
44.55000 40.84000 2.12874 6.43722 0.53296 0.81466 -0.00350 pam0
44.59300 41.05500 2.47099 6.44772 0.52277 0.75140 -0.00300 odz0
44.65700 40.10100 1.78575 7.38866 0.58963 0.66246 -0.00300 kar0
45.09400 40.92000 2.97538 6.57605 0.58349 0.78116 -0.00500 eno0
44.67900 39.84000 4.09666 6.95548 1.08032 0.91377 -0.00100 ara4
45.64500 40.09900 3.42543 8.16132 0.65201 0.65873 0.00100 akh0
48.99300 40.87000 0.67059 2.46124 0.64801 0.66581 0.00300 kiza
78.70400 33.19100 -1.71929 18.46006 0.60000 0.60000 0.00000 muth
78.17800 34.03100 -3.14863 18.21040 1.13964 0.50746 0.00000 tngs
78.41400 33.99900 -2.12779 17.57307 0.60000 0.60000 0.00000 lkng
77.52200 34.82300 -1.92497 19.31221 0.70000 0.70000 0.00000 tksh
77.56700 34.72700 -2.70331 19.78297 1.25957 0.58455 0.00000 pnmk
77.61900 34.56800 -1.24140 19.56633 2.12387 0.53227 0.00000 trth
48.04900 39.01300 5.56927 10.99048 0.58203 0.69467 -0.01450 mogh
48.45800 38.00000 3.91628 11.73851 0.58082 0.67879 -0.01750 hefz
49.21100 36.19600 -2.52859 9.47491 0.46119 0.47913 -0.00050 krmd
51.63200 35.34400 -0.89903 12.46027 0.19861 0.48269 -0.00050 vrmn
51.72400 35.55000 -0.59484 11.04511 0.29775 0.33456 0.00900 tn06
51.51500 35.63300 -0.44985 11.14884 0.35964 0.39893 0.01000 tn05
51.40900 35.49500 -1.41404 13.03346 0.33844 0.38157 0.00950 tn04
51.37900 35.36600 -0.90892 12.57885 0.35055 0.39576 0.01050 tn03
51.17000 35.20300 -0.80335 12.71359 0.33089 0.37956 0.00850 tn02
51.00000 35.49300 -1.16903 12.94248 0.50389 0.53199 0.02100 tn01
50.74500 36.14380 -3.27292 11.38142 0.32385 0.21027 0.00050 tlgn
51.56800 35.80800 -3.33554 11.17454 0.37584 0.40995 0.01150 tf20
51.52200 35.77400 -1.84042 12.09937 0.30584 0.34365 0.00950 tf16
51.42500 35.83300 -1.39520 12.29852 0.36728 0.39863 0.00950 tf09
51.25700 35.81200 -1.74527 12.62891 0.31522 0.35298 0.01000 tf01
51.88420 35.27720 -1.04412 13.25245 0.12048 0.32233 0.00300 shor
51.71100 35.57420 -1.13606 10.71966 0.55315 0.35596 -0.00050 rtcl
51.97100 35.63015 -1.13373 9.83931 0.22444 0.44573 0.00200 plzi
50.04500 36.40100 -2.38586 11.12857 0.55053 0.60546 -0.00150 neya
51.79470 35.05290 -0.82963 12.10724 0.24361 0.25016 0.00550 mobk
51.10800 35.75300 -1.57538 10.62287 0.24849 0.30513 -0.00050 mf17
51.66500 35.72400 -1.31575 11.66439 0.25474 0.29564 -0.00050 mf16
50.63200 36.00900 -1.26026 11.28066 0.33138 0.37225 0.00100 mf13
50.54300 35.22700 -1.19781 11.87134 0.31675 0.37018 0.00050 mf06
51.27700 35.49300 -0.81471 11.92848 0.32608 0.35979 -0.00100 mf05
52.11700 35.25800 -2.06418 11.40155 0.26933 0.30922 0.00150 mf04
51.88500 35.64900 -1.55077 10.63520 0.24713 0.28909 -0.00050 mf03
51.95500 35.68300 -1.45045 9.72095 0.31295 0.34533 -0.00200 mf01
50.74700 36.00685 -1.88790 11.28761 0.23763 0.25787 0.00750 hsgd
54.98900 36.43000 -0.24010 9.84644 0.51022 0.52069 0.00950 ghab
50.84000 35.76490 -1.47384 11.60967 0.30826 0.28007 0.00200 fopm
51.16600 35.40915 -1.35781 12.30774 0.43463 0.42162 0.00750 foim
53.02500 35.70500 0.18844 10.06493 0.54316 0.57342 0.00000 bash
51.07490 35.92840 -1.72402 10.14572 0.16059 0.45497 0.00050 arng
50.60060 35.58830 -1.68132 11.52146 0.21808 0.22011 0.00550 akht
52.09120 35.66120 -1.71184 8.62578 0.32957 0.50644 0.00500 absd
50.93010 36.78590 -3.30688 9.82508 0.17185 0.20401 0.00700 tkbn
51.30980 36.68500 -3.52977 9.26168 0.42300 0.58798 0.00450 nkad
51.99400 35.76300 -1.89558 9.47110 0.34764 0.38162 0.01100 tn07
53.49200 36.67900 -4.76409 8.01619 0.53567 0.55450 0.00800 sha1
51.57420 36.40310 -2.88637 9.61257 0.24367 0.38731 0.00400 pool
52.06400 35.84980 -2.00521 8.96506 0.35426 0.19984 0.00250 plor
51.61300 35.98800 -2.52121 11.39470 0.25621 0.29544 -0.00750 mf15
51.31500 36.15000 -1.28152 11.77362 0.39862 0.42627 0.00800 mf12
51.30400 36.39400 -2.66756 11.21858 0.34620 0.38043 -0.00100 mf10
52.00800 35.89700 -0.54666 8.49565 0.25464 0.29624 0.00000 mf07
51.79700 35.80100 -1.10561 10.13537 0.25513 0.29486 0.00050 mf02
52.81100 36.07800 -2.63720 7.97863 0.49253 0.51245 0.00050 larz
51.64570 35.98500 -1.84420 10.39042 0.32685 0.20030 0.01250 garm
50.73200 36.62300 -1.55266 11.00101 0.53885 0.57363 0.00200 bond
80.63600 29.01200 6.26223 34.52595 1.11210 1.17509 0.00000 shp0
80.72100 29.52700 5.08415 28.89108 1.11876 1.06331 0.00000 shb0
80.60200 29.33400 5.79010 33.39193 0.90141 0.90834 0.00000 dad2
77.19200 32.31700 -2.24233 20.69630 0.93741 2.58469 0.00100 koth
78.15500 30.34200 5.01998 31.34248 1.05758 0.78343 0.00550 dhou
80.94300 26.89100 9.27258 34.25414 0.67730 1.22410 0.00000 luck
46.03050 40.89950 3.27428 7.84814 0.74320 0.73294 -0.08300 dash
62.31832 27.39024 2.54878 3.07177 0.22275 0.28883 0.00150 srvn
51.09860 35.48680 -1.18419 11.47258 0.22825 0.22269 0.00250 rtkm
57.76989 25.63753 1.54866 13.30681 0.21534 0.33598 0.00300 jasc
59.44851 27.48216 3.06293 6.39020 0.47999 0.20926 0.00400 glmt
60.65113 25.28080 2.49417 5.81093 0.31270 0.71107 0.00050 chbr
46.05190 37.36990 -2.34909 12.17993 0.72223 0.44497 0.00000 bnab
73.19227 37.67443 -6.43156 18.17817 0.71000 0.74000 0.04300 sasi
74.42732 38.06191 -4.73853 20.09386 1.05000 1.13000 0.03000 kash
71.30000 39.24582 -2.69986 7.84527 0.83000 0.90000 0.04400 jir0
79.92600 36.74300 -4.62216 15.74716 1.20000 1.10000 0.05800 p008
76.00000 39.48000 0.49244 16.81282 1.30000 1.20000 0.01900 p007
77.17500 37.39600 -3.11586 18.52301 1.00000 1.00000 0.03100 koky
80.78100 41.38000 1.48997 14.75474 1.00000 0.80000 -0.01300 kara
76.85600 38.44900 -2.01241 19.12024 1.00000 0.80000 -0.23000 as25
44.18380 24.26430 4.51182 18.50719 0.39000 0.30000 0.00000 ry70
48.46080 28.48400 2.11226 20.39893 0.44000 0.39000 0.00000 kafj
71.87100 23.12500 8.64120 30.82644 1.40000 1.00000 0.00000 porr
72.07500 23.08500 6.20684 34.62064 1.30000 1.00000 0.00000 hasa
80.15100 30.43800 2.05817 17.42296 0.80000 0.80000 0.00000 mila
80.15300 30.02400 4.56794 29.42372 1.40000 1.40000 0.00000 bala
80.16500 30.40200 -4.11938 20.22829 1.30000 1.20000 0.00000 belj
80.19500 30.06100 7.06186 23.93969 1.10000 1.10000 0.00000 khal
80.20300 30.28500 7.65123 26.44273 1.10000 1.20000 0.00000 lasp
80.20500 30.32300 0.53264 17.84349 1.40000 1.30000 0.00000 mart
80.23000 30.18000 5.31236 16.35298 1.40000 1.40000 0.00000 rail
80.24300 30.14600 0.13343 27.15792 1.50000 1.30000 0.00000 lila
44.68800 42.30400 -0.69000 3.54000 0.75000 0.88000 -0.02200 gk12
44.67200 42.22500 -0.25000 2.99000 0.46000 0.55000 -0.08000 gk11
44.50200 41.55800 2.71000 4.56000 0.59000 0.74000 0.04100 gk04
44.46800 42.52500 0.10000 3.81000 0.59000 0.58000 -0.19800 gk14
44.41800 41.37900 2.38000 4.01000 0.51000 0.57000 -0.06200 gk03
44.32500 41.21600 2.97000 3.72000 0.56000 0.66000 0.06400 gk01
44.31000 41.27400 2.17000 4.48000 0.82000 0.99000 -0.16500 gk02
76.65230 31.72160 1.99242 32.85674 0.04000 0.04000 0.00000 smpr
79.52310 29.23080 8.26219 32.47883 1.61000 1.36000 0.00000 i017
79.44640 29.33590 5.89710 30.89657 1.76000 1.59000 0.00000 i016
79.33680 29.29520 4.30957 30.54477 1.65000 1.51000 0.00000 i015
79.18710 29.30480 5.08969 32.03135 1.62000 1.46000 0.00000 i011
79.23190 29.35710 8.43686 33.57434 1.74000 1.59000 0.00000 i010
79.26840 29.37530 6.71579 31.47493 1.52000 1.41000 0.00000 i009
79.31870 29.35250 7.34674 32.23952 1.75000 1.53000 0.00000 i006
79.78700 29.67410 4.85939 31.68540 0.08000 0.07000 0.00000 dhlc
79.67080 29.61520 6.66255 28.49168 1.61000 1.53000 0.00000 almr
79.54880 29.54650 6.66628 32.35628 1.45000 1.41000 0.00000 jnvn
79.49660 29.50040 6.73871 32.14114 1.44000 1.54000 0.00000 chra
79.38740 29.34660 3.51677 33.79946 1.31000 1.27000 0.00000 mngl
79.37680 29.32840 7.11773 35.83638 1.75000 1.54000 0.00000 gtgh
79.31430 29.27430 4.76073 35.76825 1.19000 1.14000 0.00000 nygn
78.85690 29.14860 6.05926 34.21557 0.04000 0.04000 0.00000 thkd
77.33590 31.12310 2.00445 33.78468 0.17000 0.15000 0.00000 theo
77.13090 31.04400 3.35917 33.75530 1.58000 1.57000 0.00000 sghi
77.10710 30.96920 5.87206 33.28841 1.47000 1.47000 0.00000 kngt
77.02440 30.89760 3.89547 32.49446 1.15000 1.11000 0.00000 dhrm
76.98790 30.83680 4.36807 32.13389 1.63000 1.58000 0.00000 koti
76.93850 30.81390 2.36942 31.45959 1.31000 1.27000 0.00000 tipr
76.91150 30.73940 3.12249 32.59177 1.23000 1.21000 0.00000 bkta
76.76090 30.76740 2.94301 30.90817 0.07000 0.06000 0.00000 chd1
76.54360 32.43970 -3.26497 26.19528 0.09000 0.11000 0.00000 brmr
76.13560 32.11810 1.15780 28.53725 1.45000 1.43000 0.00000 mnai
75.86510 31.95280 1.98567 31.48903 1.48000 1.49000 0.00000 bbmb
75.68490 31.96820 0.98772 31.76694 0.12000 0.11000 0.00000 muke
72.32132 36.94987 -5.59568 18.60796 1.47000 1.71000 -0.10700 wakh
70.76688 38.57607 -16.52793 9.24284 0.57000 0.62000 -0.01500 hrba
71.26913 38.31464 -14.60200 15.47644 0.94000 1.01000 0.00200 gf14
71.02796 38.46641 -15.19977 10.54746 0.66000 0.73000 0.02400 gf13
70.81086 38.44668 -15.32366 10.60541 0.55000 0.60000 -0.07300 gf12
70.57610 37.12601 -12.61222 16.34835 1.36000 0.60000 -0.03500 fayz
71.59451 36.71915 -7.62026 20.11959 1.58000 1.80000 0.01500 eshk
46.16200 39.12600 0.22220 13.66324 1.33000 0.86000 0.00000 kajr
55.91800 28.30200 -1.64437 17.53568 0.86000 0.64000 0.00000 haji
55.89500 28.29400 -1.81275 17.93963 1.49000 1.04000 0.00000 haj2
62.21764 34.35124 -1.61711 0.30195 0.54000 0.43000 0.02400 afht
43.77480 42.46077 -0.18655 1.08232 0.85000 0.87000 0.00000 erts
43.64462 42.52383 -0.37433 0.96223 0.88000 0.90000 0.00000 kvys
44.06981 42.29531 0.31112 1.31072 1.38000 1.40000 0.00000 sat2
44.26345 42.50759 0.93122 2.25576 0.84000 0.85000 0.00000 ermn
44.16839 42.70424 0.51365 1.91363 1.50000 1.54000 0.00000 hil2
44.22501 42.74177 0.37112 0.94681 0.85000 0.85000 0.00000 bugt
44.23598 42.79405 1.36557 1.85936 1.00000 1.02000 0.00000 tlap
44.23704 42.80343 0.27647 1.38961 0.84000 0.84000 0.00000 fgdn
44.28388 42.83373 0.39431 1.36051 0.86000 0.87000 0.00000 kadt
44.50935 42.84145 2.41879 1.58311 1.20000 1.22000 0.00000 kani
44.66105 42.96074 -0.60578 2.24858 1.15000 1.17000 0.00000 trdn
44.66632 42.98591 0.14638 1.16982 1.21000 1.24000 0.00000 tvlm
44.65286 43.06393 0.79660 2.33667 1.29000 1.38000 0.00000 tngm
44.59759 43.08795 1.45573 1.03374 1.26000 1.30000 0.00000 tngp
44.56842 42.96677 -0.46431 2.21691 1.03000 1.05000 0.00000 gavt
44.56752 42.98476 -0.73222 1.98670 1.54000 1.64000 0.00000 gvso
44.40130 43.02614 0.44185 1.98789 1.09000 1.12000 0.00000 fdzf
44.42103 43.06797 -0.14580 0.47249 1.12000 1.15000 0.00000 frsv
44.20406 42.95967 2.45764 1.48193 1.20000 1.27000 0.00000 atam
44.22888 42.99575 1.95873 1.34771 1.21000 1.25000 0.00000 avbm
44.23297 43.00764 0.52958 0.40866 1.21000 1.25000 0.00000 avbc
44.24625 43.04089 1.27173 1.38175 1.52000 1.60000 0.00000 anbk
44.26352 43.06419 0.26230 1.16577 1.23000 1.27000 0.00000 atsc
44.25969 43.13208 0.32038 1.31488 1.14000 1.17000 0.00000 armn
43.59540 43.49573 -0.56861 0.70086 0.88000 0.88000 0.00000 naln
43.91623 42.38236 -0.08163 2.59508 0.94000 0.94000 0.00000 uo01
44.29582 42.82656 -0.42788 1.23329 0.69000 0.68000 0.00000 latz
44.28200 43.75125 -0.56103 0.65008 0.69000 0.69000 0.00000 prtn
44.46140 42.74240 -2.12645 2.32191 0.79000 0.95000 0.00000 krmd
43.93680 42.31540 -1.70120 3.46985 1.15000 1.25000 0.00000 kehv
43.94450 42.40620 -0.07238 1.20163 1.55000 1.82000 0.00000 hvce
43.89650 42.20540 1.05182 3.05051 0.83000 1.02000 0.00000 hetg
44.11940 42.59650 -1.81234 2.73224 0.93000 1.16000 0.00000 rook
44.00370 42.42490 -2.22731 3.98537 1.13000 1.27000 0.00000 mzgm
43.04620 44.67770 -0.97659 2.20455 0.10000 0.11000 0.00000 vlkz
47.68958 40.95798 0.72967 6.07786 0.72600 0.68400 0.00000 qabl
74.06120 37.52290 -5.48000 19.99000 1.72000 1.00000 0.00000 ynga
70.71050 38.68840 -17.57000 11.04000 1.68000 0.92000 0.00000 gf02
70.62520 38.74860 -14.01000 9.15000 1.76000 0.70000 0.00000 gf03
70.23830 38.79880 -16.95000 6.06000 0.69000 0.65000 0.00000 gf01
70.18890 38.83400 -15.43000 1.37000 1.44000 1.02000 0.00000 gf06
69.93550 38.90640 -3.53000 1.62000 0.89000 1.01000 0.00000 gf07
69.86040 38.00610 -15.22000 6.00000 0.86000 0.75000 0.00000 gf18
68.85870 39.11230 1.57000 6.15000 0.61000 1.13000 0.00000 ygna
75.67163 39.98507 1.68696 14.37310 0.42000 0.46000 0.00000 tl02
78.15874 40.86606 1.50628 16.03312 0.16000 0.16000 0.00000 nj35
77.65893 39.84470 0.94367 16.10826 0.28000 0.27000 0.00000 nj33
77.97955 39.93970 0.57451 17.11118 0.24000 0.19000 0.00000 nj32
77.37491 39.82183 3.06582 14.87598 0.20000 0.20000 0.00000 nj31
77.78555 40.65515 0.51933 15.84495 0.32000 0.29000 0.00000 nj28
77.64376 40.38457 1.56783 15.39387 0.15000 0.15000 0.00000 nj27
77.32059 40.47353 2.24565 13.16024 0.18000 0.20000 0.00000 nj26
77.62087 40.60436 1.58857 14.67723 0.15000 0.15000 0.00000 nj25
77.59527 40.81826 -0.05052 14.66982 0.22000 0.24000 0.00000 nj24
76.94008 39.87462 0.41331 15.95005 0.21000 0.19000 0.00000 nj21
75.79772 40.06746 2.29849 13.31955 0.22000 0.20000 0.00000 nj20
76.16264 40.01209 2.28021 14.47507 0.14000 0.16000 0.00000 nj19
76.28474 40.14320 2.04419 14.85039 0.15000 0.17000 0.00000 nj18
76.01982 40.10546 1.71658 14.43376 0.14000 0.15000 0.00000 nj17
75.97510 39.80999 2.37444 15.06083 0.15000 0.15000 0.00000 nj14
75.93803 39.89645 2.47871 13.84011 0.15000 0.15000 0.00000 nj13
76.08007 40.36318 0.68747 13.66119 0.27000 0.28000 0.00000 nj12
75.88312 40.27778 0.92664 12.77424 0.19000 0.20000 0.00000 nj11
77.19436 40.04964 0.29772 13.01368 0.36000 0.38000 0.00000 kp31
78.28669 40.60224 1.85202 15.11021 0.55000 0.63000 0.00000 kp21
78.11136 40.52430 0.62981 16.09939 0.55000 0.61000 0.00000 kp20
77.79106 40.40482 0.91724 16.12655 0.37000 0.39000 0.00000 kp18
78.36287 40.48960 0.05596 15.96230 0.54000 0.60000 0.00000 kp17
78.17896 40.42889 0.93467 16.29898 0.56000 0.61000 0.00000 kp16
77.99147 40.45312 2.61754 16.60463 0.42000 0.46000 0.00000 kp15
77.49297 40.34224 4.44749 14.34018 0.43000 0.47000 0.00000 kp13
77.32142 40.28657 2.18688 14.29048 0.48000 0.52000 0.00000 kp12
79.04838 40.30917 1.97259 15.46111 0.40000 0.43000 0.00000 kp11
78.84569 40.36635 2.71653 14.22231 0.38000 0.41000 0.00000 kp10
78.67889 40.28526 2.10396 14.98394 0.39000 0.42000 0.00000 kp09
78.31170 40.19858 3.52290 16.33747 0.37000 0.41000 0.00000 kp08
78.11134 40.15625 1.92276 15.60938 0.36000 0.39000 0.00000 kp07
77.93379 40.15090 2.53419 14.88792 0.45000 0.51000 0.00000 kp06
77.76699 40.11799 -0.00562 15.99958 0.41000 0.44000 0.00000 kp05
77.59165 40.11254 2.11597 13.60877 0.40000 0.44000 0.00000 kp04
77.43487 40.10798 3.26750 13.01335 0.40000 0.43000 0.00000 kp03
78.83473 40.14845 0.92669 16.37914 0.40000 0.43000 0.00000 kp02
79.28682 40.48509 1.90945 15.94028 0.18000 0.17000 0.00000 js29
79.06555 39.71688 -2.21316 17.58609 0.65000 0.70000 0.00000 js28
78.99082 40.03849 0.43084 17.27441 0.33000 0.34000 0.00000 js26
78.81116 39.80842 0.29222 17.03230 0.25000 0.23000 0.00000 js25
78.80858 40.61722 5.80871 16.26155 1.11000 1.18000 0.00000 js23
78.52247 40.55531 2.93781 15.13858 0.20000 0.19000 0.00000 js21
78.20913 40.71712 0.99834 15.86773 0.28000 0.27000 0.00000 js20
78.38822 40.28320 1.75611 15.72965 0.18000 0.19000 0.00000 js19
77.99454 40.54203 1.73176 14.89552 0.22000 0.22000 0.00000 js18
77.90123 40.81614 0.60619 15.61848 0.17000 0.19000 0.00000 js16
77.13034 40.24040 1.73705 12.12514 0.21000 0.22000 0.00000 js15
77.38228 40.79465 0.69069 13.55811 0.17000 0.19000 0.00000 js14
76.94420 40.37995 1.17586 13.71124 0.32000 0.30000 0.00000 js13
76.63485 39.99213 0.04244 13.70169 0.35000 0.35000 0.00000 js11
77.30946 40.22841 0.67436 11.41702 0.51000 0.46000 0.00000 g0bf
43.13980 41.08865 0.36000 4.82000 0.22000 0.27000 0.00000 cild
43.16953 40.68534 1.32000 5.66000 0.12000 0.14000 0.00000 karh
43.18629 41.29482 0.24000 4.76000 0.44000 0.48000 0.00000 acil
43.34671 40.86220 0.78000 5.99000 0.23000 0.27000 0.00000 arpc
43.41679 40.37823 1.04000 6.50000 0.37000 0.47000 0.00000 digo
43.58468 37.26364 -4.53000 16.50000 0.48000 0.36000 0.00000 ckrc
43.63264 40.74238 1.43000 5.60000 0.21000 0.24000 0.00000 akyk
43.66118 40.08017 2.60000 6.45000 0.33000 0.43000 0.00000 tzlc
73.96900 34.64200 -4.63255 16.39509 1.59000 1.48000 0.00000 kern
74.05500 34.08400 -0.67727 27.32347 0.91000 0.98000 0.00000 urii
59.47000 36.30900 -0.57753 2.46015 1.12600 1.08800 0.00000 msh0
69.18200 34.52200 0.45488 9.55736 1.77500 1.23700 0.00000 afk0
74.37900 42.30200 -0.83791 2.60417 0.40000 0.40000 0.00200 zkk4
75.00900 41.09200 -1.25311 8.17750 0.40000 0.40000 0.00600 zba4
73.20700 41.33500 -1.86952 5.48449 0.70000 0.60000 -0.00400 yzg4
75.74100 41.97900 -0.70989 6.37790 0.30000 0.30000 0.00700 yuz4
68.96700 38.85400 -2.24224 4.54031 0.60000 0.60000 0.00300 warz
76.98100 42.02100 -0.14480 8.81853 0.40000 0.40000 0.00400 vtu4
76.74400 42.04000 0.46389 8.35410 0.40000 0.40000 0.00600 vtg4
74.99900 42.22100 -0.46686 3.97440 0.30000 0.30000 0.00700 vse4
76.33600 42.18500 0.88692 5.93994 0.40000 0.40000 0.00500 vkr4
78.83300 42.89800 0.88037 5.53062 0.50000 0.50000 0.00100 vke4
79.39200 42.54600 1.24035 8.58543 0.40000 0.40000 0.00400 vka4
77.86300 42.03100 0.03355 9.96259 0.40000 0.40000 -0.00700 vjk4
79.02200 43.14400 1.09846 4.98258 0.40000 0.50000 0.00600 uzl4
74.78000 41.06900 -1.24733 7.71520 0.50000 0.50000 0.00800 uzg4
74.92900 41.93600 -0.68721 5.05470 0.30000 0.30000 0.00400 uzb4
79.53200 44.47800 -1.98975 3.22389 0.80000 0.90000 0.04200 uyg4
73.47800 41.21900 -1.98827 6.55918 0.40000 0.40000 0.00100 uum4
76.33800 42.11000 -0.41897 6.24096 0.40000 0.40000 0.00100 urs4
71.95800 42.35400 -0.93651 1.44518 0.30000 0.30000 0.01300 urm4
75.08000 42.34600 -0.45930 3.69522 0.50000 0.50000 0.01600 ulu4
78.92600 42.85800 0.37516 6.05658 0.40000 0.40000 0.00400 ult4
75.95900 41.93400 -0.72051 6.63811 0.30000 0.30000 0.00500 uko4
70.25400 42.28000 -1.76306 1.28563 0.40000 0.40000 0.01500 ugam
73.33400 40.56900 -1.52871 7.01975 0.50000 0.50000 0.01700 tzb4
78.50900 42.63200 -0.23429 7.64026 0.30000 0.30000 0.00300 tyup
71.20300 40.21200 -0.86472 3.84181 0.70000 0.60000 0.04500 tut4
79.29700 43.02900 1.38186 4.75844 0.40000 0.40000 0.00700 tum4
78.94800 42.41500 0.63780 9.66181 0.30000 0.30000 0.00700 tua4
74.79000 42.05500 -0.57393 4.91630 0.40000 0.40000 -0.00700 tsh5
75.38300 40.57800 -0.30037 10.57928 0.40000 0.40000 0.00600 trg4
77.31100 42.17600 0.05895 8.60991 0.30000 0.30000 0.01100 tos4
77.05200 42.15700 0.46376 7.73825 0.40000 0.40000 0.00400 ton4
75.83700 42.35500 0.21624 4.00387 0.30000 0.30000 0.00800 tok6
75.26300 40.88900 -0.77556 9.44706 0.40000 0.40000 0.00600 thr4
74.72200 41.51100 -1.01287 5.19762 0.40000 0.40000 0.00600 tgu4
71.14600 41.53900 -1.86650 1.72626 0.30000 0.30000 0.01100 ter4
73.33300 41.78500 -1.43963 3.21874 0.40000 0.40000 0.01100 tem4
78.84200 44.85500 -1.13716 1.83271 0.50000 0.50000 0.00500 tek4
76.59400 42.13700 0.27620 7.21157 0.30000 0.30000 0.01200 teg4
77.55300 42.13700 -0.15071 9.07740 0.40000 0.40000 0.00500 tam4
73.65700 44.23800 -0.43562 1.70696 0.70000 0.80000 0.00900 tald
67.80900 42.23300 -2.83732 0.83238 0.70000 0.70000 0.00600 takr
73.25700 39.73200 -0.57893 8.39799 0.60000 0.60000 0.02300 syt4
80.41200 42.90600 1.05000 6.36809 0.40000 0.40000 0.00800 sum4
78.22600 43.43300 0.74137 2.96233 0.60000 0.60000 0.02000 sug4
75.81400 42.12800 0.19865 4.69764 0.80000 0.80000 0.01700 ste4
77.89000 42.34900 -0.24305 8.56886 0.40000 0.40000 -0.00100 ssr4
78.27500 43.22700 0.52151 3.57584 0.50000 0.50000 0.00400 srt4
78.30700 42.78600 0.08306 5.08517 0.30000 0.30000 0.00700 srb4
73.90100 42.64400 -0.99175 1.87340 0.50000 0.60000 0.01400 sos4
75.42300 41.91400 -1.00577 5.78968 0.30000 0.30000 0.00300 son4
77.62700 41.91800 0.33043 9.79716 0.40000 0.40000 -0.00200 smo4
75.77200 40.47600 0.07961 11.18521 0.60000 0.60000 0.01500 sme4
76.35400 42.24600 0.69077 5.64613 0.40000 0.50000 0.01100 skt4
79.32200 42.60400 1.74545 9.16470 0.40000 0.40000 0.00200 skr4
77.95900 42.09500 0.03516 9.98858 0.40000 0.40000 -0.00200 sjk4
72.78900 41.30200 -2.65503 4.37136 1.00000 1.00000 0.03600 shy5
79.30400 42.86800 1.16708 5.26051 0.40000 0.40000 0.00600 shl4
71.53200 42.45400 -1.00906 1.43002 0.30000 0.30000 0.01000 shi4
78.93600 43.69000 0.94795 4.15869 0.60000 0.60000 0.01800 she4
80.48700 43.25100 1.17926 6.28888 0.50000 0.50000 0.01500 shd4
75.39700 42.62200 0.05328 4.08342 0.40000 0.40000 0.06700 sha5
78.81300 43.43000 0.72665 4.32441 0.40000 0.50000 0.00700 sgd4
78.74200 43.90000 0.57224 2.90567 0.50000 0.60000 0.01700 sex4
76.04500 42.27500 -0.09630 5.45998 0.30000 0.30000 0.00800 sem4
74.15300 42.05200 -1.05080 3.64291 0.30000 0.30000 0.00400 sdy4
80.11700 42.50300 1.72244 9.08600 0.70000 0.70000 0.00400 sba4
72.24800 39.43900 -4.85698 15.92503 0.90000 0.90000 0.01900 sauk
78.40800 43.05700 1.50436 4.41221 0.70000 0.70000 0.00400 saty
78.97200 42.75100 0.76520 5.86906 0.30000 0.30000 0.00800 sas4
71.70100 40.77400 -1.94839 4.87567 0.40000 0.40000 0.00300 sary
70.88100 41.69700 -1.54072 1.65469 0.40000 0.40000 0.01600 san4
68.24600 39.69400 -1.25492 3.34849 0.40000 0.40000 0.00200 san1
76.71500 42.25000 0.98165 5.54481 0.40000 0.40000 0.00500 sak4
79.74000 42.90500 1.36182 8.48106 0.60000 0.60000 0.00900 saaz
76.10300 42.52300 1.12215 4.57657 0.40000 0.40000 0.01300 ryb4
78.90600 42.54800 0.15071 9.05037 0.40000 0.40000 -0.00200 rts4
72.66700 42.70600 -1.33649 1.03715 0.50000 0.50000 0.00700 rtr4
70.39100 39.86400 -1.05121 3.02295 0.60000 0.60000 0.04200 rtc4
75.73200 41.69700 -0.33241 6.57481 0.30000 0.30000 0.00400 rsr4
75.37000 41.76000 0.18464 5.37514 0.30000 0.30000 0.00400 rso4
79.06600 42.12100 0.51196 9.39504 0.40000 0.40000 -0.00500 rkt4
74.74200 41.72600 -0.79627 4.80282 0.40000 0.40000 0.00100 rkr4
79.14200 41.96400 0.39902 11.21683 0.80000 0.80000 0.00800 rka4
75.19500 43.17400 -1.69278 1.42738 0.50000 0.50000 0.01400 rga4
74.25200 41.91200 -0.96493 4.26890 0.30000 0.30000 0.00700 ral4
73.62700 41.28800 -2.68888 5.49967 0.40000 0.40000 0.00000 pur4
75.08800 40.57800 -0.39144 9.39830 0.40000 0.40000 0.00700 ptu4
78.86100 42.62000 0.75772 7.83691 0.40000 0.40000 0.00100 pto4
78.92600 42.72100 0.16338 8.25658 0.40000 0.40000 0.00400 psh4
78.29200 42.54700 0.26347 7.78101 0.40000 0.40000 0.00000 ppr4
78.07600 43.20800 0.72612 3.62078 0.70000 0.70000 0.01700 pkz4
80.22800 43.75600 1.02923 5.31616 0.40000 0.50000 0.00600 pdb4
79.06000 42.39600 0.73352 8.99297 0.40000 0.40000 -0.00300 pch4
80.04000 43.99400 1.05342 2.36419 0.50000 0.50000 0.02000 pan0
75.13000 40.84800 -0.97407 9.01072 0.40000 0.40000 0.00400 pak4
74.07600 40.43600 -1.96493 10.02214 0.40000 0.40000 -0.00400 oyt4
72.74300 40.52200 -1.70962 6.05890 0.40000 0.50000 0.01300 osh4
77.91800 42.44000 -0.53527 8.37715 0.30000 0.30000 0.00300 orgo
75.98300 41.57700 -0.74901 7.74435 0.80000 0.80000 0.03500 ona4
67.67000 40.29100 -1.28253 2.89508 0.40000 0.40000 0.00300 okt1
74.54900 42.04000 -0.46511 3.75188 0.30000 0.30000 0.00500 ogi4
75.84900 41.43300 -0.85535 10.10699 0.70000 0.70000 0.02500 obo4
78.37400 42.68400 -0.12598 6.40386 0.40000 0.40000 0.00200 ntp4
79.21000 43.13900 0.99394 5.33453 0.40000 0.40000 0.00400 nte4
73.76300 40.88000 -2.92467 8.03602 0.40000 0.40000 -0.00300 nsb4
74.69000 41.82000 -0.68825 5.18929 0.40000 0.40000 -0.00100 nrk4
79.21000 42.66500 0.75266 9.23453 0.40000 0.40000 0.00400 nkr4
78.23800 42.40600 -1.54615 9.66646 0.80000 0.80000 0.01200 njt4
77.94600 42.24800 -0.45205 9.78444 0.40000 0.40000 -0.00400 njk4
75.73000 41.87500 -1.01869 5.87479 0.80000 0.80000 0.00300 ngs4
80.00000 42.59900 2.23260 9.25377 0.70000 0.70000 0.01200 nba4
76.25500 41.44600 -0.36763 9.91912 0.40000 0.40000 0.01600 nar5
73.31800 42.17500 -0.00912 2.41559 0.40000 0.40000 0.00700 mus4
73.79600 38.13700 -6.58430 23.24435 0.60000 0.60000 0.00500 murg
78.11200 42.43900 -0.04084 8.73115 0.40000 0.40000 -0.00400 mun4
76.57200 41.12900 -1.29904 11.50535 0.90000 0.90000 0.04700 mud4
75.03800 41.66900 -0.71215 5.48479 0.30000 0.30000 0.00400 mol4
79.32300 42.75700 0.65820 8.76571 0.50000 0.50000 0.00100 mnj4
73.04500 42.24800 -0.69126 1.74089 0.40000 0.40000 0.00900 mkr4
73.34100 42.52400 -1.48065 1.12082 0.50000 0.50000 0.01000 mer4
70.15700 40.03500 -0.32764 1.15969 0.60000 0.60000 0.03300 mdg4
76.47800 43.15500 -0.93591 2.98039 0.40000 0.40000 0.00700 may1
78.50100 44.22500 -0.99145 1.43818 0.60000 0.60000 0.01500 mat4
73.22100 41.57200 -1.15193 4.68863 0.40000 0.40000 0.01200 ljm4
68.52600 38.32300 -8.24964 4.22313 0.60000 0.60000 0.01200 ledi
69.93300 39.77400 -0.63339 2.89954 0.60000 0.60000 0.05700 lam4
78.31400 43.52200 1.34699 3.58724 0.70000 0.70000 0.01400 kzz4
75.97700 40.52300 0.97789 11.24229 0.70000 0.70000 0.01900 kzy4
73.32300 39.37900 -5.50246 15.71564 0.70000 0.70000 0.01500 kyzy
75.13500 42.09200 -0.78211 4.61077 0.30000 0.30000 0.00600 kyz4
68.71500 37.87400 -9.58147 7.27292 0.80000 0.80000 0.01600 kurg
72.83200 43.25300 -1.39570 0.88278 0.70000 0.70000 0.00300 kura
75.56900 41.35800 -0.95134 9.03016 0.30000 0.30000 0.01200 kun4
75.76100 41.74900 0.27141 6.38310 0.80000 0.80000 0.05000 kuk4
79.85800 43.63000 1.22442 5.71429 0.70000 0.70000 0.02000 kud4
76.19800 42.89500 -0.84967 1.90354 0.50000 0.50000 0.01100 kty4
76.38700 42.61900 0.32112 3.65546 0.40000 0.40000 0.02200 kte4
77.74400 44.59200 -2.43757 1.32936 0.60000 0.70000 0.02600 ksh4
73.66700 41.34400 -1.48710 5.01006 0.50000 0.50000 0.00000 krv4
76.44300 40.73400 -0.12192 12.17003 0.70000 0.70000 0.01200 kru4
75.04800 41.48700 -0.72589 6.08790 0.40000 0.40000 0.00500 krt4
79.92600 43.02700 1.16912 5.83300 0.40000 0.40000 0.00500 krs4
78.16100 43.48300 0.24849 2.64466 0.60000 0.60000 0.01400 krm4
76.43400 41.12200 -0.69561 11.46794 0.40000 0.40000 0.00800 krl6
71.90400 39.49400 -1.43991 5.13165 0.60000 0.60000 0.04800 krk4
76.07200 41.78100 -0.23662 7.76826 0.30000 0.30000 0.00400 krb4
79.09200 42.16600 1.51581 10.00231 0.30000 0.30000 0.01000 koy4
73.88100 41.80800 -1.06053 3.06920 0.50000 0.50000 0.01500 kovk
76.52000 40.91800 -0.11250 12.79182 0.70000 0.70000 0.01000 kos4
78.64600 43.45200 0.63311 3.37868 0.40000 0.40000 0.00300 kok4
76.40800 41.89200 -1.33784 8.56068 0.70000 0.70000 0.02400 kog4
78.82500 43.02400 0.99120 4.82853 0.40000 0.40000 0.00100 kns4
71.46400 39.87500 -1.09907 5.51235 0.60000 0.60000 0.03100 kng4
70.97500 39.74200 -0.68411 4.58060 0.60000 0.60000 0.02800 klm4
75.55000 41.01800 -1.07469 9.52496 0.80000 0.70000 0.02900 kky4
70.22200 43.27100 -1.07292 1.17732 0.60000 0.60000 0.00900 kkt4
75.14600 42.25700 -0.66839 3.91488 0.40000 0.40000 0.01000 kko4
76.20500 41.90200 -0.63123 8.10461 0.50000 0.50000 0.02300 kkd4
74.92800 41.73700 -0.40290 4.95469 0.40000 0.40000 0.00100 kkc4
72.73500 39.67800 -0.96309 7.25682 0.60000 0.60000 0.02500 kkb4
72.89400 41.69500 -1.42997 3.69940 0.40000 0.40000 0.01400 kka4
73.19000 41.00100 -2.69394 6.57933 0.50000 0.50000 -0.01500 kja6
74.06600 42.20400 -0.83472 2.91904 0.30000 0.30000 0.00200 kin4
72.29700 40.36200 -0.50082 4.93751 0.60000 0.60000 0.03800 khz4
73.67200 44.38000 -0.42180 -0.18789 0.50000 0.60000 0.00500 kha4
80.35500 43.40000 1.69439 5.45149 0.50000 0.50000 0.00500 ket4
76.05700 42.75900 -0.15704 2.06411 0.50000 0.50000 0.01400 kek4
69.82400 42.03600 -1.96213 1.27050 0.40000 0.40000 0.01700 kazy
80.00800 42.74000 1.64335 8.45586 0.70000 0.60000 0.01700 kat4
76.84000 41.13200 -0.20685 11.97909 0.30000 0.30000 0.00500 kasu
75.96700 43.04500 -1.22914 3.14019 0.70000 0.80000 0.00500 kast
75.44300 42.30000 -0.17542 3.69588 0.30000 0.30000 0.00600 kas4
76.77600 41.73300 0.03929 9.76143 0.40000 0.40000 0.01900 kar4
76.39700 42.30600 0.49455 4.65856 0.40000 0.40000 0.00800 kal4
72.90400 42.80600 -0.93846 2.70149 0.40000 0.40000 0.00800 kak1
76.10100 41.17300 -1.08168 11.47655 0.50000 0.50000 0.02400 kai4
69.65000 43.50400 -0.92085 0.72383 1.00000 0.80000 0.04000 k121
69.03400 43.37600 -1.80028 0.65895 0.90000 0.80000 0.02500 k111
67.17600 44.40100 -2.08908 0.66347 0.80000 0.80000 0.02200 k100
75.64500 42.10500 -0.99778 5.45193 0.30000 0.30000 0.01400 jua4
78.22400 43.10400 0.31183 3.66231 0.40000 0.50000 0.00400 jni4
73.68600 40.63700 -3.03900 7.71525 0.50000 0.50000 0.00400 jlk4
75.33400 43.01100 -1.21303 1.46578 0.40000 0.40000 0.00000 jjo4
78.27400 42.29700 -0.05608 9.57483 0.40000 0.40000 0.00300 jet4
78.68100 43.25400 1.01428 3.68804 0.40000 0.40000 0.00300 jap4
71.52600 42.90800 -1.46855 0.92896 0.60000 0.50000 0.01300 jam4
77.49000 43.26100 -0.35519 3.35975 0.60000 0.80000 0.03800 isy5
78.21000 41.60100 1.49129 11.15817 0.40000 0.50000 -0.00200 ish4
79.07000 42.01500 1.60413 10.39608 0.30000 0.30000 0.00300 iny4
78.18800 43.95300 -0.81019 1.85194 0.70000 0.70000 0.02300 ili4
73.79600 39.65400 0.39545 9.94435 0.70000 0.60000 0.00300 ikz4
73.06700 42.49300 -0.97165 1.54711 0.30000 0.30000 0.00800 hrt4
73.80200 42.42600 -0.80712 1.14641 0.30000 0.30000 -0.00600 hon4
76.76700 42.64100 0.31190 3.65934 0.30000 0.30000 0.01000 hok4
77.13900 42.07100 0.25564 8.56115 0.40000 0.40000 0.00900 gta4
78.62100 43.54600 0.74305 3.77042 0.40000 0.40000 0.00500 gso4
78.92100 43.03900 0.89091 4.85453 0.40000 0.40000 0.00300 gku4
76.72500 42.17100 -0.02526 6.74791 0.40000 0.40000 0.00900 gko4
78.78700 43.66400 0.54941 4.91714 0.70000 0.70000 0.01400 gbl4
68.51500 37.64200 -8.18227 5.72003 0.60000 0.60000 0.01200 gara
80.30800 43.06100 1.56603 6.03900 0.40000 0.40000 0.00100 ese4
76.42200 41.49400 0.43178 11.26482 0.70000 0.70000 0.02500 eng4
74.45200 41.82100 -0.97846 5.12391 0.30000 0.30000 0.00500 eme4
75.05100 42.62400 -0.63459 2.98893 0.50000 0.50000 0.00700 els4
74.21500 42.61800 -1.10579 2.46053 0.30000 0.30000 0.00700 elg4
76.46800 41.82000 -0.54491 8.27829 0.30000 0.30000 0.00600 elb4
76.74200 42.07000 0.36585 7.95308 0.30000 0.30000 0.00800 eks4
76.36700 43.00500 -1.84636 2.45026 0.60000 0.60000 0.02000 ega4
74.36600 41.47600 -1.70264 5.40204 0.40000 0.40000 0.00000 dyu4
68.62500 38.51600 -5.84436 10.75007 0.90000 0.90000 0.02600 dusc
78.66800 43.43200 0.53007 3.78490 0.40000 0.40000 0.00400 dso4
79.87700 43.38000 1.30072 5.81849 0.60000 0.70000 0.02800 dor4
73.61900 40.92500 -3.01527 7.89759 0.60000 0.60000 0.00800 dng4
74.46900 40.98700 -0.84218 7.82908 0.50000 0.50000 0.00600 djr4
73.95600 41.89600 -0.75491 3.98894 0.30000 0.30000 0.00500 dje4
66.10600 38.33800 -3.71740 6.68257 0.60000 0.60000 0.02000 djan
76.49800 41.24500 -0.48802 11.88559 0.70000 0.70000 0.01200 dja4
67.88000 38.23500 -1.82106 3.15205 0.50000 0.40000 0.01600 dena
75.76600 43.24500 -1.00574 1.38415 0.50000 0.50000 0.01200 dege
72.28600 39.57300 -2.15137 7.53440 0.60000 0.60000 0.03100 dat4
75.04100 40.78200 -0.57567 9.18583 0.40000 0.40000 0.00500 dar4
78.45700 43.13700 1.00910 4.52672 0.40000 0.40000 0.00000 dal4
74.00200 43.42300 -1.12702 0.40140 0.40000 0.40000 -0.00500 chu4
76.05200 41.33400 -0.36881 10.56305 0.70000 0.70000 0.01900 cht4
78.97600 43.27100 1.10941 4.47010 0.40000 0.40000 0.00100 chr4
77.07500 42.71900 0.10984 4.44449 0.30000 0.30000 0.01800 cho4
78.37300 43.52900 0.44680 2.80285 0.70000 0.70000 0.00500 chlk
77.84500 43.26700 -0.16427 3.55640 0.40000 0.50000 0.00200 chl4
77.73900 41.52700 0.69778 11.52831 0.60000 0.60000 0.00700 chk4
78.87800 43.58400 0.53926 6.54308 0.60000 0.60000 0.00600 chil
75.75000 40.68600 -0.00472 11.57999 0.70000 0.70000 0.02100 cek4
72.09000 40.19900 -1.60382 7.08048 0.40000 0.40000 0.00600 cauv
68.10400 41.24500 -1.83547 1.91115 0.40000 0.40000 0.02000 car1
75.72900 42.74900 -0.64697 2.27478 0.30000 0.30000 0.00400 bys4
76.43200 42.81100 -0.86430 2.46792 0.30000 0.40000 0.00300 buz4
79.05300 42.26100 1.22376 9.89090 0.40000 0.40000 -0.00100 bur4
75.02000 41.18600 -1.34630 8.47961 0.40000 0.40000 0.00400 btr4
70.76500 40.04800 -0.55587 2.42256 0.60000 0.60000 0.03300 btk4
70.52000 42.56900 -1.45139 1.15819 0.60000 0.60000 0.01800 brl4
71.28300 43.77700 0.22455 0.96259 0.70000 0.70000 0.00400 bost
73.23500 41.64800 -1.34709 4.19177 0.40000 0.40000 0.01100 bor4
73.21200 42.76800 -1.35350 0.58654 0.80000 0.70000 -0.00100 bok4
75.42600 40.75700 -0.49084 10.49171 0.70000 0.70000 0.02000 bke4
75.03000 40.64600 -0.38439 9.18271 0.40000 0.40000 0.00500 bet4
70.52400 40.35700 -1.92350 5.35923 0.60000 0.60000 0.00800 besh
75.79500 42.81800 -0.54328 2.19245 0.30000 0.30000 0.00600 bes4
75.65700 42.95700 -0.72702 2.35505 0.50000 0.50000 0.01400 ber4
67.04600 38.17500 -1.87878 5.23126 0.60000 0.60000 0.01700 bays
75.08300 41.07900 -1.15632 8.19725 0.40000 0.40000 0.00700 bay4
75.01900 41.57600 -0.51794 4.87960 0.40000 0.40000 0.00300 bau4
77.61600 42.00800 0.13832 9.79404 0.50000 0.50000 0.03600 bar4
73.26800 39.51300 -2.79254 10.10110 0.60000 0.60000 0.02800 bab4
77.11400 43.89700 0.11416 1.85589 0.40000 0.50000 0.00300 azo4
76.96600 43.05900 -0.65931 3.31437 0.50000 0.50000 0.00900 ast4
78.14800 43.31000 0.33177 3.04053 0.50000 0.50000 0.00200 ass4
73.49400 42.70000 -1.97141 0.86334 0.50000 0.50000 0.01700 asp4
73.53800 40.07500 0.63050 7.47478 0.70000 0.70000 0.05800 ask4
74.82700 40.83800 -0.76408 8.12767 0.40000 0.40000 0.00800 arp4
76.66500 41.69300 0.23870 8.73230 0.70000 0.70000 0.02000 arc4
77.75000 41.86000 0.92317 9.73042 0.40000 0.40000 -0.00400 ara4
70.08200 41.10200 -0.84895 3.83997 0.60000 0.60000 0.00300 angr
69.51400 39.73700 -1.21678 4.18753 0.70000 0.60000 0.06000 and4
77.60300 42.79000 0.10213 4.48991 0.30000 0.30000 0.01400 ana4
74.24400 40.33100 -2.07829 13.36682 0.40000 0.40000 0.00600 alun
77.76300 43.90800 -0.40385 1.03456 0.40000 0.40000 0.00300 alt4
69.73000 40.82900 -1.15124 2.94459 0.50000 0.50000 -0.02700 alm1
72.25800 39.42100 -7.35798 11.52613 0.60000 0.60000 0.03500 ald4
76.16700 42.31300 0.10326 4.79422 0.40000 0.40000 0.01300 alb5
79.85100 43.42700 1.20573 5.21222 0.50000 0.50000 0.00200 akt4
76.85400 42.88500 0.02928 2.88323 0.40000 0.40000 0.00400 akk4
78.54200 41.79500 1.59800 10.54960 0.40000 0.40000 -0.00500 akh4
76.95600 42.07300 0.56119 8.51127 0.30000 0.30000 0.00600 akb4
79.96900 42.89600 1.25820 6.94445 0.40000 0.40000 0.00300 aib4
70.02300 40.80000 -1.46831 4.62341 0.60000 0.60000 0.00800 adra
75.52500 44.13200 -1.31496 0.91771 0.40000 0.40000 0.00000 ada4
72.05000 41.78400 -2.38811 1.97009 0.30000 0.30000 0.01000 abd4
73.75500 42.16800 -0.12561 3.63394 0.30000 0.30000 0.00400 aac4
80.13000 42.46000 4.22348 4.93914 1.88000 1.37000 0.07600 vba4
79.93000 37.12000 -3.98566 16.04004 1.81000 1.55000 0.02800 hota
79.27000 41.99000 -0.60838 11.71616 1.42000 1.21000 0.00800 uch4
76.87000 43.33700 -0.58138 3.42739 0.66000 0.55000 0.03700 atak
75.29000 42.68000 -1.65645 1.90334 0.33000 0.38000 -0.02000 iv12
75.15000 42.65000 -1.80895 1.81992 0.34000 0.37000 -0.03000 iv11
75.03000 42.75000 -1.53269 1.83471 0.30000 0.34000 -0.03000 iv05
75.03000 42.61000 -1.39350 3.41471 0.40000 0.40000 -0.12000 iv17
74.90000 42.67000 -1.59015 2.10941 0.29000 0.33000 -0.01000 iv16
74.88000 42.71000 -1.64714 2.79120 0.41000 0.43000 0.09000 iv09
74.87000 42.81000 -3.42924 0.50110 0.29000 0.32000 -0.04000 iv04
74.84000 42.76000 -2.12407 3.73280 0.34000 0.38000 -0.07000 iv8a
74.79000 42.73000 -2.66687 2.33430 0.31000 0.35000 -0.08000 iv08
74.78000 42.70000 -1.37779 2.05620 0.30000 0.33000 -0.03000 iv8b
74.77000 42.80000 0.22811 0.99610 0.30000 0.34000 -0.01000 iv03
74.77000 42.66000 -2.01271 3.10610 0.29000 0.33000 -0.04000 iv22
74.76000 42.68000 -1.30970 3.08600 0.60000 0.73000 -0.05000 iv15
74.75000 42.71000 -1.34871 -2.25310 1.58000 1.61000 -0.01000 maev
74.71000 42.79000 -1.61168 1.62849 1.92000 1.40000 -0.04000 alat
74.71000 42.72000 -1.84859 3.89849 0.31000 0.35000 -0.03000 iv7a
74.70000 42.76000 -2.96561 3.04839 0.32000 0.35000 -0.07000 iv07
74.62000 42.75000 -1.81633 2.61159 0.30000 0.33000 -0.04000 iv06
74.58000 42.66000 -2.91307 1.86219 0.32000 0.36000 -0.02000 iv14
74.48000 42.66000 -1.18574 3.00819 0.36000 0.38000 -0.08000 iv20
74.48000 42.59000 -2.19064 3.16819 0.42000 0.44000 -0.01000 iv21
74.42000 42.78000 -1.70569 0.92058 0.60000 0.69000 -0.04000 iv13
74.26000 42.66000 -2.02799 2.39698 0.37000 0.39000 -0.04000 iv19
74.07000 42.68000 -2.01737 1.74508 0.36000 0.37000 -0.04000 iv18
56.81900 33.48900 -3.07648 7.48636 1.58000 1.58000 0.00000 tbas
49.57100 31.48400 -2.15333 21.49281 1.50000 1.48000 0.00000 haft
51.83600 27.85000 4.70658 19.41403 1.47000 1.43000 0.00000 dayy
67.16000 30.57000 -2.68023 15.01632 0.50000 0.50000 0.03600 surb
80.09800 32.50900 2.33300 16.57180 1.70000 1.30000 -0.02000 shiq
79.69000 35.03000 -2.04145 19.36754 0.80000 0.80000 0.00800 bj02
66.26300 28.49100 0.26210 14.00901 0.81000 0.77000 0.01600 sura
66.92300 30.30000 1.54945 16.53311 0.54000 0.51000 0.02800 gulh
67.45000 24.14200 5.39967 28.72902 0.34000 0.31000 0.01900 keti
67.57900 30.22600 4.12967 21.10123 0.54000 0.54000 0.04600 khst
67.70000 30.81600 6.84722 16.12336 0.64000 0.61000 0.03500 musb
67.70400 30.40600 10.67564 17.24540 0.50000 0.47000 0.04300 zart
67.71200 30.19400 7.96637 19.21147 0.66000 0.60000 0.08400 shrg
67.90200 25.89700 6.21127 28.58825 0.30000 0.27000 0.01600 rani
67.94200 30.10500 5.21399 19.95663 0.38000 0.37000 0.03600 hrni
67.95400 30.35400 6.79906 18.84474 0.45000 0.43000 0.01800 chtr
68.26900 24.35300 5.67859 29.68471 0.35000 0.32000 0.01500 jati
68.31200 30.26600 9.14828 18.94611 0.68000 0.68000 0.07700 sanj
68.35200 25.36700 6.52654 29.57149 0.32000 0.29000 0.02000 hydb
68.35300 30.69400 9.06863 16.58350 0.38000 0.36000 0.03900 qlas
68.54400 30.40200 7.79009 15.20230 0.40000 0.38000 0.02500 lori
68.95400 26.04100 4.44686 30.51419 0.51000 0.47000 0.01800 mail
69.00800 25.52500 4.49312 29.41070 0.49000 0.46000 0.03400 mirp
69.37700 25.82400 5.05078 30.88522 0.47000 0.43000 0.02700 khip
69.73500 25.35900 5.19209 30.53264 0.43000 0.39000 0.03300 umer
70.25100 25.10800 6.07105 30.67260 0.52000 0.47000 0.03500 chac
70.76200 24.33700 6.14571 29.35653 0.25000 0.22000 0.01500 turt
71.33200 32.52000 0.02331 29.15907 1.35000 1.43000 0.00000 isak
71.78300 32.70500 1.76135 27.08947 0.48000 0.52000 -0.04200 rikh
72.17300 34.23200 -0.28375 28.72929 0.56000 0.60000 0.10100 shah
72.35200 33.13400 1.31924 29.38305 0.30000 0.29000 0.06200 path
72.37400 32.80500 1.34729 30.80827 0.22000 0.21000 0.03600 but1
72.46000 32.60800 1.78272 25.63311 0.26000 0.25000 0.03700 awan
72.47200 32.26300 0.53890 30.87023 0.25000 0.24000 -0.01800 spur
72.79200 31.85600 0.59146 31.02239 0.28000 0.27000 0.04200 lali
72.95400 31.75500 0.90539 32.26399 0.44000 0.43000 0.02900 chin
72.99800 35.11200 -3.39789 24.65242 0.33000 0.33000 0.00700 pata
73.19400 34.32900 -3.04309 28.84636 0.44000 0.41000 0.00900 mnk2
73.24900 34.42000 -3.48553 27.11091 0.65000 0.90000 -0.00100 hazu
73.39100 33.89500 -2.67327 27.53932 0.65000 0.67000 -0.00100 mure
73.65300 33.97800 -1.44429 30.28292 0.26000 0.26000 0.04300 arja
73.75200 33.87100 0.66577 31.23591 0.26000 0.25000 0.00000 rawl
73.93500 33.93000 -0.95194 30.63973 0.38000 0.41000 -0.03300 dhul
74.36300 35.92500 -1.63830 26.87401 0.66000 0.65000 0.03300 gilg
74.43100 35.89400 -4.36241 21.66669 0.35000 0.35000 0.06400 deny
74.59300 33.99300 -2.75099 29.73532 0.94000 0.94000 0.06000 rank
74.88900 34.12000 -1.01222 28.44729 1.36000 1.39000 0.00700 nish
75.04500 34.22700 0.77900 26.02287 0.76000 0.82000 -0.10300 sumb
46.84700 43.12500 -1.60839 3.81733 0.55000 0.55000 0.00000 zura
46.84200 43.02600 1.02951 3.63830 0.55000 0.55000 -0.00400 dubk
79.43000 29.64000 5.36277 35.53582 0.93000 0.83000 0.00000 rani
79.65000 29.59000 8.04956 35.50312 0.72000 0.65000 0.00000 almo
79.90000 29.78000 5.52218 32.01173 0.77000 0.69000 0.00000 kapk
79.77000 29.82000 4.91726 34.71037 0.73000 0.64000 0.00000 bagr
80.34000 29.76000 7.84041 30.40834 0.84000 0.74000 0.00000 asko
80.09000 29.33000 4.72391 33.37072 0.81000 0.73000 0.00000 cham
80.18000 29.10000 8.34184 34.13966 0.80000 0.69000 0.00000 banb
79.51000 29.21000 5.18362 35.80966 0.78000 0.67000 0.00000 hald
79.08000 29.23000 6.80639 32.67618 0.74000 0.67000 0.00000 ramr
58.24600 25.76500 -3.70347 11.08797 1.39000 1.31000 0.00900 yekd
57.57200 25.84500 -5.88252 15.08645 1.38000 1.32000 0.00800 band
57.44100 25.84600 -3.52708 20.83039 1.36000 1.31000 0.00900 garo
57.37800 26.85700 -2.34920 15.44688 1.36000 1.31000 -0.00800 send
57.27000 26.83300 -2.51875 13.39200 1.38000 1.33000 -0.00800 zeha
57.26500 26.84300 -3.32076 16.58096 1.35000 1.30000 -0.00700 absh
57.24000 26.82700 -3.54463 21.53976 1.67000 1.62000 -0.00700 gani
57.05500 26.79500 0.04112 25.46026 1.34000 1.31000 -0.00500 palo
57.49700 27.11000 -1.02442 12.69284 1.37000 1.34000 -0.01300 anbe
57.36000 27.12100 -4.03397 14.51573 1.33000 1.29000 -0.00900 shar
57.30100 27.06300 -2.77059 13.92225 1.36000 1.32000 -0.01000 jafa
57.27000 27.05800 -6.26646 12.43200 1.71000 1.67000 -0.01100 doom
57.24200 27.04800 -4.54233 19.40077 1.35000 1.31000 -0.00800 kask
57.11100 26.98500 -2.76368 20.52372 1.34000 1.31000 -0.00700 gavr
57.02700 27.00900 1.25754 24.08004 1.34000 1.30000 -0.00600 jahg
58.38200 27.83100 -0.83578 8.25309 1.37000 1.34000 -0.03600 rahm
57.36300 27.47000 0.05993 15.41676 1.06000 1.00000 -0.02500 gena
57.20700 27.48000 -4.58354 14.34749 1.35000 1.32000 -0.01300 nakh
57.10900 27.45900 -3.62113 14.36270 1.35000 1.32000 -0.01200 rood
57.08500 27.45300 -0.81603 16.36251 1.36000 1.33000 -0.01200 fary
57.03600 27.44400 -3.72583 15.38911 1.33000 1.30000 -0.01100 dak1
56.97700 27.42900 -2.40657 19.38663 1.35000 1.32000 -0.01000 hoss
56.93600 27.39800 -1.13233 21.08430 1.34000 1.31000 -0.00900 emam
56.92700 27.39200 -0.63328 21.56423 1.35000 1.33000 -0.01000 esma
59.07600 37.41300 -1.10524 -1.23715 0.46000 0.46000 -0.00100 jana
44.57500 39.88100 2.27167 6.42482 1.40000 1.30000 0.04400 kho0
54.72300 27.06000 4.53665 21.62681 0.84000 0.70000 0.00000 3461
52.68500 27.36000 0.47547 17.46431 1.58000 1.02000 -0.10500 3457
53.47600 27.73600 2.69350 17.17926 0.92000 0.70000 -0.01200 3451
54.38100 26.93700 3.17825 20.65617 0.78000 0.62000 0.00100 3427
55.32000 27.93900 0.54301 14.99946 0.96000 0.76000 0.02000 3387
54.50300 28.34200 1.95104 16.16511 1.16000 0.94000 0.08000 3165
54.46300 27.75100 2.47372 14.77480 0.98000 0.78000 -0.01800 3157
53.80500 27.91800 0.59278 13.58175 0.84000 0.64000 -0.01000 3142
52.90300 28.39200 0.06013 15.47494 0.98000 0.72000 0.01100 3095
51.55100 28.19100 0.43195 20.35695 1.42000 1.08000 -0.05400 3084
50.75500 29.40200 -1.46424 17.45219 1.04000 0.72000 0.00400 3062
52.63900 29.47700 2.66580 12.73297 1.00000 0.70000 -0.04700 3021
55.78000 28.93600 1.92863 11.66208 1.18000 0.86000 -0.02200 2951
55.19000 29.33600 -0.00309 10.05845 1.42000 1.20000 0.06000 2943
53.78300 29.33100 0.54549 11.64059 1.24000 0.88000 -0.07900 2696
52.66400 30.05800 0.35352 13.04315 1.08000 0.80000 -0.04600 2661
51.75500 29.73200 -3.95505 18.38744 1.26000 0.72000 -0.08100 2647
50.33000 29.93000 -0.81637 18.31916 1.42000 0.92000 -0.02000 2604
49.01100 30.66400 -3.02971 16.28091 1.10000 0.80000 0.01200 2574
49.47600 31.15700 -3.84247 18.04314 1.00000 0.60000 0.05900 2562
50.73400 30.38600 -0.98787 16.94004 1.28000 1.04000 -0.02800 2522
51.44200 30.71500 -4.76049 14.13615 1.04000 0.64000 -0.04200 2511
52.52100 31.21600 -1.09200 13.19209 1.26000 0.82000 -0.06200 2127
50.79900 32.19900 -3.06585 13.44151 1.32000 0.88000 0.02600 2081
50.45100 31.53800 -6.34438 17.52902 1.10000 0.72000 0.04300 2077
48.81800 32.23300 -3.21672 15.99958 1.26000 0.86000 0.04900 1991
49.78900 33.30700 -1.85139 15.97433 2.02000 1.16000 0.18900 1531
55.89500 28.31500 3.37184 14.14399 1.60000 1.26000 0.13400 0101
51.41000 35.88200 -2.64135 10.63792 0.55000 0.55000 0.00000 gtcl
53.73900 36.23600 -4.59704 5.45425 0.71000 0.72000 0.00300 kaho
77.61300 34.13000 -1.85737 18.31601 0.68000 0.65000 0.00300 sabu
77.80800 33.97200 -1.94929 16.41002 1.25000 1.12000 0.00400 shak
78.66000 33.20900 -0.47953 16.51682 0.70000 0.65000 0.00100 nyom
77.42500 32.79800 -1.37307 16.73408 1.80000 1.67000 0.00400 srch
76.68900 32.69800 -2.20789 22.57954 0.91000 0.89000 0.00100 udai
77.17500 32.63400 -4.73984 18.34451 1.44000 1.39000 -0.00600 jipa
75.36300 32.56500 4.77596 29.64107 1.54000 1.37000 -0.00200 hira
75.99300 32.53600 0.30945 27.80745 0.78000 0.76000 0.00000 dalh
77.92100 32.36400 -4.53057 17.40318 1.86000 1.66000 0.00500 kaza
75.88100 32.30400 2.74261 29.68532 0.78000 0.77000 0.00000 nurp
76.30700 32.24800 -0.06924 27.89365 0.75000 0.75000 0.00000 nadi
77.10800 32.06700 -2.02249 23.69583 0.91000 0.89000 0.00000 kulu
76.67300 31.91900 3.25314 33.48438 1.36000 1.29000 0.00100 chbg
76.29400 31.89700 2.92615 28.88952 0.89000 0.88000 0.00000 jwlm
76.81500 31.63400 2.31693 30.82483 0.77000 0.76000 0.00000 rewl
76.30700 31.53800 4.66354 30.47365 1.02000 0.98000 -0.00100 unan
75.93800 31.47900 2.97767 29.77090 0.91000 0.89000 0.00000 boha
78.75400 31.03700 2.98198 23.32480 1.14000 1.10000 0.00300 hars
78.61700 30.80600 2.61827 26.81638 1.14000 1.11000 0.00400 bhat
78.02100 30.45900 4.40007 30.94021 0.73000 0.71000 0.00600 hati
78.11500 30.45200 6.99989 28.95618 1.38000 1.28000 0.03900 bata
78.36800 30.39400 4.52060 30.46680 0.88000 0.84000 0.00400 chmb
79.19400 30.32900 2.66113 29.87637 1.16000 1.10000 0.00600 pokh
77.86000 30.32900 6.40499 31.77555 0.79000 0.72000 0.01400 saba
79.09000 30.29800 4.82149 29.14829 1.29000 1.12000 0.01900 ghol
77.97400 30.28500 6.14493 30.41673 0.77000 0.71000 0.01100 wild
77.63000 30.27600 5.44573 31.18019 0.81000 0.76000 0.00000 qasi
78.18700 30.19100 5.44688 32.21593 0.92000 0.89000 0.00500 doiw
77.86800 30.14700 7.77977 28.67864 1.31000 1.12000 0.01200 moha
77.97900 30.09500 5.97076 35.23878 1.18000 1.10000 -0.00700 raja
78.60800 25.45200 9.09554 32.24328 0.88000 0.84000 0.00200 jhan
77.44700 23.20900 8.56338 32.93131 1.24000 1.21000 0.00100 rrlb
79.87600 23.12900 11.06783 29.56648 1.62000 1.54000 0.00100 jbpr
48.55000 25.24200 4.39532 20.70074 2.38500 0.67700 0.00000 f037
50.74400 24.07700 6.25843 22.93611 2.38800 0.67800 0.00000 f036
49.03900 23.83200 5.32110 21.24411 1.51200 0.42300 0.00000 f035
49.93900 26.67200 3.21970 22.20539 2.39600 0.68000 0.00000 f030
48.29000 28.24300 1.90520 20.58097 1.89600 0.53400 0.00000 f029
45.41800 41.11200 1.68889 8.58410 0.70000 0.80000 -0.11000 aqst
45.46600 41.31600 1.00983 8.28141 1.10000 1.40000 -0.10000 salo
45.69700 40.87300 2.96596 8.76888 0.90000 1.20000 -0.09000 magm
46.31400 40.70800 4.25112 10.03685 0.90000 1.20000 -0.13000 shim
46.50200 41.55900 -0.36316 6.42707 1.40000 1.70000 0.01000 mamk
46.53400 40.79600 1.25989 9.12628 1.00000 1.00000 -0.04000 kaha
47.06800 40.57000 3.83955 6.79879 0.90000 1.20000 -0.10000 sama
47.66800 40.48500 3.13099 5.06778 0.90000 1.20000 -0.08000 ucar
47.72900 40.98000 -1.51999 4.26319 1.00000 1.20000 -0.06000 ulud
47.74200 39.73600 4.65608 11.16327 1.40000 1.80000 -0.01000 sult
47.93100 40.39100 1.22140 9.35354 1.40000 1.80000 -0.06000 teze
48.12500 39.71300 2.75389 13.44385 1.20000 1.80000 -0.08000 abis
48.25300 40.40100 2.42355 12.63772 1.40000 2.00000 0.04000 quru
48.29500 39.94200 3.37704 12.83501 1.20000 1.70000 -0.09000 101k
48.37800 41.57400 -1.75931 4.82957 1.10000 1.70000 0.09000 yukh
48.39800 39.27600 4.01015 14.63071 1.20000 1.50000 -0.05000 karo
48.52800 39.74400 4.25762 10.62360 1.40000 1.70000 -0.09000 yast
48.53500 38.76700 5.26022 15.02264 1.40000 1.70000 -0.07000 almu
48.59000 38.57200 2.34187 13.42002 1.50000 1.70000 -0.06000 hamu
48.61300 39.11300 4.79489 12.11918 1.20000 1.50000 -0.12000 pris
48.66200 39.50300 5.03376 12.81651 1.00000 1.30000 -0.06000 shix
48.74900 38.92600 7.07608 16.11311 1.20000 1.50000 -0.12000 shat
48.84800 39.05700 3.08957 12.80679 1.20000 1.70000 -0.09000 qizi
48.85900 38.69600 4.35341 13.50587 1.50000 1.90000 -0.06000 tuta
48.87600 41.47100 -1.16831 3.20298 1.10000 1.70000 0.20000 aziz
48.95400 40.57500 3.44064 1.80052 1.50000 1.70000 0.00000 qinj
48.96400 40.85800 2.36975 3.40059 1.10000 1.50000 -0.06000 tara
48.97000 40.07400 3.29128 3.89963 1.40000 1.60000 -0.01000 gour
49.11000 39.51200 -1.26474 6.69360 0.90000 1.10000 -0.02000 duro
49.84700 40.41800 1.42549 1.45374 0.40000 0.40000 -0.12000 komi
56.60770 30.83320 -1.06000 13.66000 0.20000 0.25000 0.00600 zrnd
56.77190 35.58960 0.27000 9.67000 0.53000 0.56000 0.01200 zman
57.24850 34.90190 0.59000 8.64000 0.37000 0.54000 0.00800 tptg
47.01460 35.25520 -3.30000 14.00000 0.37000 0.35000 0.00100 sndj
51.70610 32.51770 -0.57000 13.10000 0.33000 0.12000 0.00500 sfhn
57.68170 30.41220 1.84000 8.37000 0.19000 0.20000 0.00600 sdad
50.46860 34.48420 -1.62000 13.04000 0.10000 0.09000 0.02000 salf
46.31120 36.22110 -2.44000 15.00000 0.16000 0.23000 0.00400 sagz
60.25360 26.25360 2.09000 5.38000 0.44000 0.37000 0.00600 nksr
57.28840 30.07160 1.34000 14.67000 0.18000 0.16000 0.00800 mhan
53.20340 27.36370 3.25000 19.49000 0.22000 0.14000 0.00800 lamd
48.27870 33.43340 -4.61000 14.43000 0.14000 0.13000 0.00900 krad
47.12470 34.35610 -1.01000 10.44000 1.17000 0.50000 0.00000 kmsh
46.39740 33.58870 -3.55000 16.78000 0.10000 0.10000 0.01600 illm
48.25340 32.66990 -3.76000 15.10000 0.27000 0.28000 0.00300 hosn
54.41410 34.04010 -0.08000 12.94000 0.59000 0.42000 0.01400 gndg
57.33020 29.23770 2.87000 11.85000 0.41000 0.83000 0.00100 dbst
51.21320 35.72870 -1.55000 12.31000 0.44000 0.47000 0.00200 chit
56.32060 27.20720 5.00000 23.18000 0.26000 0.27000 0.00600 brbs
50.21690 30.60570 -3.01000 18.41000 0.11000 0.11000 0.01600 bebn
56.04610 31.84070 0.40000 12.35000 0.10000 0.10000 0.01900 bahd
57.89730 26.45720 0.52000 12.38000 0.48000 0.34000 -0.00300 angn
48.21350 30.37780 0.37000 20.35000 0.12000 0.10000 0.01500 abdn
45.06000 37.62000 -1.49992 16.46220 0.40000 0.30000 0.00000 oryh
47.14300 40.19000 1.44000 10.89000 1.20000 1.25000 -0.01100 ayaq
47.14600 40.62600 -0.25000 4.38000 0.98000 1.01000 -0.01100 yevl
47.28600 40.58000 3.86000 10.50000 1.50000 1.50000 0.00200 mlay
47.64700 40.80000 2.14000 9.84000 1.09000 1.14000 -0.01100 qurd
49.44600 40.20300 5.95000 0.45000 1.06000 1.09000 0.01800 sang
80.78000 29.53500 3.96057 30.34057 0.20000 0.20000 0.00000 ddl0
78.05000 30.32000 4.36920 35.08160 0.65000 0.64000 0.00000 dehr
69.85200 23.35400 6.92540 31.16321 0.09000 0.06000 0.00000 huba
70.14200 23.28500 7.01478 30.86242 0.09000 0.06000 0.00000 chad
70.37300 23.86600 6.79947 29.23276 0.08000 0.06000 0.00000 gibf
70.69400 23.89800 6.97926 28.65528 0.08000 0.07000 0.00000 gadh
70.40800 23.60900 5.68418 29.42944 0.08000 0.07000 0.00000 ekal
69.76600 23.92200 3.90927 31.50177 0.29000 0.31000 0.00000 khav
69.71300 23.99100 5.78817 28.21620 0.35000 0.21000 0.00000 kuar
69.39500 23.02500 7.68275 30.44227 0.18000 0.27000 0.00000 vand
69.19600 24.21500 6.38906 28.40547 0.17000 0.17000 0.00000 vkot
70.34900 23.30000 7.13888 30.53132 0.19000 0.10000 0.00000 bhac
70.43100 23.42500 7.07433 29.69039 0.21000 0.11000 0.00000 vamk
70.57100 23.47500 7.02493 30.16695 0.13000 0.10000 0.00000 bada
70.65800 23.55900 6.69519 30.06822 0.27000 0.12000 0.00000 rapa
70.68600 23.74200 7.56664 29.00149 0.18000 0.13000 0.00000 desa
70.80100 23.87400 7.35574 28.81590 0.50000 0.29000 0.00000 bela
71.61700 23.81900 8.91164 30.30851 0.22000 0.16000 0.00000 rada
72.66800 23.15900 7.75481 30.82212 0.27000 0.11000 0.00000 isrr
72.77900 24.65300 7.82177 30.72258 0.15000 0.17000 0.00000 mabu
56.30785 27.20391 4.07202 24.86050 0.21000 0.19000 0.00000 babs
58.88126 28.93733 -0.21796 7.40045 0.22000 0.20000 0.00000 fhrj
43.03700 42.37697 -0.93648 -1.58430 0.61000 0.93000 -0.03000 gr05
43.03900 42.10448 -0.09857 1.23047 0.89000 0.97000 -0.01000 gr02
43.29560 41.77900 0.54572 2.82139 0.34000 0.36000 -0.00000 bjmi
43.32070 41.45798 1.22728 2.04113 0.64000 0.70000 -0.00000 gj02
43.40090 42.48827 -1.21289 3.70196 1.39000 1.43000 -0.01000 sfre
43.86400 41.46125 -2.13459 1.43301 0.66000 0.73000 0.00000 gj08
