79.62031 29.63796 6.13162 33.60703 2.12000 0.09000 0.09000 0.37000 0.00000 0.00000 0.00000 GBPK bisht20
79.44701 29.39238 7.65425 33.79675 -0.55000 0.09000 0.09000 0.36000 0.00000 0.00000 0.00000 GBNL bisht20
78.71224 30.19833 2.24011 32.51361 -0.05000 0.19000 0.18000 0.01000 0.00000 0.00000 0.00000 GBSN bisht20
77.17165 31.82765 -0.34613 29.28710 0.73000 0.11000 0.10000 0.41000 0.00000 0.00000 0.00000 GBKL bisht20
74.75000 43.00000 -1.64000 0.89000 -0.53000 0.06000 0.05000 0.17000 0.00000 0.00000 0.00000 CHUM dzwang20
74.69000 42.68000 -1.71000 2.88000 -1.10000 0.23000 0.11000 0.18000 0.00000 0.00000 0.00000 POL2 dzwang20
77.02000 43.18000 -0.59000 2.60000 -0.87000 0.09000 0.07000 0.19000 0.00000 0.00000 0.00000 SELE dzwang20
75.23000 37.77000 -3.63000 20.83000 -0.76000 0.19000 0.32000 0.35000 0.00000 0.00000 0.00000 TASH dzwang20
79.21000 41.20000 1.39000 14.77000 -1.50000 0.14000 0.11000 0.28000 0.00000 0.00000 0.00000 WUSH dzwang20
78.77000 39.81000 -0.11000 16.90000 -1.72000 0.15000 0.15000 0.25000 0.00000 0.00000 0.00000 XJBC dzwang20
74.97000 38.65000 -5.33000 20.68000 0.64000 0.28000 0.22000 0.52000 0.00000 0.00000 0.00000 XJBL dzwang20
79.05000 37.16000 -3.18000 18.52000 -2.06000 0.16000 0.25000 0.45000 0.00000 0.00000 0.00000 XJHT dzwang20
75.24000 39.74000 -0.40000 13.27000 -1.24000 0.13000 0.17000 0.39000 0.00000 0.00000 0.00000 XJWU dzwang20
77.45000 37.85000 -2.30000 20.30000 -1.86000 0.23000 0.31000 0.45000 0.00000 0.00000 0.00000 XJYC dzwang20
80.36000 42.68000 2.22000 8.13000 -0.72000 0.07000 0.10000 0.41000 0.00000 0.00000 0.00000 XJZS dzwang20
47.05000 38.47000 3.15442 11.03614 1.40000 0.30000 0.30000 0.90000 0.00000 0.00000 0.00000 AHAR khalkhali21
46.16000 38.23000 1.92801 11.52276 2.10000 0.20000 0.20000 0.50000 0.00000 0.00000 0.00000 AMND khalkhali21
47.65000 37.83000 0.25371 13.28125 0.70000 0.30000 0.30000 0.80000 0.00000 0.00000 0.00000 ARDH khalkhali21
46.05000 37.37000 -3.31655 12.09654 -11.40000 0.40000 0.50000 2.40000 0.00000 0.00000 0.00000 BNAB khalkhali21
47.29000 37.92000 0.79451 12.99406 0.80000 0.20000 0.20000 0.60000 0.00000 0.00000 0.00000 BRMN khalkhali21
45.73000 38.67000 4.30330 11.02048 1.60000 0.20000 0.20000 0.50000 0.00000 0.00000 0.00000 BSOF khalkhali21
44.39000 39.38000 4.70097 7.80525 0.40000 0.40000 0.30000 0.80000 0.00000 0.00000 0.00000 BZGN khalkhali21
44.95000 38.21000 3.65180 13.63634 -80.90000 0.30000 0.20000 10.60000 0.00000 0.00000 0.00000 GGSH khalkhali21
47.09000 37.58000 -1.50688 14.34578 0.90000 0.20000 0.20000 0.70000 0.00000 0.00000 0.00000 HSTD khalkhali21
44.56000 39.03000 3.95449 10.74494 -0.90000 0.40000 0.40000 0.80000 0.00000 0.00000 0.00000 KBLG khalkhali21
46.60000 38.15000 2.37806 10.62797 -0.80000 0.30000 0.30000 0.70000 0.00000 0.00000 0.00000 KHJE khalkhali21
44.16000 39.33000 4.22203 8.75168 1.60000 0.80000 0.50000 1.30000 0.00000 0.00000 0.00000 KKDY khalkhali21
47.03000 38.87000 4.88438 13.33132 1.40000 0.30000 0.30000 0.60000 0.00000 0.00000 0.00000 KLBR khalkhali21
44.77000 37.99000 -2.64474 14.19410 -1.10000 0.50000 1.80000 0.80000 0.00000 0.00000 0.00000 MMKN khalkhali21
46.01000 36.93000 -2.93876 13.88702 -7.20000 0.30000 0.30000 0.80000 0.00000 0.00000 0.00000 MNDB khalkhali21
45.11000 39.00000 4.39324 10.37397 0.20000 0.30000 0.30000 0.50000 0.00000 0.00000 0.00000 NZSF khalkhali21
45.06000 37.62000 -1.49992 16.46220 -50.60000 0.40000 0.30000 14.90000 0.00000 0.00000 0.00000 ORYH khalkhali21
45.06000 39.35000 4.42603 9.96220 1.20000 0.20000 0.20000 0.60000 0.00000 0.00000 0.00000 POLD khalkhali21
46.12000 37.93000 -0.48802 12.91322 0.80000 0.20000 0.20000 0.50000 0.00000 0.00000 0.00000 SKOH khalkhali21
46.34000 38.06000 1.79830 10.96573 3.80000 0.30000 0.30000 0.70000 0.00000 0.00000 0.00000 TABZ khalkhali21
45.36000 38.32000 -0.08329 14.43291 1.40000 0.10000 0.10000 0.40000 0.00000 0.00000 0.00000 TASJ khalkhali21
47.39000 37.58000 -0.63619 12.91825 1.40000 0.30000 0.20000 0.60000 0.00000 0.00000 0.00000 TKCE khalkhali21
45.19000 38.49000 2.24667 13.89281 1.00000 0.20000 0.20000 0.50000 0.00000 0.00000 0.00000 VLDN khalkhali21
45.41000 38.67000 3.93673 11.24472 1.20000 0.20000 0.20000 0.50000 0.00000 0.00000 0.00000 YKKZ khalkhali21
44.55000 38.45000 -0.78856 14.54261 0.40000 0.20000 0.30000 0.70000 0.00000 0.00000 0.00000 ZARI khalkhali21
55.80520 36.08610 0.57297 8.80603 1.95000 0.15000 0.16000 0.35000 0.00000 0.00000 0.00000 BIAJ khalkhali23
59.25530 32.90020 0.52362 7.13501 0.49000 0.16000 0.18000 0.40000 0.00000 0.00000 0.00000 BIJD khalkhali23
57.27160 37.48030 -2.58226 4.87369 0.96000 0.16000 0.18000 0.46000 0.00000 0.00000 0.00000 BOJD khalkhali23
59.06920 37.46620 -0.69495 1.26485 0.34000 0.46000 0.48000 1.32000 0.00000 0.00000 0.00000 DRGZ khalkhali23
57.49460 37.04950 0.22572 6.51304 1.77000 0.18000 0.22000 0.47000 0.00000 0.00000 0.00000 ESFN khalkhali23
59.84300 35.69610 -0.60519 2.45387 -1.76000 0.22000 0.24000 0.65000 0.00000 0.00000 0.00000 FARM khalkhali23
58.18310 34.03070 -1.63800 8.09688 -0.08000 0.21000 0.22000 0.54000 0.00000 0.00000 0.00000 FERD khalkhali23
59.24776 36.55822 1.08335 4.64298 -9.98000 0.21000 0.24000 0.57000 0.00000 0.00000 0.00000 GOLM khalkhali23
58.68350 34.37310 -0.91556 6.72108 1.06000 0.18000 0.19000 0.44000 0.00000 0.00000 0.00000 GONA khalkhali23
54.35327 36.87576 -4.13041 7.76674 -64.91000 0.21000 0.22000 8.04000 0.00000 0.00000 0.00000 GRGN khalkhali23
60.00980 33.60390 -0.15962 2.26907 0.07000 0.47000 0.45000 1.31000 0.00000 0.00000 0.00000 HJBD khalkhali23
58.87825 35.59173 -2.53775 4.78344 3.76000 0.27000 0.27000 0.80000 0.00000 0.00000 0.00000 KADN khalkhali23
60.15830 34.58500 -0.35155 2.18935 1.00000 0.42000 0.44000 1.23000 0.00000 0.00000 0.00000 KHAF khalkhali23
55.08130 33.76930 -0.45537 11.89634 0.90000 0.15000 1.16000 0.39000 0.00000 0.00000 0.00000 KHUR khalkhali23
58.47300 35.27060 0.87138 5.88457 -0.11000 0.15000 0.16000 0.37000 0.00000 0.00000 0.00000 KSHM khalkhali23
55.94390 37.80100 -4.87215 6.60250 1.90000 0.16000 0.19000 0.42000 0.00000 0.00000 0.00000 MAVT khalkhali23
59.47980 36.33470 -0.32756 1.83562 1.42000 0.26000 0.28000 0.83000 0.00000 0.00000 0.00000 MSHN khalkhali23
60.03820 31.54200 1.37175 7.70677 0.58000 0.25000 0.28000 0.73000 0.00000 0.00000 0.00000 NEHB khalkhali23
59.40127 36.45012 2.23055 6.93441 -47.22000 0.30000 0.24000 0.82000 0.00000 0.00000 0.00000 NFRD khalkhali23
58.82026 36.20704 -0.69920 6.80784 -90.47000 0.23000 0.23000 0.66000 0.00000 0.00000 0.00000 NISH khalkhali23
59.17600 33.74000 -0.45055 6.30363 1.08000 0.18000 0.18000 0.45000 0.00000 0.00000 0.00000 QAEN khalkhali23
58.53730 37.07070 -1.10416 2.62182 -2.18000 0.23000 0.23000 0.61000 0.00000 0.00000 0.00000 QUCH khalkhali23
57.65280 36.18490 0.25697 8.02519 0.34000 0.24000 0.28000 0.59000 0.00000 0.00000 0.00000 SABZ khalkhali23
57.92130 36.69820 -0.89548 4.51686 2.58000 0.20000 0.22000 0.53000 0.00000 0.00000 0.00000 SAFI khalkhali23
61.14860 36.53680 -0.58290 2.26899 1.29000 0.17000 0.18000 0.41000 0.00000 0.00000 0.00000 SARK khalkhali23
57.82270 37.43720 -3.08237 3.35053 -10.21000 0.49000 0.59000 0.95000 0.00000 0.00000 0.00000 SHRN khalkhali23
56.95070 33.60340 -0.87307 10.47847 -1.48000 0.18000 0.18000 0.48000 0.00000 0.00000 0.00000 TABS khalkhali23
59.21870 35.34700 0.56607 4.30514 3.33000 0.24000 0.26000 0.58000 0.00000 0.00000 0.00000 THED khalkhali23
60.56420 35.29440 -0.80545 2.29966 3.13000 0.22000 0.22000 0.51000 0.00000 0.00000 0.00000 TJAM khalkhali23
59.62750 36.22410 0.31033 1.23555 0.33000 0.21000 0.23000 0.55000 0.00000 0.00000 0.00000 TORQ khalkhali23
61.71590 30.84130 0.91942 2.13421 2.77000 0.21000 0.23000 0.52000 0.00000 0.00000 0.00000 ZABL khalkhali23
68.37070 39.08440 -0.24000 2.67000 -1.15000 0.90000 0.97000 2.38000 0.00000 0.00000 0.00000 SRYA metzger20
68.53220 38.33440 -5.50000 5.42000 -2.82000 0.25000 0.17000 0.60000 0.00000 0.00000 0.00000 LNSA metzger20
68.53220 38.33440 -7.05000 2.65000 -1.02000 0.13000 0.09000 0.52000 0.00000 0.00000 0.00000 LNSB metzger20
68.54460 39.38920 3.04000 1.31000 -1.55000 1.79000 0.87000 1.97000 0.00000 0.00000 0.00000 AINA metzger20
68.60960 38.74160 -0.95000 2.50000 -5.36000 0.96000 1.48000 2.30000 0.00000 0.00000 0.00000 TDPA metzger20
68.61630 37.93440 -6.35000 2.07000 -7.02000 0.37000 0.34000 2.53000 0.00000 0.00000 0.00000 GANA metzger20
68.66730 37.37260 -9.49000 0.02000 -1.30000 3.02000 1.47000 3.38000 0.00000 0.00000 0.00000 DUSB metzger20
68.85870 39.11230 1.57000 6.15000 -7.81000 0.61000 1.13000 3.13000 0.00000 0.00000 0.00000 YGNA metzger20
69.18450 38.46730 -9.34000 4.18000 -1.61000 1.74000 1.43000 3.61000 0.00000 0.00000 0.00000 GF21 metzger20
69.19920 38.03660 -12.15000 4.14000 -0.56000 0.60000 0.85000 1.00000 0.00000 0.00000 0.00000 LAKA metzger20
69.22270 38.39310 -14.62000 4.74000 -7.78000 0.45000 0.56000 2.56000 0.00000 0.00000 0.00000 CHRA metzger20
69.22270 38.39310 -11.40000 3.35000 17.38000 0.05000 0.21000 0.76000 0.00000 0.00000 0.00000 CHRB metzger20
69.24540 38.34590 -6.96000 6.73000 -9.47000 0.99000 0.63000 3.51000 0.00000 0.00000 0.00000 GF20 metzger20
69.27730 38.85300 -2.37000 5.69000 -4.20000 1.43000 1.21000 3.50000 0.00000 0.00000 0.00000 OBGA metzger20
69.42130 38.58520 -0.89000 2.43000 -0.75000 1.57000 0.41000 2.71000 0.00000 0.00000 0.00000 T120 metzger20
69.57620 37.98390 -5.00000 5.97000 2.31000 1.23000 0.36000 4.58000 0.00000 0.00000 0.00000 GF19 metzger20
69.81920 37.92290 -17.47000 7.24000 1.22000 0.16000 0.58000 2.09000 0.00000 0.00000 0.00000 KULC metzger20
69.86040 38.00610 -15.22000 6.00000 -4.33000 0.86000 0.75000 2.99000 0.00000 0.00000 0.00000 GF18 metzger20
69.93550 38.90640 -3.53000 1.62000 -0.40000 0.89000 1.01000 6.14000 0.00000 0.00000 0.00000 GF07 metzger20
70.05630 38.86910 -2.85000 6.97000 0.14000 0.39000 0.30000 1.03000 0.00000 0.00000 0.00000 T200 metzger20
70.17210 37.94960 -16.38000 7.55000 -4.04000 1.79000 0.88000 3.28000 0.00000 0.00000 0.00000 GF17 metzger20
70.18890 38.83400 -15.43000 1.37000 7.22000 1.44000 1.02000 3.90000 0.00000 0.00000 0.00000 GF06 metzger20
70.18930 39.19080 -0.48000 3.56000 6.08000 1.70000 0.62000 10.03000 0.00000 0.00000 0.00000 GF08 metzger20
70.20120 39.12040 -1.16000 4.32000 -1.73000 1.19000 0.36000 2.63000 0.00000 0.00000 0.00000 T170 metzger20
70.23830 38.79880 -16.95000 6.06000 0.19000 0.69000 0.65000 5.03000 0.00000 0.00000 0.00000 GF01 metzger20
70.29240 40.19400 -1.36000 5.42000 5.77000 0.32000 0.48000 3.30000 0.00000 0.00000 0.00000 CAP1 metzger20
70.32620 38.77700 -18.10000 6.68000 -0.30000 1.42000 1.25000 4.92000 0.00000 0.00000 0.00000 GF05 metzger20
70.35330 38.73340 -20.12000 8.80000 3.07000 1.34000 1.15000 5.99000 0.00000 0.00000 0.00000 GF04 metzger20
70.41010 40.76980 -1.83000 2.92000 4.98000 0.31000 0.26000 0.91000 0.00000 0.00000 0.00000 SH01 metzger20
70.44490 38.10340 -10.08000 17.38000 4.15000 1.93000 1.11000 10.45000 0.00000 0.00000 0.00000 GF16 metzger20
70.55070 40.05810 0.25000 3.20000 -0.19000 0.29000 0.29000 1.10000 0.00000 0.00000 0.00000 SHU0 metzger20
70.62520 38.74860 -14.01000 9.15000 -0.57000 1.76000 0.70000 2.06000 0.00000 0.00000 0.00000 GF03 metzger20
70.71050 38.68840 -17.57000 11.04000 -0.88000 1.68000 0.92000 2.98000 0.00000 0.00000 0.00000 GF02 metzger20
70.76430 38.57740 -17.89000 10.00000 1.32000 2.68000 0.94000 2.73000 0.00000 0.00000 0.00000 GF11 metzger20
70.81090 38.44670 -12.82000 12.95000 -5.60000 3.08000 1.17000 4.42000 0.00000 0.00000 0.00000 GF12 metzger20
70.85100 39.22380 -3.96000 7.19000 6.54000 0.76000 0.23000 0.21000 0.00000 0.00000 0.00000 KHAA metzger20
70.94610 38.89610 -13.14000 11.84000 5.91000 0.49000 0.50000 5.68000 0.00000 0.00000 0.00000 SHKA metzger20
70.94620 38.89590 -11.48000 10.58000 25.72000 0.29000 0.64000 3.01000 0.00000 0.00000 0.00000 SHKC metzger20
71.02800 38.46640 -13.85000 11.95000 -1.67000 2.41000 0.98000 4.07000 0.00000 0.00000 0.00000 GF13 metzger20
71.23280 38.40410 -10.67000 12.71000 7.79000 0.53000 0.99000 2.89000 0.00000 0.00000 0.00000 PISH metzger20
71.26910 38.31460 -19.51000 15.58000 -6.89000 2.54000 1.74000 2.71000 0.00000 0.00000 0.00000 GF14 metzger20
71.30000 39.24580 -4.27000 9.92000 -2.44000 0.92000 0.60000 2.13000 0.00000 0.00000 0.00000 JIR0 metzger20
71.33660 39.24140 -5.02000 6.16000 1.23000 1.24000 2.13000 4.85000 0.00000 0.00000 0.00000 LHSA metzger20
71.38500 38.19080 -20.84000 13.01000 -6.74000 1.36000 1.58000 4.60000 0.00000 0.00000 0.00000 GF15 metzger20
71.57890 37.49660 -8.97000 13.28000 7.84000 0.37000 0.65000 1.29000 0.00000 0.00000 0.00000 DASH metzger20
71.61160 36.73000 -9.62000 14.60000 5.81000 0.60000 0.64000 1.91000 0.00000 0.00000 0.00000 ISHA metzger20
71.63330 36.72640 -8.39000 15.11000 -0.94000 0.51000 0.69000 1.14000 0.00000 0.00000 0.00000 RIN0 metzger20
71.66300 38.00320 -13.67000 13.15000 2.43000 1.73000 0.77000 4.82000 0.00000 0.00000 0.00000 T270 metzger20
71.66440 37.84070 -10.44000 14.32000 1.10000 0.14000 0.26000 2.01000 0.00000 0.00000 0.00000 KHUF metzger20
71.67510 38.51810 -10.57000 15.11000 -0.45000 0.98000 0.45000 3.95000 0.00000 0.00000 0.00000 SEDA metzger20
71.77780 37.29700 -9.30000 17.38000 7.15000 0.33000 0.25000 2.70000 0.00000 0.00000 0.00000 BRAO metzger20
71.92280 38.09540 -9.60000 15.04000 5.67000 0.39000 0.79000 1.96000 0.00000 0.00000 0.00000 DRJA metzger20
72.36580 37.37560 -6.38000 16.83000 6.49000 0.27000 0.29000 2.34000 0.00000 0.00000 0.00000 JAVS metzger20
72.48320 38.31140 -8.73000 16.82000 -34.37000 0.12000 0.40000 0.37000 0.00000 0.00000 0.00000 BRCB metzger20
72.66790 39.49470 -1.79000 7.56000 -2.30000 0.59000 0.68000 1.91000 0.00000 0.00000 0.00000 BRDB metzger20
72.76370 39.91760 0.00000 0.00000 0.00000 0.00000 0.00000 0.00000 0.00000 0.00000 0.00000 RRAB metzger20
73.10580 38.55380 -5.93000 17.95000 1.88000 0.45000 0.70000 3.00000 0.00000 0.00000 0.00000 ATSA metzger20
73.12010 37.46110 -5.31000 18.85000 3.79000 0.57000 0.63000 4.67000 0.00000 0.00000 0.00000 ABLA metzger20
73.19230 37.67440 -5.16000 19.25000 -0.70000 0.50000 0.61000 2.29000 0.00000 0.00000 0.00000 SASI metzger20
73.22970 39.79850 1.06000 8.03000 -0.86000 1.31000 2.59000 2.35000 0.00000 0.00000 0.00000 KG2B metzger20
73.24330 39.63980 5.88000 4.17000 0.08000 1000.00000 0.33000 0.12000 0.00000 0.00000 0.00000 KOKD metzger20
73.27970 38.90240 -5.90000 15.83000 -2.04000 0.71000 0.77000 2.84000 0.00000 0.00000 0.00000 AJLA metzger20
73.41510 37.79330 -4.97000 19.51000 5.79000 0.59000 0.82000 3.21000 0.00000 0.00000 0.00000 BZRA metzger20
73.42590 39.92510 1.39000 3.06000 3.04000 1.63000 1.52000 1.51000 0.00000 0.00000 0.00000 KG3B metzger20
73.42700 39.22590 -6.16000 15.03000 3.27000 1.27000 1.25000 1.72000 0.00000 0.00000 0.00000 UBLA metzger20
73.45950 38.95640 -5.22000 18.35000 3.22000 0.26000 0.30000 3.42000 0.00000 0.00000 0.00000 KRKA metzger20
73.61770 38.56030 -6.04000 19.59000 6.55000 0.98000 0.22000 3.30000 0.00000 0.00000 0.00000 AKBA metzger20
73.63790 38.14580 -5.41000 20.14000 9.81000 0.67000 1.48000 1.72000 0.00000 0.00000 0.00000 MADA metzger20
73.78490 37.67810 -5.69000 20.31000 4.54000 0.62000 0.36000 2.28000 0.00000 0.00000 0.00000 GURU metzger20
74.06120 37.52290 -5.48000 19.99000 -0.05000 1.72000 1.00000 2.98000 0.00000 0.00000 0.00000 YNGA metzger20
74.18460 37.83560 -4.93000 19.70000 3.71000 1.09000 1.10000 0.69000 0.00000 0.00000 0.00000 STSA metzger20
74.42270 37.52030 -4.47000 21.72000 7.51000 0.48000 0.32000 2.03000 0.00000 0.00000 0.00000 SALA metzger20
74.42730 38.06190 -5.23000 19.98000 20.39000 0.38000 0.49000 0.10000 0.00000 0.00000 0.00000 KASH metzger20
74.81440 37.47230 -3.86000 21.59000 3.29000 0.28000 0.58000 1.91000 0.00000 0.00000 0.00000 KOZI metzger20
74.82840 37.54020 -3.39000 20.65000 6.67000 0.38000 0.30000 1.51000 0.00000 0.00000 0.00000 SHMA metzger20
53.22648 31.12046 -1.14237 15.30466 -6.77200 0.29800 0.27900 0.92000 0.00000 0.00000 0.00000 ABRK midas
54.51974 24.38304 5.52127 24.15097 1.48600 0.27500 0.48100 1.09200 0.00000 0.00000 0.00000 ADH1 midas
62.21764 34.35124 -0.35111 0.68295 -3.59900 0.67400 0.85100 3.45500 0.00000 0.00000 0.00000 AFHT midas
69.18177 34.52187 -2.07285 10.28216 1.93500 0.84200 0.61300 2.01800 0.00000 0.00000 0.00000 AFKB midas
43.03288 39.71756 0.39256 6.09250 0.62600 0.27300 0.50900 0.83500 0.00000 0.00000 0.00000 AGID midas
48.68443 31.33965 -0.77411 16.21877 -2.42300 2.74800 2.10400 26.54900 0.00000 0.00000 0.00000 AHVA midas
48.74435 31.34387 -3.10088 17.46549 -2.27700 0.28800 0.34700 1.12700 0.00000 0.00000 0.00000 AHVZ midas
76.94264 43.28758 0.62252 2.35179 -4.35300 0.60400 0.35500 1.40000 0.00000 0.00000 0.00000 ALA2 midas
72.98144 41.24360 -3.03913 5.55355 -1.19500 0.88100 0.74800 1.53200 0.00000 0.00000 0.00000 ARSL midas
44.08559 40.28571 1.89931 6.17838 0.98800 0.17300 0.18400 0.71000 0.00000 0.00000 0.00000 ARUC midas
50.60815 26.20914 3.13514 21.63200 -0.84200 0.20000 0.24200 0.50800 0.00000 0.00000 0.00000 BAHR midas
49.81442 40.37217 3.38315 1.22093 2.17100 0.14200 0.15600 0.57200 0.00000 0.00000 0.00000 BAKU midas
44.01731 38.04345 -4.60925 16.68652 0.63800 0.26700 0.36100 1.13900 0.00000 0.00000 0.00000 BASK midas
50.60815 26.20914 2.78814 21.39500 -2.13300 0.26400 0.46100 0.82200 0.00000 0.00000 0.00000 BHR2 midas
50.60815 26.20915 3.50014 21.95700 0.34600 0.23700 0.24900 0.74000 0.00000 0.00000 0.00000 BHR3 midas
50.60815 26.20915 3.64514 21.97800 -0.22200 0.21600 0.21000 0.72800 0.00000 0.00000 0.00000 BHR4 midas
74.53318 42.85419 -0.91139 1.92040 0.56000 0.16700 0.21100 0.69700 0.00000 0.00000 0.00000 BIK0 midas
44.39216 39.37922 5.38967 9.27175 -1.94800 0.42800 0.39100 1.07900 0.00000 0.00000 0.00000 BZGN midas
43.06069 38.00735 -3.89151 16.60487 -0.13500 0.31400 0.49100 1.17900 0.00000 0.00000 0.00000 CAT9 midas
74.75110 42.99850 -1.36096 1.05826 0.01000 0.12500 0.15300 0.48000 0.00000 0.00000 0.00000 CHUM midas
51.48642 35.81536 -3.81465 7.52707 8.46700 2.17900 4.16600 6.87800 0.00000 0.00000 0.00000 DA01 midas
44.79748 39.65511 4.39624 9.10654 -1.17400 0.61000 0.70600 1.91600 0.00000 0.00000 0.00000 DLUC midas
80.58178 28.75444 8.96854 35.47805 -2.62900 0.25100 0.33800 0.97500 0.00000 0.00000 0.00000 DNGD midas
80.50093 29.73381 5.21220 31.39058 6.30600 0.70000 0.88900 2.50000 0.00000 0.00000 0.00000 DRCL midas
48.08705 29.08317 0.33404 20.08458 -0.84000 0.33800 0.26800 0.98000 0.00000 0.00000 0.00000 FG40 midas
46.36131 40.68037 3.03027 9.96383 -2.60700 0.26400 0.31100 1.63600 0.00000 0.00000 0.00000 GANJ midas
70.31668 39.00647 -1.42372 4.26231 -1.72600 0.33100 0.43900 1.54600 0.00000 0.00000 0.00000 GARM midas
80.62620 29.17652 7.07075 33.89093 -2.17600 0.35000 0.46300 1.60000 0.00000 0.00000 0.00000 GNTW midas
43.73402 37.57616 -9.55276 0.02189 -1.68600 0.62900 0.58000 1.84200 0.00000 0.00000 0.00000 HAK1 midas
43.73913 37.57432 -0.56443 -1.00693 1.85000 0.33600 0.36600 1.24200 0.00000 0.00000 0.00000 HAKK midas
48.53431 34.86909 -2.87212 13.19395 0.87000 0.27700 0.19600 0.89600 0.00000 0.00000 0.00000 HAMD midas
44.01825 39.92920 2.93330 5.40475 -0.23600 0.28600 0.38900 0.90800 0.00000 0.00000 0.00000 IGIR midas
44.05375 39.92645 1.92011 6.42399 -2.47100 1.06400 1.63500 4.93600 0.00000 0.00000 0.00000 IGR1 midas
80.23214 26.52143 6.28610 34.12357 0.82100 1.03900 1.12700 2.88500 0.00000 0.00000 0.00000 IITK midas
44.43840 33.34142 -2.28812 17.80853 0.16800 0.18900 0.19100 0.60800 0.00000 0.00000 0.00000 ISBA midas
47.79556 30.48701 -1.18802 19.90060 -4.05100 0.23400 0.25600 0.88200 0.00000 0.00000 0.00000 ISBS midas
44.01094 36.15985 -4.44597 15.86104 -7.51600 0.20200 0.26300 0.68700 0.00000 0.00000 0.00000 ISER midas
45.80838 32.50189 -4.11529 16.17208 -4.24200 0.25600 0.23500 0.67600 0.00000 0.00000 0.00000 ISKU midas
44.35328 32.01254 -1.42443 17.62068 -0.66700 0.15200 0.16400 0.51800 0.00000 0.00000 0.00000 ISNA midas
43.67304 34.60079 -1.39013 20.26279 -5.49500 0.71500 0.79500 1.48100 0.00000 0.00000 0.00000 ISSD midas
47.67039 30.55688 -1.12295 19.66219 -7.38500 0.55200 0.60700 2.01600 0.00000 0.00000 0.00000 IZBA midas
44.25988 33.29153 -1.90684 16.30691 -1.36400 0.66000 0.51200 1.72600 0.00000 0.00000 0.00000 IZBD midas
44.37236 33.94407 -4.03108 17.56113 -5.90000 0.57000 0.56400 1.78500 0.00000 0.00000 0.00000 IZBL midas
43.11614 35.76097 -5.26307 17.07058 -2.74300 0.61000 0.57700 1.84600 0.00000 0.00000 0.00000 IZQW midas
46.10688 30.94659 -2.61310 18.25909 1.57000 0.52500 0.49400 1.59200 0.00000 0.00000 0.00000 IZTL midas
57.76390 25.64949 1.60944 14.67882 -1.39000 0.25400 0.30900 0.71000 0.00000 0.00000 0.00000 JASK midas
73.02395 26.20645 3.96769 37.29477 4.39300 0.93900 2.02100 3.01100 0.00000 0.00000 0.00000 JDPR midas
49.46659 26.90269 3.11025 21.82163 -0.14700 0.34300 0.34500 1.12100 0.00000 0.00000 0.00000 JUB4 midas
49.56250 27.10332 3.07703 21.81139 -0.88000 0.27200 0.31000 0.95100 0.00000 0.00000 0.00000 JUBA midas
73.94351 41.38494 -1.50893 5.76742 0.99700 0.14200 0.18000 0.52300 0.00000 0.00000 0.00000 KAZA midas
66.88545 39.13477 -0.68337 1.35950 -1.59500 0.21800 0.21400 0.64100 0.00000 0.00000 0.00000 KIT3 midas
66.88674 39.13339 -1.19649 0.51986 -0.32800 0.26600 0.28800 0.79300 0.00000 0.00000 0.00000 KITG midas
78.19921 41.86780 2.11936 6.34285 3.19400 0.15100 0.28800 0.40600 0.00000 0.00000 0.00000 KMTR midas
78.36087 42.77558 0.11575 4.65972 -1.94600 0.28000 0.45200 1.16900 0.00000 0.00000 0.00000 KRB1 midas
78.58039 42.49944 -0.30042 9.54437 -0.79400 0.30900 0.40000 1.41000 0.00000 0.00000 0.00000 KRGT midas
43.09345 40.58845 1.16901 4.90938 0.93500 0.17400 0.18100 0.59200 0.00000 0.00000 0.00000 KRS1 midas
49.19722 27.13532 2.57314 21.67702 -1.22100 0.23100 0.27200 0.78600 0.00000 0.00000 0.00000 KUHR midas
78.19039 41.86352 4.46718 11.01429 4.34500 0.68900 0.70100 1.09000 0.00000 0.00000 0.00000 KUMT midas
47.97150 29.32497 0.96414 20.42341 -1.36500 0.15800 0.15300 0.49600 0.00000 0.00000 0.00000 KUWT midas
80.95597 26.91256 7.84386 34.66764 -3.27600 0.46200 0.39100 1.53500 0.00000 0.00000 0.00000 LCK2 midas
80.95564 26.91218 7.26489 34.96755 -2.41800 0.27100 0.23000 0.85200 0.00000 0.00000 0.00000 LCK3 midas
80.95562 26.91214 7.25789 34.74654 -2.36500 0.26300 0.24900 0.88800 0.00000 0.00000 0.00000 LCK4 midas
80.95589 26.91244 7.73687 35.38462 -3.30400 0.44000 0.41900 1.57600 0.00000 0.00000 0.00000 LCKI midas
77.17160 28.63707 7.76884 32.20209 3.69100 0.66400 0.54100 2.19700 0.00000 0.00000 0.00000 LIAA midas
51.42418 35.58871 -52244.17458 4309.36334 121.23200 6.70900 3.43400 7.77200 -0.00000 0.00000 0.00000 M020 midas
51.20502 35.76327 -1.18010 8.34603 0.78200 2.99500 3.31000 11.17800 0.00000 0.00000 0.00000 M022 midas
51.29822 35.64594 -13.20711 5.05254 -73.70100 2.86200 2.36000 6.88300 0.00000 0.00000 0.00000 M318 midas
51.58519 35.73451 -1.58376 10.48506 7.11200 1.98100 0.71300 8.43200 0.00000 0.00000 0.00000 M804 midas
71.68043 37.54230 -9.46853 14.59220 2.04700 0.19400 0.24700 0.81800 0.00000 0.00000 0.00000 MANM midas
59.47039 36.30885 -1.92266 1.70308 1.11700 3.33700 5.50700 18.15400 0.00000 0.00000 0.00000 MASH midas
43.76257 38.99193 2.14828 7.81049 -3.09100 0.52100 0.72000 2.65900 0.00000 0.00000 0.00000 MRD1 midas
43.76312 38.99010 0.55407 8.35762 0.72600 0.72600 0.67000 1.41100 0.00000 0.00000 0.00000 MRDY midas
59.47982 36.33472 -1.09156 1.55263 2.12300 0.38300 0.42700 1.68400 0.00000 0.00000 0.00000 MSHN midas
68.25599 25.40063 5.62845 28.19653 -1.51800 1.11800 0.85700 2.93400 0.00000 0.00000 0.00000 MUET midas
49.24319 39.40434 3.47098 10.07239 -6.05100 0.32500 0.47400 0.64800 0.00000 0.00000 0.00000 NEFT midas
48.33582 32.41771 -1.96195 17.35534 -13.95400 1.21600 0.46700 2.07600 0.00000 0.00000 0.00000 NILO midas
44.50293 40.22646 2.04754 7.52161 0.67200 0.16900 0.16500 0.60800 0.00000 0.00000 0.00000 NSSP midas
72.77750 40.52993 -1.08858 6.46694 -0.92900 0.25400 0.29700 1.11800 0.00000 0.00000 0.00000 OSHK midas
43.98868 38.65731 -2.48163 15.91288 0.31200 0.24900 0.28500 0.87700 0.00000 0.00000 0.00000 OZAL midas
48.59530 40.78020 2.53771 3.45691 2.51200 0.34100 0.37300 1.06000 0.00000 0.00000 0.00000 PIRG midas
49.89882 40.56222 1.83398 0.63992 1.79100 0.24400 0.32200 1.03800 0.00000 0.00000 0.00000 PIRS midas
79.48491 43.32751 1.15473 4.65775 0.61700 0.13400 0.15100 0.50000 0.00000 0.00000 0.00000 PODG midas
74.69427 42.67977 -0.89183 3.01187 0.69700 0.13500 0.14900 0.43400 0.00000 0.00000 0.00000 POL2 midas
43.05876 44.03738 -0.82727 0.36543 0.90500 0.21000 0.23000 0.80200 0.00000 0.00000 0.00000 PTGK midas
47.68958 40.95798 0.72967 6.07786 4.91700 0.72600 0.68400 4.35900 0.00000 0.00000 0.00000 QABL midas
49.10832 27.49177 2.91072 21.34408 -1.10000 0.19700 0.21200 0.63400 0.00000 0.00000 0.00000 RASZ midas
51.08171 28.91900 0.34187 20.89696 2.06000 2.63300 3.89400 5.80600 0.00000 0.00000 0.00000 REIH midas
53.82228 32.31306 -0.28661 12.69120 3.68700 1.15700 2.64200 8.04500 0.00000 0.00000 0.00000 ROS3 midas
48.47694 40.00942 5.15718 11.62089 2.28800 0.34900 0.35000 1.52200 0.00000 0.00000 0.00000 SABD midas
46.63931 24.73582 4.01461 19.33237 2.67400 0.65000 0.51300 1.65300 0.00000 0.00000 0.00000 SAS0 midas
47.17515 41.22018 -0.07708 5.66733 -2.54800 0.18800 0.19100 0.73400 0.00000 0.00000 0.00000 SEKC midas
77.01690 43.17873 -0.44132 2.53929 -0.43300 0.19800 0.22000 0.70400 0.00000 0.00000 0.00000 SELE midas
44.57389 37.30515 -4.99504 15.31819 1.10600 0.35900 0.32000 1.30300 0.00000 0.00000 0.00000 SEMD midas
75.31547 42.62071 4.74467 -1.55080 0.72400 1.50700 1.03700 1.61300 0.00000 0.00000 0.00000 SHAS midas
52.60259 29.54437 -0.65165 14.26077 -6.55300 0.31400 0.38200 1.10500 0.00000 0.00000 0.00000 SHRZ midas
68.12278 37.56210 -5.13643 2.79682 -1.76100 0.17500 0.17600 0.65700 0.00000 0.00000 0.00000 SHTZ midas
46.40057 24.91068 4.35327 19.76019 -1.24200 0.17100 0.19500 0.57200 0.00000 0.00000 0.00000 SOLA midas
58.17628 23.58489 6.48431 26.85704 0.32000 0.20700 0.19300 0.65200 0.00000 0.00000 0.00000 SQUO midas
73.99711 44.20813 -1.32480 0.30586 0.37000 0.13400 0.17500 0.53100 0.00000 0.00000 0.00000 SUMK midas
77.23774 43.30097 -1.17141 2.92424 1.13400 0.60500 1.03200 2.81100 0.00000 0.00000 0.00000 TAL2 midas
72.21045 42.44547 -1.06063 1.59314 1.12300 0.11700 0.14200 0.49000 0.00000 0.00000 0.00000 TALA midas
77.32713 43.29087 -0.80526 3.16814 0.98200 1.15800 1.02500 2.28200 0.00000 0.00000 0.00000 TALG midas
77.80477 41.72913 0.51900 9.76452 -0.17500 0.26300 0.38300 0.87800 0.00000 0.00000 0.00000 TAR7 midas
69.29557 41.32805 -1.31799 0.68251 0.17000 0.20800 0.17400 0.53500 0.00000 0.00000 0.00000 TASH midas
51.33410 35.69728 -1.22627 11.43260 1.13000 0.16600 0.16200 0.45800 0.00000 0.00000 0.00000 TEHN midas
72.23434 41.35871 -2.59001 2.79900 -1.29100 1.17800 2.22700 3.80500 0.00000 0.00000 0.00000 TKUM midas
51.41170 35.71772 -3.08698 8.59419 0.78200 0.73600 0.92300 6.80200 0.00000 0.00000 0.00000 TMIC midas
43.28292 38.56535 -4.87164 12.62688 -0.45100 0.46400 0.42100 1.65300 0.00000 0.00000 0.00000 VAAN midas
43.34581 38.46934 -7.07196 26.74034 -5.34000 0.77100 1.21900 1.75300 0.00000 0.00000 0.00000 VANA midas
58.46360 35.29267 0.36341 5.60205 9.74900 0.75400 2.34100 4.47600 0.00000 0.00000 0.00000 YAS1 midas
61.51736 31.04939 2.75744 2.90183 3.14100 1.07100 5.09400 8.51500 0.00000 0.00000 0.00000 ZAB3 midas
61.71592 30.84128 1.25742 1.62022 2.24200 0.27400 0.27300 0.99600 0.00000 0.00000 0.00000 ZABL midas
44.68330 43.03330 -1.19035 2.26379 2.49000 0.60000 0.70000 2.20000 0.00000 0.00000 0.00000 VLKK milyukov15a
78.80000 39.80000 0.12391 16.99868 0.15000 0.19000 0.12000 0.35000 0.00000 0.00000 0.00000 XJBC pan18
75.00000 38.70000 -3.71809 20.74375 0.26000 0.33000 0.18000 0.50000 0.00000 0.00000 0.00000 XJBL pan18
81.00000 45.00000 0.87898 4.25559 1.96000 0.19000 0.14000 0.38000 0.00000 0.00000 0.00000 XJWQ pan18
75.20000 39.70000 -0.01012 13.40349 0.05000 0.23000 0.15000 0.47000 0.00000 0.00000 0.00000 XJWU pan18
77.40000 37.90000 -1.95211 20.14059 -0.11000 0.20000 0.14000 0.40000 0.00000 0.00000 0.00000 XJYC pan18
80.40000 42.70000 2.66893 7.79645 2.03000 0.19000 0.12000 0.26000 0.00000 0.00000 0.00000 XJZS pan18
80.10000 32.50000 1.64058 18.14687 1.30000 0.20000 0.15000 0.52000 0.00000 0.00000 0.00000 XZGE pan18
79.70000 33.40000 1.02659 17.15743 0.90000 0.20000 0.18000 0.58000 0.00000 0.00000 0.00000 XZRT pan18
74.70000 42.70000 -1.70647 3.05413 0.67000 0.09000 0.08000 0.29000 0.00000 0.00000 0.00000 POL2 pan18
77.00000 43.20000 -0.43008 2.62113 0.58000 0.10000 0.11000 0.37000 0.00000 0.00000 0.00000 SELE pan18
75.20000 37.80000 -4.14480 21.34349 1.04000 0.09000 0.07000 0.14000 0.00000 0.00000 0.00000 TASH pan18
80.60000 28.80000 8.67623 34.91617 -2.06000 0.14000 0.14000 0.55000 0.00000 0.00000 0.00000 DNGD pan18
80.50000 29.70000 3.36199 30.34631 1.62000 0.52000 0.86000 0.72000 0.00000 0.00000 0.00000 DRCL pan18
80.60000 29.20000 5.22880 33.23617 -1.43000 0.20000 0.31000 0.61000 0.00000 0.00000 0.00000 GNTW pan18
78.80000 39.80000 0.12391 16.99868 0.15000 0.19000 0.12000 0.35000 0.00000 0.00000 0.00000 XJBC pan18
75.00000 38.70000 -3.71809 20.74375 0.26000 0.33000 0.18000 0.50000 0.00000 0.00000 0.00000 XJBL pan18
81.00000 45.00000 0.87898 4.25559 1.96000 0.19000 0.14000 0.38000 0.00000 0.00000 0.00000 XJWQ pan18
75.20000 39.70000 -0.01012 13.40349 0.05000 0.23000 0.15000 0.47000 0.00000 0.00000 0.00000 XJWU pan18
77.40000 37.90000 -1.95211 20.14059 -0.11000 0.20000 0.14000 0.40000 0.00000 0.00000 0.00000 XJYC pan18
80.40000 42.70000 2.66893 7.79645 2.03000 0.19000 0.12000 0.26000 0.00000 0.00000 0.00000 XJZS pan18
80.10000 32.50000 1.64058 18.14687 1.30000 0.20000 0.15000 0.52000 0.00000 0.00000 0.00000 XZGE pan18
79.70000 33.40000 1.02659 17.15743 0.90000 0.20000 0.18000 0.58000 0.00000 0.00000 0.00000 XZRT pan18
74.70000 42.70000 -1.70647 3.05413 0.67000 0.09000 0.08000 0.29000 0.00000 0.00000 0.00000 POL2 pan18
77.00000 43.20000 -0.43008 2.62113 0.58000 0.10000 0.11000 0.37000 0.00000 0.00000 0.00000 SELE pan18
75.20000 37.80000 -4.14480 21.34349 1.04000 0.09000 0.07000 0.14000 0.00000 0.00000 0.00000 TASH pan18
80.60000 28.80000 8.67623 34.91617 -2.06000 0.14000 0.14000 0.55000 0.00000 0.00000 0.00000 DNGD pan18
80.50000 29.70000 3.36199 30.34631 1.62000 0.52000 0.86000 0.72000 0.00000 0.00000 0.00000 DRCL pan18
80.60000 29.20000 5.22880 33.23617 -1.43000 0.20000 0.31000 0.61000 0.00000 0.00000 0.00000 GNTW pan18
66.88500 39.13500 -0.58261 1.09330 1.03000 0.73000 0.48000 0.23000 -0.34300 0.00000 0.00000 KIT3_GPS rui19
74.33638 39.84188 -0.69981 13.60459 1.69000 0.12000 0.17000 0.36000 0.00000 0.00000 0.00000 I089_GPS rui19
74.42703 39.02502 -4.06610 18.85448 3.06000 0.22000 0.28000 0.65000 0.01100 0.00000 0.00000 I399_GPS rui19
74.69400 42.68000 -1.00664 3.25414 1.03000 0.57000 0.43000 0.23000 0.02700 0.00000 0.00000 POL2_GPS rui19
74.95093 38.66239 -5.60842 20.28381 2.32000 0.13000 0.12000 0.29000 0.00000 0.00000 0.00000 I090_GPS rui19
74.97113 38.65090 -4.57849 20.32378 3.34000 0.23000 0.20000 0.46000 -0.00300 0.00000 0.00000 XJBL_GPS rui19
75.23786 39.73987 0.05023 13.46344 1.57000 0.20000 0.29000 0.62000 -0.00500 0.00000 0.00000 XJWU_GPS rui19
75.25018 39.71807 -0.71993 12.68342 -1.17000 0.12000 0.17000 0.38000 -0.00000 0.00000 0.00000 I078_GPS rui19
75.36646 40.50128 -0.10363 10.80327 -4.32000 0.24000 0.27000 0.74000 0.00500 0.00000 0.00000 I392_GPS rui19
75.38271 37.35356 -2.40802 21.89325 1.39000 0.35000 0.20000 1.06000 0.00000 0.00000 0.00000 I410_GPS rui19
75.40136 38.96021 1.72429 21.99323 -4.29000 0.22000 0.27000 0.66000 -0.00100 0.00000 0.00000 I401_GPS rui19
75.44655 36.85057 -3.43174 21.28317 -0.19000 0.27000 0.21000 0.62000 0.00000 0.00000 0.00000 I088_GPS rui19
75.57865 39.32092 2.67726 19.64300 -0.91000 0.28000 0.35000 0.97000 0.02500 0.00000 0.00000 I397_GPS rui19
75.89869 39.19550 0.64657 19.52258 -0.41000 0.15000 0.20000 0.48000 0.00200 0.00000 0.00000 I081_GPS rui19
76.00857 39.56039 0.85953 18.21244 -8.70000 0.28000 0.35000 0.87000 0.01800 0.00000 0.00000 I396_GPS rui19
76.16153 38.66847 -2.16729 21.18224 -7.60000 0.33000 0.41000 0.96000 0.01300 0.00000 0.00000 J307_GPS rui19
76.17408 38.93539 0.01479 19.81222 -2.91000 0.16000 0.21000 0.51000 0.00400 0.00000 0.00000 I083_GPS rui19
76.66065 38.38013 -1.38907 20.21158 -3.99000 0.23000 0.29000 0.78000 0.01700 0.00000 0.00000 I404_GPS rui19
76.73425 39.49698 1.61969 17.54148 -5.62000 0.14000 0.17000 0.44000 -0.00400 0.00000 0.00000 I079_GPS rui19
76.88892 40.20440 0.89542 13.85128 -2.14000 0.16000 0.17000 0.46000 0.00200 0.00000 0.00000 I074_GPS rui19
76.98139 36.84796 -1.32044 20.76115 2.11000 0.45000 0.35000 0.73000 0.00000 0.00000 0.00000 I413_GPS rui19
77.04034 37.13804 -0.69821 19.66107 1.51000 0.23000 0.33000 0.85000 -0.03600 0.00000 0.00000 I411_GPS rui19
77.27711 38.17394 -2.49012 19.99076 0.17000 0.11000 0.16000 0.42000 -0.00600 0.00000 0.00000 I084_GPS rui19
77.35555 37.50107 -1.18519 19.83065 1.33000 0.24000 0.29000 1.11000 0.00000 0.00000 0.00000 I409_GPS rui19
77.44418 39.63086 2.03138 16.51053 2.02000 0.26000 0.31000 0.96000 0.04000 0.00000 0.00000 I395_GPS rui19
77.44557 37.85034 -1.97245 20.15053 0.49000 0.18000 0.21000 0.60000 -0.00600 0.00000 0.00000 XJYC_GPS rui19
77.62215 40.34338 2.80719 14.39029 -0.12000 0.32000 0.28000 1.05000 0.02400 0.00000 0.00000 I393_GPS rui19
77.62493 38.90400 -0.20416 18.10029 -1.34000 0.14000 0.20000 0.55000 -0.01900 0.00000 0.00000 I082_GPS rui19
77.83829 37.39437 -2.91559 18.80000 1.19000 0.20000 0.27000 0.69000 0.00000 0.00000 0.00000 I416_GPS rui19
77.84381 35.56756 -2.34923 19.08999 2.09000 0.23000 0.32000 0.88000 -0.01900 0.00000 0.00000 J303_GPS rui19
77.94884 40.87685 2.19177 14.11985 5.97000 0.34000 0.28000 1.05000 0.02600 0.00000 0.00000 I388_GPS rui19
78.03688 39.71398 -0.64744 17.88973 -0.43000 0.13000 0.11000 0.45000 0.00600 0.00000 0.00000 I075_GPS rui19
78.24623 37.55870 -2.90400 19.33944 0.35000 0.12000 0.20000 0.45000 0.00600 0.00000 0.00000 I086_GPS rui19
78.45139 40.94160 1.25274 15.11916 0.37000 0.19000 0.14000 0.57000 0.00100 0.00000 0.00000 I072_GPS rui19
78.54008 39.77649 -1.06650 17.04904 -1.11000 0.17000 0.17000 0.63000 0.02300 0.00000 0.00000 I076_GPS rui19
78.72244 36.20457 -2.39381 17.63879 -0.24000 0.22000 0.34000 0.82000 0.01600 0.00000 0.00000 J301_GPS rui19
78.77030 39.81387 0.19400 17.03873 1.02000 0.17000 0.19000 0.60000 -0.00400 0.00000 0.00000 XJBC_GPS rui19
79.03528 40.50338 1.40974 14.34836 -1.33000 0.18000 0.13000 0.60000 0.00300 0.00000 0.00000 I073_GPS rui19
79.04516 37.16205 -2.96635 18.98835 1.29000 0.17000 0.40000 0.64000 0.00000 0.00000 0.00000 XJHT_GPS rui19
79.09811 31.88647 -0.16436 19.82827 0.19000 0.25000 0.26000 0.95000 0.02500 0.00000 0.00000 J308_GPS rui19
79.15933 35.99503 -1.18502 17.20819 2.24000 0.22000 0.22000 0.68000 0.00000 0.00000 0.00000 J302_GPS rui19
79.20976 41.20230 1.52554 14.61812 2.31000 0.17000 0.07000 0.61000 0.00100 0.00000 0.00000 WUSH_GPS rui19
79.42741 35.77380 -0.82644 16.92782 1.05000 0.30000 0.30000 0.60000 0.00000 0.00000 0.00000 J305_GPS rui19
79.47314 35.23492 -0.46037 16.37775 2.31000 0.24000 0.20000 1.04000 0.00000 0.00000 0.00000 J306_GPS rui19
79.51630 35.61532 -1.92754 16.64769 1.52000 0.33000 0.29000 0.82000 0.00000 0.00000 0.00000 J304_GPS rui19
79.71525 41.66150 2.41973 11.36741 1.66000 0.31000 0.25000 1.01000 0.03800 0.00000 0.00000 I384_GPS rui19
79.71797 33.39254 0.73655 17.93741 1.52000 0.25000 0.26000 1.05000 0.00600 0.00000 0.00000 XZRT_GPS rui19
79.73839 35.01476 -0.54178 16.44738 3.05000 0.26000 0.27000 0.60000 0.00000 0.00000 0.00000 J309_GPS rui19
79.80893 33.21362 0.46536 17.04728 -1.82000 0.25000 0.25000 1.02000 0.03600 0.00000 0.00000 J310_GPS rui19
79.81381 31.49796 0.72350 19.51728 0.23000 0.24000 0.25000 0.91000 0.02100 0.00000 0.00000 J311_GPS rui19
79.86212 34.94700 -0.96218 16.21721 -0.82000 0.30000 0.26000 0.62000 0.00000 0.00000 0.00000 J312_GPS rui19
79.91453 36.82523 -1.75819 17.05713 1.07000 0.30000 0.30000 0.60000 0.00000 0.00000 0.00000 I414_GPS rui19
79.94010 33.56441 1.26794 17.05710 0.37000 0.43000 0.46000 1.81000 0.01700 0.00000 0.00000 J049_GPS rui19
79.99011 36.39937 -1.86134 17.75703 1.24000 0.48000 0.33000 0.79000 0.00000 0.00000 0.00000 I418_GPS rui19
80.00153 32.61170 0.58129 17.95701 -2.24000 0.23000 0.25000 0.87000 0.01000 0.00000 0.00000 J313_GPS rui19
80.06542 41.66351 1.58006 8.94692 5.04000 0.32000 0.30000 1.11000 0.02000 0.00000 0.00000 I385_GPS rui19
80.10676 32.51991 1.47072 18.17686 2.16000 0.20000 0.25000 0.76000 0.01600 0.00000 0.00000 XZGE_GPS rui19
80.29294 31.71046 1.17528 18.86660 -0.01000 0.25000 0.26000 0.95000 0.01600 0.00000 0.00000 J314_GPS rui19
80.30054 37.89088 -3.14975 15.44659 -1.11000 0.22000 0.32000 0.88000 0.01700 0.00000 0.00000 I406_GPS rui19
80.32346 33.77060 1.56969 17.69656 -1.01000 0.25000 0.26000 1.03000 -0.00700 0.00000 0.00000 J316_GPS rui19
80.34671 42.69237 1.45882 8.09652 -5.78000 0.17000 0.25000 0.64000 0.01700 0.00000 0.00000 I377_GPS rui19
80.36433 42.67645 2.59870 8.08650 2.59000 0.15000 0.24000 0.52000 -0.00600 0.00000 0.00000 XJZS_GPS rui19
80.39245 40.64296 1.37205 14.38646 -0.45000 0.18000 0.15000 0.63000 0.00800 0.00000 0.00000 I062_GPS rui19
80.41285 33.04069 0.98458 17.55643 -2.24000 0.22000 0.23000 0.86000 0.00900 0.00000 0.00000 J317_GPS rui19
80.42929 30.96130 0.80030 20.30641 0.14000 0.28000 0.28000 1.06000 -0.00600 0.00000 0.00000 J318_GPS rui19
80.43908 44.17030 0.69135 4.61639 0.31000 0.26000 0.36000 1.23000 0.02500 0.00000 0.00000 I343_GPS rui19
80.74056 42.72828 1.35947 7.95597 -4.89000 0.20000 0.27000 0.87000 0.01300 0.00000 0.00000 I372_GPS rui19
80.85945 44.06492 0.58084 5.92580 -1.68000 0.18000 0.27000 0.94000 0.01100 0.00000 0.00000 I048_GPS rui19
80.99878 44.96008 0.70863 4.35560 1.07000 0.15000 0.22000 0.78000 -0.01100 0.00000 0.00000 XJWQ_GPS rui19
80.50093 29.73381 3.22221 29.97631 1.88000 0.19000 0.24000 0.33000 0.00000 0.00000 0.00000 DRCL_NGL rui19
80.58178 28.75444 8.78593 34.42619 -2.18000 0.26000 0.13000 0.21000 0.00000 0.00000 0.00000 DNGD_NGL rui19
80.62619 29.17652 3.55867 32.95613 -1.70000 0.48000 0.40000 0.69000 0.00000 0.00000 0.00000 GNTW_NGL rui19
43.00500 42.10200 0.98000 3.47000 7.15000 0.50000 0.58000 2.32000 -0.00300 0.00000 0.00000 GR01 sokhadze18
43.03900 42.54000 1.06000 1.32000 3.64000 0.54000 0.65000 2.35000 0.01900 0.00000 0.00000 GR07 sokhadze18
43.13400 42.46800 1.04000 2.08000 3.46000 0.35000 0.40000 1.44000 -0.04500 0.00000 0.00000 GR06 sokhadze18
43.18300 42.17400 0.31000 3.35000 4.08000 0.45000 0.55000 1.88000 -0.06800 0.00000 0.00000 GR03 sokhadze18
43.28000 42.63700 -0.02000 1.67000 -1.06000 0.57000 0.69000 2.52000 -0.03800 0.00000 0.00000 GR08 sokhadze18
43.40000 42.50000 0.37000 1.97000 0.20000 0.49000 0.59000 2.16000 -0.11300 0.00000 0.00000 GR09 sokhadze18
43.54400 42.56300 0.22000 0.08000 4.67000 0.50000 0.57000 2.12000 -0.06900 0.00000 0.00000 GR10 sokhadze18
43.66600 41.31700 1.84000 4.02000 -1.69000 0.42000 0.48000 1.62000 -0.01200 0.00000 0.00000 GJ06 sokhadze18
44.31000 41.27400 2.17000 4.48000 1.08000 0.82000 0.99000 4.42000 -0.16500 0.00000 0.00000 GK02 sokhadze18
44.32500 41.21600 2.97000 3.72000 1.68000 0.56000 0.66000 2.46000 0.06400 0.00000 0.00000 GK01 sokhadze18
44.41800 41.37900 2.38000 4.01000 3.47000 0.51000 0.57000 2.30000 -0.06200 0.00000 0.00000 GK03 sokhadze18
44.46800 42.52500 0.10000 3.81000 -0.72000 0.59000 0.58000 2.21000 -0.19800 0.00000 0.00000 GK14 sokhadze18
44.50200 41.55800 2.71000 4.56000 3.98000 0.59000 0.74000 2.66000 0.04100 0.00000 0.00000 GK04 sokhadze18
44.50900 41.68900 1.03000 5.53000 1.01000 0.40000 0.46000 1.59000 -0.02500 0.00000 0.00000 GK06 sokhadze18
44.67200 42.22500 -0.25000 2.99000 6.16000 0.46000 0.55000 2.24000 -0.08000 0.00000 0.00000 GK11 sokhadze18
44.68800 42.30400 -0.69000 3.54000 3.27000 0.75000 0.88000 4.67000 -0.02200 0.00000 0.00000 GK12 sokhadze18
43.35300 42.32400 0.23000 2.43000 3.02000 0.25000 0.26000 0.93000 0.00700 0.00000 0.00000 SARK sokhadze18
43.49300 41.41000 1.77000 4.20000 -1.70000 0.17000 0.16000 0.49000 -0.00100 0.00000 0.00000 AKAL sokhadze18
44.72000 41.92000 0.03000 4.15000 2.05000 0.26000 0.32000 0.85000 0.00400 0.00000 0.00000 NTKT sokhadze18
44.10200 41.53900 0.42000 3.67000 0.69000 0.15000 0.17000 0.42000 0.00300 0.00000 0.00000 TRLT sokhadze18
44.80700 41.70200 0.95000 5.27000 0.81000 0.14000 0.18000 0.44000 0.00600 0.00000 0.00000 TBIL sokhadze18
44.49100 42.44400 -0.44000 2.92000 0.79000 0.13000 0.13000 0.28000 0.00700 0.00000 0.00000 GUDA sokhadze18
44.96800 42.11000 0.09000 3.60000 0.88000 0.17000 0.26000 0.39000 0.00300 0.00000 0.00000 TIAN sokhadze18
44.42900 41.92000 0.16000 3.53000 0.83000 0.20000 0.25000 0.64000 0.00300 0.00000 0.00000 KASP sokhadze18
44.08600 40.28600 2.03000 5.77000 0.21000 0.22000 0.25000 0.90000 0.00100 0.00000 0.00000 ARUC sokhadze18
44.50300 40.22600 2.55000 7.26000 -0.55000 0.16000 0.14000 0.69000 0.00300 0.00000 0.00000 NSSP sokhadze18
51.33400 35.69700 -0.76000 11.65000 1.37000 0.11000 0.08000 0.14000 -0.00100 0.00000 0.00000 TEHN sokhadze18
66.88500 39.13500 -0.22000 1.25000 -1.19000 0.11000 0.12000 0.19000 0.00400 0.00000 0.00000 KIT3 sokhadze18
74.69400 42.68000 -0.94000 2.93000 3.50000 0.10000 0.09000 0.41000 -0.02100 0.00000 0.00000 POL2 sokhadze18
50.60810 26.20910 3.74314 22.21099 -0.42000 0.17000 0.14000 0.38000 0.00000 0.00000 0.00000 BAHR viltres22
43.95500 26.35120 2.76898 18.52405 -1.19000 0.28000 0.27000 0.45000 0.00000 0.00000 0.00000 BURD viltres22
49.96920 26.83310 2.82071 22.38142 -1.39000 0.49000 0.46000 1.53000 0.00000 0.00000 0.00000 ES01 viltres22
49.30820 27.31350 3.16997 21.57744 -1.74000 0.41000 0.43000 1.11000 0.00000 0.00000 0.00000 ES02 viltres22
50.52270 25.27650 4.17163 23.49960 -0.38000 0.66000 0.56000 1.49000 0.00000 0.00000 0.00000 ES04 viltres22
51.44090 24.57130 4.68399 22.99056 0.73000 0.48000 0.39000 1.01000 0.00000 0.00000 0.00000 ES05 viltres22
47.16230 28.98950 2.04325 18.58321 -1.31000 0.51000 0.46000 1.79000 0.00000 0.00000 0.00000 ES06 viltres22
45.96300 28.43110 0.76371 18.96582 -0.94000 0.32000 0.37000 1.31000 0.00000 0.00000 0.00000 ES07 viltres22
47.68180 27.51180 3.91040 20.76896 -4.25000 0.59000 0.62000 1.46000 0.00000 0.00000 0.00000 ES08 viltres22
49.49630 24.89340 3.28543 21.41398 1.08000 0.44000 0.44000 1.41000 0.00000 0.00000 0.00000 ES09 viltres22
48.96420 23.29880 5.90884 21.80256 -0.94000 0.54000 0.56000 1.37000 0.00000 0.00000 0.00000 ES10 viltres22
48.50810 27.46390 3.23197 21.13051 -3.24000 0.60000 0.61000 1.60000 0.00000 0.00000 0.00000 ES19 viltres22
44.89330 27.86170 2.07602 18.05301 -1.73000 0.62000 0.73000 1.68000 0.00000 0.00000 0.00000 ES20 viltres22
49.56580 25.35580 3.46837 21.50120 -1.51000 0.32000 0.28000 1.00000 0.00000 0.00000 0.00000 ES96 viltres22
48.83390 25.84890 3.56457 21.61049 -1.96000 0.48000 0.48000 1.36000 0.00000 0.00000 0.00000 ES97 viltres22
49.53080 26.26530 3.38131 21.77253 -1.78000 0.75000 0.74000 1.44000 0.00000 0.00000 0.00000 ES99 viltres22
43.01290 27.06950 3.59868 18.42691 1.37000 0.38000 0.45000 1.32000 0.00000 0.00000 0.00000 HL03 viltres22
43.17100 27.60730 3.06826 19.37316 -0.42000 0.34000 0.34000 0.86000 0.00000 0.00000 0.00000 HL06 viltres22
44.43800 33.34100 -2.31710 18.84644 -0.89000 0.28000 0.29000 0.75000 0.00000 0.00000 0.00000 ISBA viltres22
44.35300 32.01300 -1.29439 18.58661 -1.40000 0.28000 0.20000 0.85000 0.00000 0.00000 0.00000 ISNA viltres22
43.67300 34.60100 -3.26512 18.10878 -0.97000 0.56000 0.56000 1.32000 0.00000 0.00000 0.00000 ISSD viltres22
48.46080 28.48400 2.11226 20.39893 -2.92000 0.44000 0.39000 2.79000 0.00000 0.00000 0.00000 KAFJ viltres22
47.97100 29.32500 0.87717 20.60929 -1.61000 0.21000 0.20000 0.41000 0.00000 0.00000 0.00000 KUWT viltres22
46.23240 24.47310 4.12025 20.31001 -1.32000 0.44000 0.30000 0.86000 0.00000 0.00000 0.00000 MUZH viltres22
43.55540 29.64290 1.14726 17.53162 -1.09000 0.41000 0.58000 1.41000 0.00000 0.00000 0.00000 NB02 viltres22
50.11620 26.42560 3.40627 22.18804 -0.52000 0.20000 0.15000 0.59000 0.00000 0.00000 0.00000 QATD viltres22
44.09450 26.99200 3.05397 19.18644 1.99000 0.91000 1.10000 1.62000 0.00000 0.00000 0.00000 QS04 viltres22
43.94780 25.60980 3.96998 17.40238 -0.61000 0.38000 0.40000 1.33000 0.00000 0.00000 0.00000 QS07 viltres22
44.58910 25.83120 2.84527 18.43173 0.86000 0.43000 0.42000 1.80000 0.00000 0.00000 0.00000 QS95 viltres22
43.35470 25.56090 2.84620 17.73537 0.98000 0.35000 0.37000 0.72000 0.00000 0.00000 0.00000 QS96 viltres22
43.29060 26.03340 2.20818 17.30063 0.91000 0.41000 0.41000 1.17000 0.00000 0.00000 0.00000 QS97 viltres22
46.75630 24.68040 4.14519 20.54545 -2.78000 0.30000 0.26000 0.76000 0.00000 0.00000 0.00000 RIYD viltres22
46.36300 24.91730 3.91157 19.95121 -2.41000 0.49000 0.48000 1.41000 0.00000 0.00000 0.00000 RY01 viltres22
46.16580 25.32560 4.27864 20.23412 -1.41000 0.38000 0.30000 1.39000 0.00000 0.00000 0.00000 RY02 viltres22
48.05890 24.20660 5.14272 20.60070 -1.14000 0.41000 0.30000 1.35000 0.00000 0.00000 0.00000 RY03 viltres22
46.14910 26.13190 3.54118 19.09014 -2.59000 0.35000 0.40000 1.18000 0.00000 0.00000 0.00000 RY04 viltres22
45.61550 23.57550 4.69576 18.39332 -0.43000 0.51000 0.36000 1.42000 0.00000 0.00000 0.00000 RY05 viltres22
45.31870 26.88360 3.89177 19.43314 -2.53000 0.34000 0.20000 1.39000 0.00000 0.00000 0.00000 RY06 viltres22
43.91960 23.40390 4.78942 18.00584 -0.41000 0.37000 0.36000 1.30000 0.00000 0.00000 0.00000 RY07 viltres22
46.64880 25.15610 4.45178 19.43965 -2.00000 0.61000 0.60000 1.40000 0.00000 0.00000 0.00000 RY10 viltres22
47.09410 23.55620 5.35005 19.57675 -0.87000 0.33000 0.20000 1.35000 0.00000 0.00000 0.00000 RY11 viltres22
47.51720 24.18760 5.12872 19.65903 -1.86000 0.38000 0.30000 1.39000 0.00000 0.00000 0.00000 RY13 viltres22
43.23370 24.55720 4.58868 17.55755 -3.03000 0.35000 0.40000 1.23000 0.00000 0.00000 0.00000 RY15 viltres22
47.23340 26.36780 3.09566 20.55037 -2.47000 0.46000 0.48000 1.56000 0.00000 0.00000 0.00000 RY18 viltres22
44.18380 24.26430 4.51182 18.50719 1.89000 0.39000 0.30000 2.67000 0.00000 0.00000 0.00000 RY70 viltres22
44.28640 24.72080 4.08596 18.44108 0.91000 0.40000 0.39000 1.48000 0.00000 0.00000 0.00000 RY72 viltres22
43.68430 24.67290 4.10141 17.77137 -1.79000 0.46000 0.40000 1.75000 0.00000 0.00000 0.00000 RY73 viltres22
43.47930 25.14130 3.16995 16.94406 -0.50000 0.48000 0.52000 0.80000 0.00000 0.00000 0.00000 RY74 viltres22
44.82160 26.24770 2.89573 19.62618 -1.06000 0.37000 0.44000 1.02000 0.00000 0.00000 0.00000 RY75 viltres22
46.49060 23.21530 4.88808 19.93174 0.66000 0.37000 0.33000 1.46000 0.00000 0.00000 0.00000 RY77 viltres22
47.17250 24.30390 4.19539 20.27566 -0.68000 0.45000 0.41000 1.48000 0.00000 0.00000 0.00000 RY82 viltres22
46.83510 24.40130 4.75301 20.14439 -1.01000 0.36000 0.30000 1.44000 0.00000 0.00000 0.00000 RY83 viltres22
46.29390 24.02320 4.11771 19.62470 -0.21000 0.30000 0.35000 0.65000 0.00000 0.00000 0.00000 RY84 viltres22
44.75920 23.76030 4.14445 18.69155 -1.22000 0.52000 0.49000 1.27000 0.00000 0.00000 0.00000 RY85 viltres22
45.27380 24.06080 4.52489 18.97254 1.08000 0.31000 0.32000 1.31000 0.00000 0.00000 0.00000 RY86 viltres22
45.81170 24.34440 4.31487 19.21985 -1.18000 0.30000 0.32000 1.28000 0.00000 0.00000 0.00000 RY87 viltres22
45.25480 24.61360 4.46153 19.30806 0.64000 0.34000 0.30000 1.39000 0.00000 0.00000 0.00000 RY89 viltres22
45.86340 24.92110 4.07608 19.27214 -1.64000 0.32000 0.26000 1.35000 0.00000 0.00000 0.00000 RY90 viltres22
45.23970 25.23710 3.64781 18.91450 -1.01000 0.34000 0.31000 1.23000 0.00000 0.00000 0.00000 RY91 viltres22
45.41800 25.86180 3.34314 19.21659 -0.76000 0.34000 0.34000 1.32000 0.00000 0.00000 0.00000 RY92 viltres22
46.55210 25.68860 3.30766 19.95647 -1.57000 0.32000 0.32000 0.85000 0.00000 0.00000 0.00000 RY93 viltres22
45.79440 25.59540 3.73496 19.11575 -1.20000 0.35000 0.30000 0.90000 0.00000 0.00000 0.00000 RY94 viltres22
47.15580 25.57070 3.23995 19.73164 -1.94000 0.37000 0.37000 0.81000 0.00000 0.00000 0.00000 RY95 viltres22
47.55570 25.10300 3.90222 20.01836 -2.14000 0.45000 0.46000 1.32000 0.00000 0.00000 0.00000 RY96 viltres22
46.99670 24.92940 4.32769 20.34328 -0.68000 0.56000 0.50000 1.49000 0.00000 0.00000 0.00000 RY97 viltres22
46.69420 24.67410 4.16968 20.03054 -1.06000 0.38000 0.32000 0.69000 0.00000 0.00000 0.00000 RY99 viltres22
46.40060 24.91070 4.34926 20.08020 -2.11000 0.15000 0.10000 0.44000 0.00000 0.00000 0.00000 SOLA viltres22
58.17630 23.58490 6.86331 26.80505 2.09000 0.27000 0.20000 1.13000 0.00000 0.00000 0.00000 SQUO viltres22
80.69000 29.98000 5.67370 24.43745 3.20000 0.30000 0.30000 1.70000 0.00000 0.00000 0.00000 PANG* yadav19
80.09000 29.42000 5.00106 33.36332 0.70000 0.10000 0.20000 0.60000 0.00000 0.00000 0.00000 LOHA* yadav19
79.89000 30.69000 0.64518 22.90529 3.30000 0.10000 0.10000 0.30000 0.00000 0.00000 0.00000 MALA* yadav19
79.82000 28.95000 5.02611 35.18497 -0.30000 0.60000 0.70000 0.90000 0.00000 0.00000 0.00000 NNKM* yadav19
79.60000 29.94000 4.57759 30.72114 5.20000 0.40000 0.30000 0.90000 0.00000 0.00000 0.00000 BAIJ* yadav19
79.59000 29.64000 4.19162 32.01824 1.10000 0.30000 0.30000 1.40000 0.00000 0.00000 0.00000 KORA* yadav19
79.56000 30.53000 4.45250 27.30953 3.90000 0.40000 0.50000 0.70000 0.00000 0.00000 0.00000 AULI* yadav19
79.46000 29.38000 4.90482 33.48052 0.90000 0.10000 0.20000 0.40000 0.00000 0.00000 0.00000 NAIN* yadav19
79.34000 30.38000 1.45944 27.54570 4.00000 0.10000 0.20000 0.50000 0.00000 0.00000 0.00000 HRMN* yadav19
79.32000 29.41000 5.40385 33.13990 0.70000 0.30000 0.30000 0.70000 0.00000 0.00000 0.00000 KTBH* yadav19
79.10000 29.64000 5.39352 34.37608 0.50000 0.10000 0.20000 0.60000 0.00000 0.00000 0.00000 KOTA* yadav19
78.88000 30.17000 4.57043 33.61227 1.30000 0.10000 0.10000 0.80000 0.00000 0.00000 0.00000 KHIR* yadav19
78.78000 31.04000 0.13667 23.58326 4.20000 0.10000 0.20000 0.70000 0.00000 0.00000 0.00000 DHAR* yadav19
78.67000 29.89000 4.08400 32.45136 0.30000 0.30000 0.30000 1.00000 0.00000 0.00000 0.00000 GUMK* yadav19
78.66000 30.55000 2.75584 30.84846 1.40000 0.10000 0.10000 0.70000 0.00000 0.00000 0.00000 BDKD* yadav19
78.42000 30.96000 0.24170 26.77887 5.50000 0.10000 0.10000 0.40000 0.00000 0.00000 0.00000 PHOL* yadav19
78.40000 30.46000 5.16104 33.57307 0.80000 0.40000 0.40000 0.30000 0.00000 0.00000 0.00000 KUNR* yadav19
78.34000 30.21000 5.27185 32.65567 -0.20000 0.10000 0.30000 0.70000 0.00000 0.00000 0.00000 AGAR* yadav19
78.34000 29.59000 5.00006 33.85567 -1.50000 0.40000 0.90000 1.80000 0.00000 0.00000 0.00000 NAJI* yadav19
78.14000 30.79000 2.24988 31.49769 1.40000 0.10000 0.30000 0.50000 0.00000 0.00000 0.00000 SUNR* yadav19
79.62000 29.64000 5.79152 33.52694 -0.80000 0.10000 0.10000 0.70000 0.00000 0.00000 0.00000 GBPK$ yadav19
79.45000 29.39000 7.00436 33.67762 -0.80000 0.10000 0.20000 0.50000 0.00000 0.00000 0.00000 GBNL$ yadav19
78.71000 30.19000 5.47048 31.66296 0.40000 0.30000 0.20000 0.50000 0.00000 0.00000 0.00000 GBSN$ yadav19
80.29000 29.57000 3.99331 31.82137 2.70000 0.50000 0.30000 1.20000 0.00000 0.00000 0.00000 PTH2# yadav19
80.24000 30.06000 2.87062 26.80685 7.80000 0.60000 0.30000 0.90000 0.00000 0.00000 0.00000 MUN2# yadav19
79.49000 30.74000 -0.75549 22.48922 2.80000 0.30000 0.10000 0.40000 0.00000 0.00000 0.00000 BDRI# yadav19
78.75000 30.53000 2.65613 29.67456 1.40000 0.20000 0.10000 0.30000 0.00000 0.00000 0.00000 GHUT# yadav19
78.01000 30.33000 4.36907 33.26000 0.60000 0.10000 0.10000 0.40000 0.00000 0.00000 0.00000 WIH2# yadav19
80.62600 29.17600 4.41278 33.61888 0.70000 0.70000 0.60000 3.10000 0.00000 0.00000 0.00000 GNTW yadav19
80.50000 29.73300 1.38524 26.38231 2.60000 0.30000 0.50000 2.30000 0.00000 0.00000 0.00000 DRCL yadav19
80.69000 29.98000 5.67370 24.43745 3.20000 0.30000 0.30000 1.70000 0.00000 0.00000 0.00000 PANG yadav20
80.09000 29.42000 5.00106 33.36332 0.70000 0.10000 0.20000 0.60000 0.00000 0.00000 0.00000 LOHA yadav20
79.89000 30.69000 0.64518 22.90529 3.30000 0.10000 0.10000 0.30000 0.00000 0.00000 0.00000 MALA yadav20
79.82000 28.95000 5.02611 35.18497 -0.30000 0.60000 0.70000 0.90000 0.00000 0.00000 0.00000 NNKM yadav20
79.60000 29.94000 4.57759 30.72114 5.20000 0.40000 0.30000 0.90000 0.00000 0.00000 0.00000 BAIJ yadav20
79.59000 29.64000 4.19162 32.01824 1.10000 0.30000 0.30000 1.40000 0.00000 0.00000 0.00000 KORA yadav20
79.56000 30.53000 4.45250 27.30953 3.90000 0.40000 0.50000 0.70000 0.00000 0.00000 0.00000 AULI yadav20
79.46000 29.38000 4.90482 33.48052 0.90000 0.10000 0.20000 0.40000 0.00000 0.00000 0.00000 NAIN yadav20
79.34000 30.38000 1.45944 27.54570 4.00000 0.10000 0.20000 0.50000 0.00000 0.00000 0.00000 HRMN yadav20
79.32000 29.41000 5.40385 33.13990 0.70000 0.30000 0.30000 0.70000 0.00000 0.00000 0.00000 KTBH yadav20
79.10000 29.64000 5.39352 34.37608 0.50000 0.10000 0.20000 0.60000 0.00000 0.00000 0.00000 KOTA yadav20
78.88000 30.17000 4.57043 33.61227 1.30000 0.10000 0.10000 0.80000 0.00000 0.00000 0.00000 KHIR yadav20
78.78000 31.04000 0.13667 23.58326 4.20000 0.10000 0.20000 0.70000 0.00000 0.00000 0.00000 DHAR yadav20
78.67000 29.89000 4.08400 32.45136 0.30000 0.30000 0.30000 1.00000 0.00000 0.00000 0.00000 GUMK yadav20
78.66000 30.55000 2.75584 30.84846 1.40000 0.10000 0.10000 0.70000 0.00000 0.00000 0.00000 BDKD yadav20
78.42000 30.96000 0.24170 26.77887 5.50000 0.10000 0.10000 0.40000 0.00000 0.00000 0.00000 PHOL yadav20
78.40000 30.46000 5.16104 33.57307 0.80000 0.40000 0.40000 0.30000 0.00000 0.00000 0.00000 KUNR yadav20
78.34000 30.21000 5.27185 32.65567 -0.20000 0.10000 0.30000 0.70000 0.00000 0.00000 0.00000 AGAR yadav20
78.34000 29.59000 5.00006 33.85567 -1.50000 0.40000 0.90000 1.80000 0.00000 0.00000 0.00000 NAJI yadav20
78.14000 30.79000 2.24988 31.49769 1.40000 0.10000 0.30000 0.50000 0.00000 0.00000 0.00000 SUNR yadav20
80.29000 29.57000 3.99331 31.82137 2.70000 0.50000 0.30000 1.20000 0.00000 0.00000 0.00000 PITH yadav20
80.24000 30.06000 2.87062 26.80685 7.80000 0.60000 0.30000 0.90000 0.00000 0.00000 0.00000 MUNS yadav20
78.60000 30.81000 16.54612 28.73106 -2.20000 0.30000 0.20000 0.40000 0.00000 0.00000 0.00000 RATH yadav20
79.08000 30.54000 12.05405 38.07028 0.80000 0.40000 0.30000 0.40000 0.00000 0.00000 0.00000 GUPT yadav20
